loss_s0134 accuracy_s0134 val_auc_s0134 precision_s0134 recall_s0134 f1_score_s0134 val_loss_s0134 val_accuracy_s0134 val_val_auc_s0134 val_precision_s0134 val_recall_s0134 val_f1_score_s0134
0.2177530825138092 0.9259254932403564 0.9738911986351013 0.9322249293327332 0.9181249737739563 0.9251211881637573 0.15064628422260284 0.9368022084236145 0.9961600303649902 0.9932218790054321 0.8791999816894531 0.9327391982078552
0.11121700704097748 0.9651992917060852 0.9921961426734924 0.961820125579834 0.968625009059906 0.965210497379303 0.06510185450315475 0.9839513301849365 0.9973165988922119 0.9784457087516785 0.9896000027656555 0.983991265296936
0.07822822034358978 0.9770113229751587 0.9957524538040161 0.9740811586380005 0.9799500107765198 0.977006733417511 0.16577817499637604 0.9073963165283203 0.9970042705535889 0.8450585007667542 0.996999979019165 0.9147628545761108
0.06740555167198181 0.9810109734535217 0.9966102242469788 0.9790577292442322 0.9829249978065491 0.980987548828125 0.05289462208747864 0.9869418144226074 0.9981422424316406 0.9802722334861755 0.9937999844551086 0.9869897365570068
0.05884838104248047 0.9836899042129517 0.9974210858345032 0.9824193716049194 0.9848999977111816 0.9836581349372864 0.044528719037771225 0.9895334839820862 0.9983983039855957 0.985904335975647 0.9932000041007996 0.9895387291908264
0.052574653178453445 0.986456036567688 0.9977900385856628 0.9862058758735657 0.9866250157356262 0.9864153861999512 0.04500207304954529 0.9870414733886719 0.998422384262085 0.9798974990844727 0.9944000244140625 0.9870955348014832
0.04801643267273903 0.987751841545105 0.9981206655502319 0.9874565601348877 0.987975001335144 0.9877157211303711 0.05461864545941353 0.9883373379707336 0.9984239339828491 0.9814631938934326 0.9954000115394592 0.9883825182914734
0.04319938272237778 0.9897454380989075 0.9983856678009033 0.9901168346405029 0.989300012588501 0.9897082448005676 0.034008465707302094 0.9930223226547241 0.9984776377677917 0.9939879775047302 0.9919999837875366 0.9929929971694946
0.039616066962480545 0.9906300902366638 0.9986162781715393 0.9912878274917603 0.9898999929428101 0.990593433380127 0.03512449562549591 0.9936203956604004 0.9988436102867126 0.9914376735687256 0.9958000183105469 0.9936140179634094
0.03658977895975113 0.991215705871582 0.9988945722579956 0.9921348690986633 0.9902250170707703 0.9911790490150452 0.03154905512928963 0.9942185282707214 0.9989800453186035 0.9920350313186646 0.996399998664856 0.9942127466201782
0.033891141414642334 0.9923246502876282 0.998853862285614 0.993088960647583 0.9915000200271606 0.9922938942909241 0.027422334998846054 0.995414674282074 0.9990721940994263 0.9959952235221863 0.9947999715805054 0.9953972697257996
0.032142262905836105 0.9926859736442566 0.9990158081054688 0.9936374425888062 0.9916750192642212 0.9926552772521973 0.03046325594186783 0.9948166012763977 0.998899519443512 0.9930251240730286 0.9965999722480774 0.9948093295097351
0.030380290001630783 0.993358850479126 0.9990983605384827 0.9943385124206543 0.9923250079154968 0.993330717086792 0.024542246013879776 0.9955143332481384 0.9991249442100525 0.9954009056091309 0.9955999851226807 0.9955004453659058
0.028557414188981056 0.9937326312065125 0.9992486834526062 0.9947143197059631 0.9926999807357788 0.9937061071395874 0.023223575204610825 0.9961124658584595 0.9991821646690369 0.9965965747833252 0.9955999851226807 0.9960980415344238
0.02810857817530632 0.9938073754310608 0.9992321729660034 0.9948638081550598 0.9926999807357788 0.9937806725502014 0.02595105953514576 0.9951156377792358 0.9991375207901001 0.9944078326225281 0.9958000183105469 0.9951034188270569
0.026100605726242065 0.9944802522659302 0.9993440508842468 0.9953665733337402 0.9935500025749207 0.9944574236869812 0.025021225214004517 0.9958133697509766 0.9992627501487732 0.9959983825683594 0.9955999851226807 0.9957991242408752
0.024783460423350334 0.9948664903640747 0.9993418455123901 0.9956678748130798 0.9940249919891357 0.9948456883430481 0.02219807542860508 0.9963117837905884 0.9993195533752441 0.9956061244010925 0.996999979019165 0.9963025450706482
0.023191694170236588 0.995477020740509 0.9994642734527588 0.996442973613739 0.9944750070571899 0.9954580664634705 0.02110012248158455 0.9965111613273621 0.9993895888328552 0.9971960783004761 0.9958000183105469 0.9964975714683533
0.022648898884654045 0.9957635998725891 0.9994633793830872 0.9965196251869202 0.9949749708175659 0.9957466721534729 0.02018670178949833 0.9968101978302002 0.9994894862174988 0.9973968863487244 0.9962000250816345 0.9967980980873108
0.020582983270287514 0.9961373805999756 0.9995080828666687 0.9969947338104248 0.9952499866485596 0.9961215853691101 0.019794076681137085 0.9964115023612976 0.9995267391204834 0.9981935024261475 0.9945999979972839 0.9963935017585754
0.02070971578359604 0.9960501790046692 0.9995502233505249 0.9969693422317505 0.9951000213623047 0.996033787727356 0.02018841914832592 0.9969099164009094 0.9994791746139526 0.9973974227905273 0.996399998664856 0.9968984723091125
0.019736498594284058 0.9961623549461365 0.9995514154434204 0.9972937703132629 0.9950000047683716 0.9961455464363098 0.019231721758842468 0.9968101978302002 0.9995265603065491 0.9969987869262695 0.9965999722480774 0.9967993497848511
0.01925716921687126 0.9963616728782654 0.9996121525764465 0.9971703290939331 0.9955250024795532 0.9963469505310059 0.01835744082927704 0.9970095753669739 0.9994462132453918 0.9973978996276855 0.9965999722480774 0.9969987869262695
0.019199742004275322 0.9964364767074585 0.9996019601821899 0.997096061706543 0.9957500100135803 0.9964225888252258 0.017615821212530136 0.9972089529037476 0.9996501803398132 0.9979968070983887 0.996399998664856 0.9971977472305298
0.018169978633522987 0.9966856241226196 0.9995682239532471 0.9974958896636963 0.9958500266075134 0.9966722130775452 0.017177414149045944 0.9971092343330383 0.9995484352111816 0.9968019127845764 0.9973999857902527 0.9971008896827698
0.01772584393620491 0.9967978000640869 0.9996324777603149 0.9974715113639832 0.9961000084877014 0.9967852830886841 0.016619212925434113 0.9975079894065857 0.9996445178985596 0.9977986812591553 0.9972000122070312 0.9974992275238037
0.017746638506650925 0.9969722032546997 0.9995443224906921 0.9973479509353638 0.9965749979019165 0.9969612956047058 0.01623908057808876 0.9977073073387146 0.9996621608734131 0.9981982111930847 0.9972000122070312 0.9976988434791565
0.01740967482328415 0.9969348311424255 0.9995928406715393 0.9973975419998169 0.9964500069618225 0.9969235062599182 0.016978992149233818 0.9974082708358765 0.9996496438980103 0.9985966086387634 0.9962000250816345 0.9973968267440796
0.01718476042151451 0.9969099164009094 0.9996541738510132 0.9975966215133667 0.9962000250816345 0.9968978762626648 0.015197539702057838 0.9977073073387146 0.9996658563613892 0.9983977675437927 0.996999979019165 0.9976983666419983
0.015829477459192276 0.9973958730697632 0.9996636509895325 0.998047411441803 0.9967250227928162 0.9973857402801514 0.016244154423475266 0.997308611869812 0.9995537996292114 0.9975985884666443 0.996999979019165 0.9972991943359375
0.015345735475420952 0.9975952506065369 0.999683141708374 0.9982227087020874 0.9969499707221985 0.9975858926773071 0.015952013432979584 0.9977073073387146 0.9995574355125427 0.9979987740516663 0.9973999857902527 0.9976992607116699
0.015104960650205612 0.9973958730697632 0.9997744560241699 0.99809730052948 0.9966750144958496 0.9973856210708618 0.016770480200648308 0.9971092343330383 0.999655544757843 0.9971994161605835 0.996999979019165 0.9970996975898743
0.015736853703856468 0.997096836566925 0.9996436834335327 0.9976971745491028 0.9964749813079834 0.9970857501029968 0.015346156433224678 0.9975079894065857 0.9996688961982727 0.9985969066619873 0.996399998664856 0.9974972605705261
0.015389589592814445 0.9972962141036987 0.9997127056121826 0.9979472756385803 0.9966250061988831 0.9972856640815735 0.015838749706745148 0.9975079894065857 0.9996379613876343 0.9979979991912842 0.996999979019165 0.9974987506866455
0.015525938011705875 0.9972214102745056 0.9996863603591919 0.9977725148200989 0.996649980545044 0.9972109794616699 0.014893332496285439 0.998106062412262 0.9996516108512878 0.9981996417045593 0.9980000257492065 0.9980998039245605
0.015193155035376549 0.9971715807914734 0.9997080564498901 0.9978470206260681 0.9964749813079834 0.9971604943275452 0.01545993983745575 0.9976076483726501 0.9995731711387634 0.9987971186637878 0.996399998664856 0.9975971579551697
0.014215664938092232 0.9975578188896179 0.9996955394744873 0.9980978965759277 0.996999979019165 0.9975486397743225 0.014935368672013283 0.9976076483726501 0.9995662569999695 0.9974010586738586 0.9977999925613403 0.9976004362106323
0.014638734981417656 0.9975204467773438 0.9997146129608154 0.9980478882789612 0.9969750046730042 0.9975111484527588 0.01598220318555832 0.9972089529037476 0.999657928943634 0.9985960721969604 0.9958000183105469 0.9971960783004761
0.014515864662826061 0.9973335862159729 0.9997358918190002 0.997748076915741 0.9969000220298767 0.9973238706588745 0.01640891283750534 0.9977073073387146 0.9996309280395508 0.9983977675437927 0.996999979019165 0.9976983666419983
0.014515523798763752 0.9973335862159729 0.9997040629386902 0.9979224801063538 0.9967250227928162 0.9973233938217163 0.014972344972193241 0.9976076483726501 0.9995704293251038 0.9979984164237976 0.9972000122070312 0.9975990056991577
0.013208786025643349 0.9977198243141174 0.9997681379318237 0.9983728528022766 0.9970499873161316 0.9977110028266907 0.013252796605229378 0.9979066848754883 0.9996621608734131 0.9983984231948853 0.9973999857902527 0.9978989958763123
0.013627517968416214 0.9977322816848755 0.999809980392456 0.9982730746269226 0.9971749782562256 0.9977236986160278 0.015024997293949127 0.9977073073387146 0.9995612502098083 0.9976004958152771 0.9977999925613403 0.9977002739906311
0.013338958844542503 0.9974581599235535 0.9997631311416626 0.9979479312896729 0.9969499707221985 0.997448742389679 0.014376827515661716 0.9980064034461975 0.9994556307792664 0.9980000257492065 0.9980000257492065 0.9980000257492065
0.0130930095911026 0.9975453615188599 0.999816358089447 0.9980480074882507 0.9970250129699707 0.9975361824035645 0.014612987637519836 0.9982057213783264 0.9995587468147278 0.998199999332428 0.998199999332428 0.998199999332428
0.013065406121313572 0.9975578188896179 0.999790608882904 0.9980729818344116 0.9970250129699707 0.9975486993789673 0.013871288858354092 0.9980064034461975 0.9995661377906799 0.9983987212181091 0.9976000189781189 0.9979991912841797
0.012704089283943176 0.9978818297386169 0.999772310256958 0.9983733892440796 0.9973750114440918 0.9978739619255066 0.014993350952863693 0.9978070259094238 0.999467670917511 0.9979991912841797 0.9976000189781189 0.9977995753288269
0.012703852728009224 0.9978194832801819 0.9997546672821045 0.9983482360839844 0.9972749948501587 0.9978113770484924 0.013762659393250942 0.9980064034461975 0.9995627999305725 0.9981992840766907 0.9977999925613403 0.9979995489120483
0.012600867077708244 0.9978319406509399 0.99981689453125 0.9984480738639832 0.9972000122070312 0.9978236556053162 0.013654030859470367 0.9982057213783264 0.9995709657669067 0.9989984035491943 0.9973999857902527 0.9981985688209534
0.012563060969114304 0.9978818297386169 0.999790370464325 0.9983983039855957 0.9973499774932861 0.997873842716217 0.013766473159193993 0.9977073073387146 0.9995599985122681 0.9976004958152771 0.9977999925613403 0.9977002739906311
0.012496604584157467 0.9979067444801331 0.9998070597648621 0.998598039150238 0.9972000122070312 0.997898519039154 0.01503688283264637 0.9976076483726501 0.9995461106300354 0.9972022175788879 0.9980000257492065 0.9976009130477905
0.01251633558422327 0.9977696537971497 0.9998183250427246 0.9983231425285339 0.9972000122070312 0.9977612495422363 0.01357667613774538 0.9979066848754883 0.9995712637901306 0.998198926448822 0.9976000189781189 0.9978994131088257
0.011836176738142967 0.99811851978302 0.9998003840446472 0.9984988570213318 0.9977250099182129 0.9981117248535156 0.015811273828148842 0.9976076483726501 0.9996567368507385 0.9983974099159241 0.9968000054359436 0.9975980520248413
0.011780868284404278 0.9979316592216492 0.9998291730880737 0.998348593711853 0.9975000023841858 0.9979240894317627 0.013440677896142006 0.9984050989151001 0.999676525592804 0.9989988207817078 0.9977999925613403 0.9983990788459778
0.011738191358745098 0.9979690313339233 0.9998025298118591 0.9984734058380127 0.9974499940872192 0.9979614019393921 0.014508186839520931 0.9978070259094238 0.9994587898254395 0.9974020719528198 0.998199999332428 0.9978008270263672
0.01179862953722477 0.998155951499939 0.9997492432594299 0.9984989762306213 0.9977999925613403 0.9981493353843689 0.01222557108849287 0.9983054399490356 0.9995656609535217 0.9989985823631287 0.9976000189781189 0.9982987642288208
0.011762138456106186 0.9977945685386658 0.9998745918273926 0.9982733130455017 0.9973000288009644 0.9977864623069763 0.018305310979485512 0.9966108202934265 0.9992337822914124 0.9983941912651062 0.9947999715805054 0.9965938925743103
0.011504372581839561 0.9981933236122131 0.9997746348381042 0.998573899269104 0.9977999925613403 0.9981868267059326 0.01286859530955553 0.9980064034461975 0.9996737837791443 0.9991980791091919 0.9968000054359436 0.9979975819587708
0.011617164127528667 0.9980686902999878 0.999761700630188 0.9985236525535583 0.9976000189781189 0.9980615973472595 0.014111512340605259 0.998106062412262 0.9995477199554443 0.998399019241333 0.9977999925613403 0.9980993866920471
0.01150443498045206 0.9980188608169556 0.9998352527618408 0.99842369556427 0.9976000189781189 0.9980117082595825 0.014445840381085873 0.998106062412262 0.999552845954895 0.998598575592041 0.9976000189781189 0.9980989694595337
0.011842643842101097 0.997894287109375 0.9998323917388916 0.9982237815856934 0.9975500106811523 0.9978867769241333 0.013422656804323196 0.9980064034461975 0.9995742440223694 0.9989979863166809 0.996999979019165 0.9979979991912842
0.011250115931034088 0.9981933236122131 0.9998015761375427 0.9986487627029419 0.9977250099182129 0.9981867074966431 0.012970508076250553 0.9979066848754883 0.9994763135910034 0.9979996085166931 0.9977999925613403 0.9978998303413391
0.011138706468045712 0.9980064034461975 0.999855637550354 0.9983488321304321 0.9976500272750854 0.9979993104934692 0.012439706362783909 0.998106062412262 0.9995775818824768 0.998399019241333 0.9977999925613403 0.9980993866920471
0.010810482315719128 0.998168408870697 0.9998559355735779 0.9984490871429443 0.9978749752044678 0.9981619119644165 0.012909555807709694 0.9980064034461975 0.999564528465271 0.997800886631012 0.998199999332428 0.9980003833770752
0.011423874646425247 0.9979565739631653 0.9998028874397278 0.9982988238334656 0.9976000189781189 0.9979492425918579 0.012637468054890633 0.998106062412262 0.999578595161438 0.9981996417045593 0.9980000257492065 0.9980998039245605
0.01085780467838049 0.9980686902999878 0.9998677372932434 0.9985735416412354 0.9975500106811523 0.9980615377426147 0.012920907698571682 0.9983054399490356 0.9995837807655334 0.9991985559463501 0.9973999857902527 0.9982984662055969
0.01021839864552021 0.9982556104660034 0.9998776316642761 0.998798668384552 0.9976999759674072 0.9982490539550781 0.01253710500895977 0.9982057213783264 0.9995825290679932 0.9987985491752625 0.9976000189781189 0.998198926448822
0.011167565360665321 0.9980811476707458 0.9997914433479309 0.9985985159873962 0.9975500106811523 0.9980739951133728 0.014086014591157436 0.9978070259094238 0.9996771812438965 0.9993980526924133 0.9962000250816345 0.9977964758872986
0.010559641756117344 0.9982182383537292 0.9998596906661987 0.9984243512153625 0.9980000257492065 0.9982120990753174 0.013705731369554996 0.9982057213783264 0.999577522277832 0.9987985491752625 0.9976000189781189 0.998198926448822
0.010464958846569061 0.9983677268028259 0.9998101592063904 0.9986492395401001 0.998075008392334 0.9983620643615723 0.013491738587617874 0.9978070259094238 0.9994763731956482 0.9972033500671387 0.9983999729156494 0.9978013038635254
0.010729022324085236 0.998155951499939 0.9998575448989868 0.9985488653182983 0.9977499842643738 0.9981493353843689 0.012880113907158375 0.9980064034461975 0.9996581673622131 0.9991980791091919 0.9968000054359436 0.9979975819587708
0.010502771474421024 0.9983428120613098 0.9998096823692322 0.9986491799354553 0.9980250000953674 0.9983370304107666 0.011977104470133781 0.9984050989151001 0.9994836449623108 0.9989988207817078 0.9977999925613403 0.9983990788459778
0.010420061647891998 0.9982556104660034 0.9998095035552979 0.9986489415168762 0.9978500008583069 0.998249351978302 0.011281286366283894 0.9985047578811646 0.9996770024299622 0.9985997080802917 0.9983999729156494 0.9984998106956482
0.010207592509686947 0.9984050989151001 0.9998746514320374 0.9987740516662598 0.9980250000953674 0.9983994364738464 0.01255341712385416 0.9985047578811646 0.9995829463005066 0.999398946762085 0.9976000189781189 0.9984986186027527
0.010252992622554302 0.9980936050415039 0.999822735786438 0.998399019241333 0.9977750182151794 0.9980869293212891 0.01175743993371725 0.9983054399490356 0.9996821880340576 0.9993986487388611 0.9972000122070312 0.9982980489730835
0.010528508573770523 0.9982556104660034 0.9998092651367188 0.9986239671707153 0.9978749752044678 0.998249351978302 0.014777707867324352 0.9979066848754883 0.9994339942932129 0.9979996085166931 0.9977999925613403 0.9978998303413391
0.009546387940645218 0.998442530632019 0.9998770356178284 0.9985995292663574 0.9982749819755554 0.998437225818634 0.011889079585671425 0.9984050989151001 0.9995676279067993 0.9989988207817078 0.9977999925613403 0.9983990788459778
0.010305154137313366 0.99811851978302 0.9998846054077148 0.9985736608505249 0.9976500272750854 0.9981116056442261 0.01135238353163004 0.9985047578811646 0.9996850490570068 0.999398946762085 0.9976000189781189 0.9984986186027527
0.00995125062763691 0.998430073261261 0.9998129606246948 0.9988490343093872 0.9980000257492065 0.9984243512153625 0.012201596982777119 0.9984050989151001 0.9994792342185974 0.9980015754699707 0.9987999796867371 0.9984005689620972
0.010028449818491936 0.9982306957244873 0.999910295009613 0.9987237453460693 0.9977250099182129 0.998224139213562 0.01183889526873827 0.998106062412262 0.9995852112770081 0.998399019241333 0.9977999925613403 0.9980993866920471
0.009706743061542511 0.9983054399490356 0.999889075756073 0.9986989498138428 0.9979000091552734 0.9982993006706238 0.012739194557070732 0.9982057213783264 0.9995691180229187 0.998199999332428 0.998199999332428 0.998199999332428
0.010016127489507198 0.9982805252075195 0.9998488426208496 0.99849933385849 0.9980499744415283 0.998274564743042 0.011828104965388775 0.9983054399490356 0.9995852708816528 0.9989985823631287 0.9976000189781189 0.9982987642288208
0.009490963071584702 0.9985795617103577 0.9998637437820435 0.9989242553710938 0.9982249736785889 0.9985744953155518 0.011659342795610428 0.9982057213783264 0.9996786713600159 0.9985988736152649 0.9977999925613403 0.9981992840766907
0.009558185003697872 0.9984549880027771 0.9998623728752136 0.9986993670463562 0.998199999332428 0.9984496235847473 0.022630495950579643 0.9952152967453003 0.9993152618408203 0.9985904097557068 0.9918000102043152 0.9951836466789246
0.009960155002772808 0.9982556104660034 0.9998259544372559 0.9986738562583923 0.997825026512146 0.9982492923736572 0.012166361324489117 0.9984050989151001 0.9996848106384277 0.9993987679481506 0.9973999857902527 0.9983983635902405
0.01021299883723259 0.9982431530952454 0.9998233914375305 0.9987237453460693 0.9977499842643738 0.9982365965843201 0.011322714388370514 0.9984050989151001 0.9994820356369019 0.9987990260124207 0.9980000257492065 0.9983993768692017
0.009709064848721027 0.9984674453735352 0.9998265504837036 0.998849093914032 0.998075008392334 0.9984618425369263 0.011661888100206852 0.9983054399490356 0.9995721578598022 0.9991985559463501 0.9973999857902527 0.9982984662055969
0.009079760871827602 0.9985546469688416 0.999890923500061 0.998924195766449 0.9981750249862671 0.9985495209693909 0.01134402398020029 0.9985047578811646 0.9995852112770081 0.9987992644309998 0.998199999332428 0.9984995126724243
0.009613779373466969 0.9983054399490356 0.999838650226593 0.9986740350723267 0.9979249835014343 0.9982993602752686 0.011394526809453964 0.9984050989151001 0.9995697736740112 0.9989988207817078 0.9977999925613403 0.9983990788459778
0.009436702355742455 0.9985795617103577 0.9998141527175903 0.9989991784095764 0.9981499910354614 0.9985743761062622 0.015427608042955399 0.9977073073387146 0.999453604221344 0.9993979334831238 0.9959999918937683 0.997696042060852
0.009307999163866043 0.9984799027442932 0.9999032020568848 0.9988741278648376 0.998075008392334 0.9984743595123291 0.011194582097232342 0.9983054399490356 0.9996799826622009 0.9987987875938416 0.9977999925613403 0.9982991218566895
0.009059972129762173 0.9984799027442932 0.9998797178268433 0.9987742900848389 0.9981750249862671 0.9984745979309082 0.011988276615738869 0.9982057213783264 0.999484121799469 0.9985988736152649 0.9977999925613403 0.9981992840766907
0.009278585202991962 0.998392641544342 0.9998668432235718 0.9987490773200989 0.9980250000953674 0.9983868598937988 0.011531166732311249 0.9986044764518738 0.9995844960212708 0.9991990327835083 0.9980000257492065 0.9985991716384888
0.009209497831761837 0.9984923601150513 0.9998791217803955 0.9987742900848389 0.998199999332428 0.998487114906311 0.011293448507785797 0.9986044764518738 0.9995782375335693 0.9989991784095764 0.998199999332428 0.9985994100570679
0.009425229392945766 0.9985172748565674 0.999839723110199 0.9988492131233215 0.9981750249862671 0.9985119700431824 0.010951487347483635 0.9985047578811646 0.9995776414871216 0.9989989995956421 0.9980000257492065 0.9984992742538452
0.009076675400137901 0.998380184173584 0.9998924732208252 0.998724102973938 0.9980250000953674 0.9983744025230408 0.01148479524999857 0.9985047578811646 0.9995663166046143 0.9984003305435181 0.9986000061035156 0.9985001683235168
0.009201908484101295 0.9985671043395996 0.9999017119407654 0.9989741444587708 0.9981499910354614 0.9985618591308594 0.011256547644734383 0.9983054399490356 0.9995790123939514 0.9982003569602966 0.9983999729156494 0.9983001351356506
0.009041020646691322 0.9984175562858582 0.9999409317970276 0.9987242221832275 0.9980999827384949 0.998412013053894 0.011753089725971222 0.9983054399490356 0.9995827674865723 0.9989985823631287 0.9976000189781189 0.9982987642288208
0.008939889259636402 0.9985421895980835 0.9999055862426758 0.9988742470741272 0.998199999332428 0.998537003993988 0.01500758808106184 0.9976076483726501 0.9995545744895935 0.9981978535652161 0.996999979019165 0.9975985884666443
0.009319324977695942 0.998380184173584 0.9998909831047058 0.9986991286277771 0.9980499744415283 0.9983744621276855 0.012101525440812111 0.9977073073387146 0.9996755719184875 0.9977995753288269 0.9976000189781189 0.9976997971534729
0.009523585438728333 0.9983428120613098 0.9998278617858887 0.9986491799354553 0.9980250000953674 0.9983370304107666 0.011112136766314507 0.998106062412262 0.9995808005332947 0.998598575592041 0.9976000189781189 0.9980989694595337
0.008826881647109985 0.9986169338226318 0.9998955726623535 0.9989742636680603 0.9982500076293945 0.9986119866371155 0.011501004919409752 0.9983054399490356 0.9995808005332947 0.9983996748924255 0.998199999332428 0.9982998371124268
0.009156057611107826 0.9984175562858582 0.9998183846473694 0.9988989233970642 0.9979249835014343 0.9984117150306702 0.011344552971422672 0.998106062412262 0.9994819760322571 0.998399019241333 0.9977999925613403 0.9980993866920471
0.009074285626411438 0.998654305934906 0.999855101108551 0.9989743232727051 0.998324990272522 0.998649537563324 0.011269927024841309 0.9984050989151001 0.9994874000549316 0.9987990260124207 0.9980000257492065 0.9983993768692017
0.008796638809144497 0.998641848564148 0.9998690485954285 0.9988994002342224 0.9983749985694885 0.9986371397972107 0.011132531799376011 0.9983054399490356 0.999580979347229 0.9985991716384888 0.9980000257492065 0.9982994794845581
0.009308460168540478 0.9982929825782776 0.9998900294303894 0.9986739754676819 0.9979000091552734 0.9982869029045105 0.011578289791941643 0.9983054399490356 0.9996621608734131 0.997802197933197 0.9987999796867371 0.9983008503913879
0.00923170242458582 0.9984799027442932 0.999853789806366 0.9989739656448364 0.9979749917984009 0.9984742403030396 0.011665540747344494 0.9983054399490356 0.9994638562202454 0.9983996748924255 0.998199999332428 0.9982998371124268
0.009427483193576336 0.9984549880027771 0.999851405620575 0.9989239573478699 0.9979749917984009 0.9984493255615234 0.011340898461639881 0.9986044764518738 0.9995874762535095 0.9991990327835083 0.9980000257492065 0.9985991716384888
0.009006703272461891 0.998430073261261 0.9998562335968018 0.9987990856170654 0.9980499744415283 0.9984243512153625 0.014661419205367565 0.9978070259094238 0.9994523525238037 0.9972033500671387 0.9983999729156494 0.9978013038635254
0.008658120408654213 0.9987664818763733 0.9998692274093628 0.9991243481636047 0.9983999729156494 0.9987620711326599 0.011202950961887836 0.9983054399490356 0.9996824264526367 0.9991985559463501 0.9973999857902527 0.9982984662055969
0.008451024070382118 0.9986792206764221 0.9998842477798462 0.9988246560096741 0.9985250234603882 0.9986748099327087 0.011322109028697014 0.998106062412262 0.9996691942214966 0.997403621673584 0.9987999796867371 0.9981012940406799
0.008534750901162624 0.9985671043395996 0.9999064207077026 0.998874306678772 0.9982500076293945 0.9985620379447937 0.010787258855998516 0.9986044764518738 0.999575674533844 0.9984006285667419 0.9987999796867371 0.9986002445220947
0.008890454657375813 0.998442530632019 0.9998655915260315 0.9987741708755493 0.9980999827384949 0.9984369874000549 0.010262097232043743 0.9986044764518738 0.999586284160614 0.9987995028495789 0.9983999729156494 0.998599648475647
0.008950572460889816 0.9985795617103577 0.9998670220375061 0.9987994432449341 0.9983500242233276 0.9985746741294861 0.010519915260374546 0.9985047578811646 0.9995750188827515 0.9987992644309998 0.998199999332428 0.9984995126724243
0.009273319505155087 0.9982929825782776 0.9998542666435242 0.9986739754676819 0.9979000091552734 0.9982869029045105 0.01049767341464758 0.9985047578811646 0.999582052230835 0.9985997080802917 0.9983999729156494 0.9984998106956482
0.00825770478695631 0.998641848564148 0.9999223947525024 0.9989493489265442 0.998324990272522 0.9986370801925659 0.010952966287732124 0.9980064034461975 0.9997789859771729 0.9980000257492065 0.9980000257492065 0.9980000257492065
0.008840150199830532 0.9985546469688416 0.9999033808708191 0.9987744688987732 0.998324990272522 0.9985496997833252 0.010846907272934914 0.9985047578811646 0.9995738863945007 0.999198853969574 0.9977999925613403 0.9984989762306213
0.00887809507548809 0.9984674453735352 0.9998916983604431 0.9989489912986755 0.9979749917984009 0.9984617829322815 0.010164096020162106 0.9983054399490356 0.9996805191040039 0.9987987875938416 0.9977999925613403 0.9982991218566895
0.008306900039315224 0.998654305934906 0.9998965263366699 0.9990242719650269 0.9982749819755554 0.9986494779586792 0.010281694121658802 0.9987041354179382 0.9995880722999573 0.998799741268158 0.9986000061035156 0.9986998438835144
0.008883110247552395 0.9986792206764221 0.9998289942741394 0.9990493059158325 0.9983000159263611 0.9986745715141296 0.009512720629572868 0.9984050989151001 0.9996869564056396 0.9989988207817078 0.9977999925613403 0.9983990788459778
0.008556677959859371 0.9985546469688416 0.9998945593833923 0.9987494945526123 0.9983500242233276 0.99854975938797 0.012629067525267601 0.9978070259094238 0.9996715188026428 0.9985977411270142 0.996999979019165 0.9977982640266418
0.008074896410107613 0.9987041354179382 0.999911367893219 0.9989994168281555 0.9983999729156494 0.9986996650695801 0.013231948018074036 0.9983054399490356 0.9995753765106201 0.9993986487388611 0.9972000122070312 0.9982980489730835
0.00846296176314354 0.9986293911933899 0.9999203085899353 0.999049186706543 0.998199999332428 0.9986244440078735 0.010454155504703522 0.9984050989151001 0.9995893836021423 0.9987990260124207 0.9980000257492065 0.9983993768692017
0.008928464725613594 0.998430073261261 0.9999017715454102 0.9987990856170654 0.9980499744415283 0.9984243512153625 0.01125884149223566 0.9982057213783264 0.9996816515922546 0.9987985491752625 0.9976000189781189 0.998198926448822
0.008678720332682133 0.9986293911933899 0.9998666048049927 0.9988495111465454 0.9983999729156494 0.9986246824264526 0.011455507017672062 0.998106062412262 0.9996803402900696 0.998399019241333 0.9977999925613403 0.9980993866920471
0.00833077821880579 0.998641848564148 0.999872624874115 0.9989743232727051 0.9983000159263611 0.9986370205879211 0.011113390326499939 0.9982057213783264 0.9995788335800171 0.9980008006095886 0.9983999729156494 0.9982003569602966
0.008088656701147556 0.9988412261009216 0.9998839497566223 0.9991494417190552 0.9985250234603882 0.9988371133804321 0.010702377185225487 0.9983054399490356 0.9995831251144409 0.9985991716384888 0.9980000257492065 0.9982994794845581
0.008571717888116837 0.9987166523933411 0.9998041391372681 0.9990993142127991 0.998324990272522 0.9987119436264038 0.011071489192545414 0.9984050989151001 0.9996723532676697 0.9989988207817078 0.9977999925613403 0.9983990788459778
0.008792329579591751 0.998430073261261 0.9998927116394043 0.9987491965293884 0.9980999827384949 0.9984244704246521 0.010196821764111519 0.9987041354179382 0.999687671661377 0.9993991851806641 0.9980000257492065 0.9986991286277771
0.008382675237953663 0.9987291097640991 0.9998838901519775 0.9989495277404785 0.9984999895095825 0.9987246990203857 0.009787263348698616 0.9986044764518738 0.9996812343597412 0.9989991784095764 0.998199999332428 0.9985994100570679
0.008530301973223686 0.9985546469688416 0.9999037384986877 0.9989741444587708 0.9981250166893005 0.9985494017601013 0.011646678671240807 0.9983054399490356 0.9997522830963135 0.9991985559463501 0.9973999857902527 0.9982984662055969
0.007828415371477604 0.998654305934906 0.9999364018440247 0.998999297618866 0.9983000159263611 0.998649537563324 0.010833934880793095 0.9982057213783264 0.9996796250343323 0.9978017807006836 0.9986000061035156 0.9982007741928101
0.008261928334832191 0.9986916780471802 0.9999315142631531 0.9990243315696716 0.9983500242233276 0.9986870884895325 0.010482254438102245 0.9980064034461975 0.9996857047080994 0.9985983371734619 0.9973999857902527 0.9979987740516663
0.008272654376924038 0.9986169338226318 0.9998853802680969 0.9989992380142212 0.9982249736785889 0.9986119866371155 0.0104189058765769 0.9982057213783264 0.999684751033783 0.9985988736152649 0.9977999925613403 0.9981992840766907
0.008095970377326012 0.9986293911933899 0.9998719692230225 0.9988245368003845 0.9984250068664551 0.9986246824264526 0.013350792229175568 0.9977073073387146 0.9995604753494263 0.9983977675437927 0.996999979019165 0.9976983666419983
0.008227268233895302 0.9986792206764221 0.9998971223831177 0.9991492033004761 0.998199999332428 0.9986743927001953 0.010851224884390831 0.998106062412262 0.9996863603591919 0.9987983107566833 0.9973999857902527 0.998098611831665
0.00817197933793068 0.9986916780471802 0.9998716115951538 0.9990742802619934 0.9983000159263611 0.9986869692802429 0.01107677910476923 0.9983054399490356 0.999686598777771 0.9991985559463501 0.9973999857902527 0.9982984662055969
0.007476401049643755 0.9988785982131958 0.9999263286590576 0.9990246891975403 0.9987249970436096 0.998874843120575 0.0112383421510458 0.9983054399490356 0.9996848106384277 0.9993986487388611 0.9972000122070312 0.9982980489730835
0.007929612882435322 0.9987041354179382 0.9998969435691833 0.9989744424819946 0.9984250068664551 0.9986996650695801 0.011865801177918911 0.9980064034461975 0.9996813535690308 0.9989979863166809 0.996999979019165 0.9979979991912842
0.008136340416967869 0.9987041354179382 0.9998720288276672 0.9989994168281555 0.9983999729156494 0.9986996650695801 0.011072480119764805 0.9984050989151001 0.999675452709198 0.9991987347602844 0.9976000189781189 0.9983987212181091
0.007730449084192514 0.9987415671348572 0.9999242424964905 0.9989994764328003 0.9984750151634216 0.9987372159957886 0.011194841004908085 0.9983054399490356 0.999580442905426 0.9989985823631287 0.9976000189781189 0.9982987642288208
0.008151071146130562 0.998641848564148 0.9998723864555359 0.9988994002342224 0.9983749985694885 0.9986371397972107 0.010372189804911613 0.9982057213783264 0.9996663928031921 0.9989984035491943 0.9973999857902527 0.9981985688209534
0.00799555517733097 0.998654305934906 0.9999465942382812 0.998999297618866 0.9983000159263611 0.998649537563324 0.010545480065047741 0.9984050989151001 0.9994874000549316 0.9985994100570679 0.998199999332428 0.9983996152877808
0.008201018907129765 0.9985920190811157 0.999870240688324 0.9989991784095764 0.9981750249862671 0.9985869526863098 0.01112368144094944 0.9984050989151001 0.9996860027313232 0.9993987679481506 0.9973999857902527 0.9983983635902405
0.008520657196640968 0.9984050989151001 0.9999330043792725 0.9986992478370667 0.9980999827384949 0.9983994960784912 0.010751443915069103 0.9984050989151001 0.9996868371963501 0.9993987679481506 0.9973999857902527 0.9983983635902405
0.008052815683186054 0.9985671043395996 0.9999107718467712 0.9988992810249329 0.9982249736785889 0.9985620379447937 0.010945490561425686 0.9979066848754883 0.9994691610336304 0.9974026083946228 0.9983999729156494 0.9979010224342346
0.007438566070050001 0.9987789392471313 0.9999632835388184 0.9990744590759277 0.9984750151634216 0.9987746477127075 0.009810404852032661 0.9985047578811646 0.999588131904602 0.999198853969574 0.9977999925613403 0.9984989762306213
0.008217820897698402 0.998654305934906 0.9998818039894104 0.998999297618866 0.9983000159263611 0.998649537563324 0.010784578509628773 0.9978070259094238 0.9996814131736755 0.9981985688209534 0.9973999857902527 0.9977991580963135
0.007793634198606014 0.9987166523933411 0.99989914894104 0.9990243911743164 0.9983999729156494 0.9987120628356934 0.009855500422418118 0.9984050989151001 0.999680757522583 0.9985994100570679 0.998199999332428 0.9983996152877808
0.00771640008315444 0.9988412261009216 0.9998633861541748 0.9990745782852173 0.9986000061035156 0.9988372325897217 0.01014744583517313 0.9983054399490356 0.99957674741745 0.9991985559463501 0.9973999857902527 0.9982984662055969
0.007456821855157614 0.9989035129547119 0.9999256730079651 0.9992494583129883 0.9985499978065491 0.9988996386528015 0.00936239305883646 0.9986044764518738 0.9996852278709412 0.9986000061035156 0.9986000061035156 0.9986000061035156
0.007631376385688782 0.9988163113594055 0.9998987913131714 0.9991744160652161 0.998449981212616 0.9988120198249817 0.010246912017464638 0.9985047578811646 0.9996795654296875 0.9987992644309998 0.998199999332428 0.9984995126724243
0.007853830233216286 0.9986792206764221 0.9998977184295654 0.9989993572235107 0.9983500242233276 0.9986746311187744 0.010775512084364891 0.9985047578811646 0.9995852708816528 0.9982010722160339 0.9987999796867371 0.998500406742096
0.007818389683961868 0.9986169338226318 0.9999116063117981 0.9989492893218994 0.9982749819755554 0.9986119866371155 0.010332450270652771 0.9984050989151001 0.9996842741966248 0.9991987347602844 0.9976000189781189 0.9983987212181091
0.007498557213693857 0.9988661408424377 0.9998990297317505 0.9992244243621826 0.9984999895095825 0.998862087726593 0.01046361681073904 0.9983054399490356 0.9994880557060242 0.9982003569602966 0.9983999729156494 0.9983001351356506
0.007471093442291021 0.9987913966178894 0.9999259114265442 0.9990744590759277 0.9984999895095825 0.9987871050834656 0.010708567686378956 0.9983054399490356 0.99966961145401 0.9989985823631287 0.9976000189781189 0.9982987642288208
0.007626122795045376 0.9988412261009216 0.9998859763145447 0.9991244673728943 0.9985499978065491 0.9988371133804321 0.010641133412718773 0.9983054399490356 0.9994894862174988 0.9982003569602966 0.9983999729156494 0.9983001351356506
0.007805233355611563 0.998641848564148 0.9998850226402283 0.9989493489265442 0.998324990272522 0.9986370801925659 0.009808571077883244 0.9984050989151001 0.999680757522583 0.9993987679481506 0.9973999857902527 0.9983983635902405
0.007714805193245411 0.9987789392471313 0.9998982548713684 0.999024510383606 0.9985250234603882 0.9987747073173523 0.009762968868017197 0.9983054399490356 0.9995827674865723 0.9982003569602966 0.9983999729156494 0.9983001351356506
0.007917787879705429 0.9987540245056152 0.9998976588249207 0.9990993738174438 0.9983999729156494 0.9987495541572571 0.00980108417570591 0.9986044764518738 0.999587893486023 0.9986000061035156 0.9986000061035156 0.9986000061035156
0.00748030748218298 0.9987789392471313 0.9999243021011353 0.9990494847297668 0.9984999895095825 0.9987746477127075 0.010401436127722263 0.9985047578811646 0.9994798898696899 0.9987992644309998 0.998199999332428 0.9984995126724243
0.00810589175671339 0.9985795617103577 0.9998970031738281 0.9987994432449341 0.9983500242233276 0.9985746741294861 0.01143164187669754 0.9982057213783264 0.9995840787887573 0.9991983771324158 0.9972000122070312 0.9981982111930847
0.0074872951954603195 0.9988412261009216 0.9999229907989502 0.9990995526313782 0.99857497215271 0.9988372325897217 0.01359090581536293 0.997308611869812 0.9994603991508484 0.9960103631019592 0.9986000061035156 0.9973035454750061
0.007573065347969532 0.9987415671348572 0.9998877644538879 0.9989495277404785 0.9985250234603882 0.9987372159957886 0.009944643825292587 0.9987041354179382 0.9995784759521484 0.9989994168281555 0.9983999729156494 0.9986996650695801
0.007996938191354275 0.9986169338226318 0.9999089241027832 0.9989243149757385 0.9983000159263611 0.998612105846405 0.011286917142570019 0.998106062412262 0.9995880126953125 0.998598575592041 0.9976000189781189 0.9980989694595337
0.007383896969258785 0.9988412261009216 0.9998889565467834 0.9991494417190552 0.9985250234603882 0.9988371133804321 0.012161357328295708 0.998106062412262 0.9993764162063599 0.9972050189971924 0.9990000128746033 0.9981017112731934
0.007577214390039444 0.9987415671348572 0.9999127984046936 0.999074399471283 0.9983999729156494 0.9987370371818542 0.010519293136894703 0.9982057213783264 0.9995866417884827 0.9980008006095886 0.9983999729156494 0.9982003569602966
0.007830223068594933 0.998654305934906 0.9999100565910339 0.9989493489265442 0.9983500242233276 0.998649537563324 0.01061064563691616 0.9983054399490356 0.9995861649513245 0.9991985559463501 0.9973999857902527 0.9982984662055969
0.00735599547624588 0.9988412261009216 0.9999242424964905 0.9991744160652161 0.9984999895095825 0.9988370537757874 0.010646263137459755 0.9985047578811646 0.9995641112327576 0.9987992644309998 0.998199999332428 0.9984995126724243
0.007040311582386494 0.9989907145500183 0.9999139904975891 0.9992995858192444 0.9986749887466431 0.9989871978759766 0.010945126414299011 0.9984050989151001 0.9994862079620361 0.9987990260124207 0.9980000257492065 0.9983993768692017
0.00723346509039402 0.9988536834716797 0.9999374747276306 0.9991994500160217 0.9984999895095825 0.9988495707511902 0.009855560027062893 0.9986044764518738 0.9994878172874451 0.9987995028495789 0.9983999729156494 0.998599648475647
0.007037925533950329 0.9988287687301636 0.9999141097068787 0.9992743730545044 0.9983749985694885 0.9988244771957397 0.011664829216897488 0.998106062412262 0.9993778467178345 0.9976024031639099 0.9986000061035156 0.9981009364128113
0.007561455015093088 0.9987041354179382 0.9999003410339355 0.9990742802619934 0.998324990272522 0.9986994862556458 0.011004545725882053 0.9986044764518738 0.999561607837677 0.9987995028495789 0.9983999729156494 0.998599648475647
0.007262036204338074 0.9988287687301636 0.9999388456344604 0.9991244673728943 0.9985250234603882 0.9988247156143188 0.010902571491897106 0.9986044764518738 0.9995860457420349 0.9991990327835083 0.9980000257492065 0.9985991716384888
0.007160607259720564 0.9988038539886475 0.9999269247055054 0.9991743564605713 0.9984250068664551 0.9987995624542236 0.009623116813600063 0.9984050989151001 0.9994860291481018 0.9985994100570679 0.998199999332428 0.9983996152877808
0.006981892045587301 0.9988910555839539 0.9999277591705322 0.9991495609283447 0.9986249804496765 0.9988871812820435 0.010728269815444946 0.9985047578811646 0.9994885325431824 0.9989989995956421 0.9980000257492065 0.9984992742538452
0.0068933055736124516 0.998928427696228 0.9999390244483948 0.9993244409561157 0.9985250234603882 0.9989246129989624 0.010063350200653076 0.9985047578811646 0.999482274055481 0.9987992644309998 0.998199999332428 0.9984995126724243
0.0076642162166535854 0.998654305934906 0.9998743534088135 0.9989743232727051 0.998324990272522 0.998649537563324 0.009079876355826855 0.9985047578811646 0.9996816515922546 0.9984003305435181 0.9986000061035156 0.9985001683235168
0.007305549923330545 0.9988287687301636 0.9999014735221863 0.9990495443344116 0.9986000061035156 0.9988247156143188 0.009549185633659363 0.9984050989151001 0.9995870590209961 0.9983999729156494 0.9983999729156494 0.9983999729156494
0.007299606688320637 0.9986792206764221 0.9998885989189148 0.9989993572235107 0.9983500242233276 0.9986746311187744 0.011283088475465775 0.9985047578811646 0.9993883371353149 0.9984003305435181 0.9986000061035156 0.9985001683235168
0.007285901810973883 0.9988412261009216 0.999923586845398 0.9991744160652161 0.9984999895095825 0.9988370537757874 0.010920153930783272 0.9987041354179382 0.9994896650314331 0.9991992115974426 0.998199999332428 0.9986993670463562
0.006974213290959597 0.9988536834716797 0.9999144077301025 0.9992244243621826 0.9984750151634216 0.9988495707511902 0.01084948144853115 0.9985047578811646 0.9994824528694153 0.9985997080802917 0.9983999729156494 0.9984998106956482
0.007081551011651754 0.998928427696228 0.9999023079872131 0.9991745948791504 0.9986749887466431 0.998924732208252 0.010821158066391945 0.9986044764518738 0.9994909763336182 0.9991990327835083 0.9980000257492065 0.9985991716384888
0.007197634316980839 0.9988287687301636 0.9998892545700073 0.9990994930267334 0.9985499978065491 0.9988247156143188 0.011396892368793488 0.9985047578811646 0.9995765686035156 0.9987992644309998 0.998199999332428 0.9984995126724243
0.007179714739322662 0.9988287687301636 0.9998884201049805 0.9990246295928955 0.9986249804496765 0.9988247752189636 0.010918763466179371 0.9985047578811646 0.9994895458221436 0.9985997080802917 0.9983999729156494 0.9984998106956482
0.007433284539729357 0.9987291097640991 0.9998891949653625 0.9989745020866394 0.9984750151634216 0.9987246990203857 0.011129573918879032 0.9985047578811646 0.9994893074035645 0.9985997080802917 0.9983999729156494 0.9984998106956482
0.007286647334694862 0.9988785982131958 0.9999111890792847 0.9991994500160217 0.9985499978065491 0.9988746047019958 0.009939134120941162 0.9983054399490356 0.9995893836021423 0.9983996748924255 0.998199999332428 0.9982998371124268
0.007038217969238758 0.9988661408424377 0.9999393820762634 0.9991495013237 0.99857497215271 0.998862087726593 0.010447676293551922 0.9982057213783264 0.9994825124740601 0.998199999332428 0.998199999332428 0.998199999332428
0.006997355259954929 0.9989408850669861 0.999901294708252 0.9991496205329895 0.9987249970436096 0.9989372491836548 0.01014738716185093 0.9986044764518738 0.9994872212409973 0.9986000061035156 0.9986000061035156 0.9986000061035156
0.006950386334210634 0.9989907145500183 0.9999147057533264 0.9992495775222778 0.9987249970436096 0.9989871978759766 0.010877193883061409 0.998106062412262 0.9994890093803406 0.998598575592041 0.9976000189781189 0.9980989694595337
0.0070322840474545956 0.9988287687301636 0.9998897910118103 0.9989746809005737 0.9986749887466431 0.9988248348236084 0.011631644330918789 0.998106062412262 0.9995859265327454 0.9978013038635254 0.9983999729156494 0.9981005191802979
0.007429910358041525 0.9988536834716797 0.9998620748519897 0.9991744756698608 0.9985250234603882 0.998849630355835 0.010281999595463276 0.9985047578811646 0.9994879364967346 0.9989989995956421 0.9980000257492065 0.9984992742538452
0.006652170326560736 0.9989907145500183 0.9999027252197266 0.999374508857727 0.9986000061035156 0.9989871382713318 0.010649777948856354 0.9984050989151001 0.9994859099388123 0.9985994100570679 0.998199999332428 0.9983996152877808
0.0066191768273711205 0.9990530610084534 0.9999406933784485 0.9992996454238892 0.9987999796867371 0.9990497827529907 0.009927666746079922 0.9987041354179382 0.9994892477989197 0.998799741268158 0.9986000061035156 0.9986998438835144
0.007589289918541908 0.9987166523933411 0.9998970031738281 0.9990743398666382 0.9983500242233276 0.9987120628356934 0.010362756438553333 0.9986044764518738 0.9994890093803406 0.9989991784095764 0.998199999332428 0.9985994100570679
0.007663640659302473 0.9987540245056152 0.9999081492424011 0.9990494251251221 0.998449981212616 0.9987496137619019 0.011158843524754047 0.9983054399490356 0.9994810819625854 0.997802197933197 0.9987999796867371 0.9983008503913879
0.006607131566852331 0.9989657998085022 0.9999299645423889 0.9993245005607605 0.9986000061035156 0.9989621043205261 0.010912129655480385 0.9984050989151001 0.9995817542076111 0.9985994100570679 0.998199999332428 0.9983996152877808
0.007234673947095871 0.9987789392471313 0.9998752474784851 0.999024510383606 0.9985250234603882 0.9987747073173523 0.012610862962901592 0.9982057213783264 0.9995606541633606 0.997404158115387 0.9990000128746033 0.9982014894485474
0.006950155831873417 0.998928427696228 0.9998888373374939 0.9991496205329895 0.9987000226974487 0.9989247918128967 0.009432326070964336 0.9988038539886475 0.999586820602417 0.9991993308067322 0.9983999729156494 0.9987994432449341
0.007071346044540405 0.9988661408424377 0.9999247789382935 0.9990995526313782 0.9986249804496765 0.9988622069358826 0.010868990793824196 0.9987041354179382 0.9994901418685913 0.9982017874717712 0.9991999864578247 0.9987006783485413
0.0073316371999681 0.9987540245056152 0.9999125599861145 0.9990993738174438 0.9983999729156494 0.9987495541572571 0.01179957203567028 0.9983054399490356 0.9995694756507874 0.998001217842102 0.9986000061035156 0.9983005523681641
