loss_s0992 accuracy_s0992 auc_s0992 precision_s0992 recall_s0992 f1_score_s0992 val_loss_s0992 val_accuracy_s0992 val_auc_s0992 val_precision_s0992 val_recall_s0992 val_f1_score_s0992 test_loss_s0992 test_accuracy_s0992 test_auc_s0992 test_precision_s0992 test_recall_s0992 test_f1_score_s0992 test_f_score_s0992
0.16471143066883087 0.9763328433036804 0.9957858324050903 0.9835516214370728 0.9686999917030334 0.9760692715644836 0.10457954555749893 0.9920271039009094 0.9982858896255493 0.9861660003662109 0.9980000257492065 0.9920477271080017 0.10356847196817398 0.9908329844474792 0.9988369345664978 0.9857482314109802 0.9959999918937683 0.9908475875854492 0.9908475875854492
0.07204562425613403 0.9922271966934204 0.998773992061615 0.994226336479187 0.990149974822998 0.9921839833259583 0.05541585758328438 0.9964122176170349 0.9989178776741028 0.9952114820480347 0.9976000189781189 0.9964043498039246 0.056509170681238174 0.9944201111793518 0.9994199275970459 0.9947958588600159 0.9940000176429749 0.994397759437561 0.994397759437561
0.05687078833580017 0.9928998351097107 0.9987717270851135 0.9949289560317993 0.9908000230789185 0.9928601980209351 0.0530010461807251 0.9958142042160034 0.9991124272346497 0.9948104023933411 0.9968000054359436 0.9958042502403259 0.05306914821267128 0.9940215349197388 0.9989227652549744 0.9947916865348816 0.9932000041007996 0.993995189666748 0.993995189666748
0.04800176993012428 0.993796706199646 0.9989511966705322 0.9955341219902039 0.9919999837875366 0.9937639236450195 0.044765301048755646 0.9944189786911011 0.9993483424186707 0.9963855147361755 0.9923999905586243 0.9943887591362 0.04797445237636566 0.9936229586601257 0.9984297156333923 0.9971796870231628 0.9900000095367432 0.9935768246650696 0.9935768246650696
0.04413997381925583 0.9936721324920654 0.9988963603973389 0.9949368238449097 0.9923499822616577 0.99364173412323 0.04009607806801796 0.996212899684906 0.9986999034881592 0.9952095746994019 0.9972000122070312 0.9962037801742554 0.039628587663173676 0.995416522026062 0.99948650598526 0.9967910051345825 0.9940000176429749 0.9953935146331787 0.9953935146331787
0.04100756719708443 0.9938963651657104 0.9988701939582825 0.9958335161209106 0.9919000267982483 0.9938628077507019 0.037690870463848114 0.9958142042160034 0.9988070130348206 0.9952057600021362 0.996399998664856 0.9958025217056274 0.037104532122612 0.995017945766449 0.9990313053131104 0.9963898658752441 0.9936000108718872 0.9949930310249329 0.9949930310249329
0.03965054452419281 0.9942949414253235 0.9988149404525757 0.9960359334945679 0.9925000071525574 0.9942648410797119 0.03675675764679909 0.996212899684906 0.9986802935600281 0.9948145151138306 0.9976000189781189 0.9962053894996643 0.036705560982227325 0.9952172040939331 0.9991162419319153 0.9948041439056396 0.9955999851226807 0.9952019453048706 0.9952019453048706
0.038391802459955215 0.9942949414253235 0.9988598823547363 0.9957871437072754 0.9927499890327454 0.9942662715911865 0.034134332090616226 0.9958142042160034 0.9991766214370728 0.9959983825683594 0.9955999851226807 0.9957991242408752 0.03449517861008644 0.9948186278343201 0.9994181394577026 0.9967871308326721 0.9927999973297119 0.9947896003723145 0.9947896003723145
0.03701179102063179 0.9942202568054199 0.9989219307899475 0.9957864880561829 0.9926000237464905 0.9941906929016113 0.03456372395157814 0.9966115355491638 0.9987438321113586 0.9956088066101074 0.9976000189781189 0.9966034293174744 0.03293986618518829 0.9960143566131592 0.9995359182357788 0.9971932768821716 0.9947999715805054 0.9959952235221863 0.9959952235221863
0.03457554429769516 0.9945440888404846 0.9991436004638672 0.99623703956604 0.9927999973297119 0.994515597820282 0.0334574319422245 0.9948176145553589 0.9988349080085754 0.9959903955459595 0.9936000108718872 0.9947937726974487 0.03477531671524048 0.9942207932472229 0.9986615777015686 0.9975835680961609 0.9908000230789185 0.9941802620887756 0.9941802620887756
0.035005174577236176 0.9942202568054199 0.9990105628967285 0.9956870675086975 0.9926999807357788 0.9941912293434143 0.03496212139725685 0.996212899684906 0.9986865520477295 0.9948145151138306 0.9976000189781189 0.9962053894996643 0.03383542224764824 0.9958150386810303 0.9991820454597473 0.9963956475257874 0.995199978351593 0.9957974553108215 0.9957974553108215
0.03406115993857384 0.9945440888404846 0.9990707039833069 0.9961872100830078 0.9928500056266785 0.9945157766342163 0.03269192948937416 0.9964122176170349 0.9986749291419983 0.9952114820480347 0.9976000189781189 0.9964043498039246 0.031735774129629135 0.9956157803535461 0.9988896250724792 0.9955999851226807 0.9955999851226807 0.9955999851226807 0.9955999851226807
0.032480139285326004 0.9947932362556458 0.9991774559020996 0.9961891174316406 0.9933500289916992 0.9947675466537476 0.034801919013261795 0.9960135817527771 0.998690128326416 0.993630588054657 0.9983999729156494 0.9960095286369324 0.03353877738118172 0.995017945766449 0.998988687992096 0.9940119981765747 0.9959999918937683 0.9950050115585327 0.9950050115585327
0.03259507566690445 0.9946935772895813 0.9989055395126343 0.9965868592262268 0.9927499890327454 0.99466472864151 0.03542919456958771 0.9960135817527771 0.9988498091697693 0.9940239191055298 0.9980000257492065 0.996008038520813 0.03331931680440903 0.9960143566131592 0.9990543723106384 0.9963971376419067 0.9955999851226807 0.9959983825683594 0.9959983825683594
0.03279711678624153 0.9940956830978394 0.9989898800849915 0.9956859946250916 0.9924499988555908 0.9940652847290039 0.03197495639324188 0.9960135817527771 0.9984797239303589 0.9959999918937683 0.9959999918937683 0.9959999918937683 0.03054974600672722 0.995416522026062 0.9990259408950806 0.9967910051345825 0.9940000176429749 0.9953935146331787 0.9953935146331787
0.03158840164542198 0.9945690035820007 0.9991919994354248 0.9959883689880371 0.9930999875068665 0.9945420622825623 0.03375346213579178 0.996212899684906 0.9988770484924316 0.9944201111793518 0.9980000257492065 0.9962068200111389 0.03165367245674133 0.9958150386810303 0.9989432096481323 0.9963956475257874 0.995199978351593 0.9957974553108215 0.9957974553108215
0.03185907378792763 0.9946437478065491 0.9990960359573364 0.9962875843048096 0.9929500222206116 0.9946160316467285 0.03207039088010788 0.996212899684906 0.9987621307373047 0.9948145151138306 0.9976000189781189 0.9962053894996643 0.03036082722246647 0.9960143566131592 0.9990105032920837 0.9963971376419067 0.9955999851226807 0.9959983825683594 0.9959983825683594
0.03137361258268356 0.9945939183235168 0.9991045594215393 0.9960880875587463 0.9930499792098999 0.9945666790008545 0.029376331716775894 0.9948176145553589 0.9990143775939941 0.9959903955459595 0.9936000108718872 0.9947937726974487 0.028879521414637566 0.995416522026062 0.9992207288742065 0.9975894093513489 0.9932000041007996 0.9953898787498474 0.9953898787498474
0.03092178702354431 0.9948181509971619 0.99893718957901 0.9963386654853821 0.9932500123977661 0.9947919249534607 0.031698282808065414 0.9968108534812927 0.9988762140274048 0.9956105351448059 0.9980000257492065 0.9968038201332092 0.029392821714282036 0.9960143566131592 0.9989606738090515 0.9967948794364929 0.995199978351593 0.9959967732429504 0.9959967732429504
0.030170699581503868 0.9946935772895813 0.9992124438285828 0.9964373707771301 0.992900013923645 0.9946655035018921 0.03385326266288757 0.996212899684906 0.9985385537147522 0.9944201111793518 0.9980000257492065 0.9962068200111389 0.03032204881310463 0.9964129328727722 0.9989880323410034 0.996399998664856 0.996399998664856 0.996399998664856 0.996399998664856
0.028908710926771164 0.9949925541877747 0.9990784525871277 0.9963896870613098 0.9935500025749207 0.9949678182601929 0.029829630628228188 0.9968108534812927 0.9986956715583801 0.9952152967453003 0.9983999729156494 0.9968050718307495 0.02850046195089817 0.9958150386810303 0.9993940591812134 0.9959983825683594 0.9955999851226807 0.9957991242408752 0.9957991242408752
0.029853396117687225 0.9949427247047424 0.9990988969802856 0.9964889287948608 0.9933500289916992 0.9949170351028442 0.02866899035871029 0.9964122176170349 0.9990614056587219 0.9960032105445862 0.9968000054359436 0.9964014887809753 0.026912037283182144 0.9958150386810303 0.9993019700050354 0.9971921443939209 0.9944000244140625 0.9957941174507141 0.9957941174507141
0.02855849638581276 0.9951918125152588 0.9991704225540161 0.9964409470558167 0.9939000010490417 0.9951688647270203 0.030155764892697334 0.9964122176170349 0.9989248514175415 0.9960032105445862 0.9968000054359436 0.9964014887809753 0.027819305658340454 0.9958150386810303 0.9994051456451416 0.9971921443939209 0.9944000244140625 0.9957941174507141 0.9957941174507141
0.028191925957798958 0.9950672388076782 0.999205470085144 0.9966890811920166 0.993399977684021 0.9950418472290039 0.027551669627428055 0.9966115355491638 0.9988861083984375 0.9960048198699951 0.9972000122070312 0.9966020584106445 0.026272760704159737 0.9962136149406433 0.9994407892227173 0.9967961311340332 0.9955999851226807 0.9961977005004883 0.9961977005004883
0.028706885874271393 0.9949676394462585 0.9991206526756287 0.9965389370918274 0.9933500289916992 0.9949419498443604 0.032351359724998474 0.9964122176170349 0.9988518357276917 0.9948166012763977 0.9980000257492065 0.9964057207107544 0.02946043200790882 0.9958150386810303 0.9991046786308289 0.9963956475257874 0.995199978351593 0.9957974553108215 0.9957974553108215
0.0286097452044487 0.9947932362556458 0.9992073178291321 0.9962886571884155 0.9932500123977661 0.9947670102119446 0.030514439567923546 0.9958142042160034 0.9988548755645752 0.9952057600021362 0.996399998664856 0.9958025217056274 0.02868509665131569 0.9952172040939331 0.9989215135574341 0.9959936141967773 0.9944000244140625 0.9951961636543274 0.9951961636543274
0.02873048558831215 0.9946935772895813 0.9991329908370972 0.9961386322975159 0.9932000041007996 0.9946671724319458 0.028867095708847046 0.9954155683517456 0.9991492033004761 0.9959952235221863 0.9947999715805054 0.9953972697257996 0.027383334934711456 0.9958150386810303 0.999315083026886 0.9975913166999817 0.9940000176429749 0.9957923889160156 0.9957923889160156
0.0282052680850029 0.9949178099632263 0.9991607666015625 0.996190071105957 0.9936000108718872 0.9948933720588684 0.0313187800347805 0.9938210248947144 0.9993405342102051 0.9959823489189148 0.991599977016449 0.9937863349914551 0.032033149152994156 0.9944201111793518 0.9994168877601624 0.9991922378540039 0.9896000027656555 0.9943730235099792 0.9943730235099792
0.02786189131438732 0.995241641998291 0.9991892576217651 0.9969893097877502 0.9934499859809875 0.9952164888381958 0.029076918959617615 0.9966115355491638 0.9988062977790833 0.9956088066101074 0.9976000189781189 0.9966034293174744 0.026216581463813782 0.9960143566131592 0.9992986917495728 0.9967948794364929 0.995199978351593 0.9959967732429504 0.9959967732429504
0.026561344042420387 0.9955406188964844 0.9992666840553284 0.9966922402381897 0.994350016117096 0.995519757270813 0.03116295114159584 0.9950169324874878 0.9992761015892029 0.9959920048713684 0.9940000176429749 0.9949949979782104 0.028608281165361404 0.9952172040939331 0.9992524981498718 0.997988760471344 0.9923999905586243 0.9951865077018738 0.9951865077018738
0.02577972039580345 0.9953163862228394 0.9992747902870178 0.9964418411254883 0.9941499829292297 0.9952946305274963 0.027339737862348557 0.9968108534812927 0.998878002166748 0.9956105351448059 0.9980000257492065 0.9968038201332092 0.025039298459887505 0.9964129328727722 0.9996140599250793 0.9967974424362183 0.9959999918937683 0.9963985681533813 0.9963985681533813
0.025651825591921806 0.995241641998291 0.9993364810943604 0.9964413046836853 0.9940000176429749 0.9952191710472107 0.029983961954712868 0.9954155683517456 0.9988774657249451 0.9932298064231873 0.9976000189781189 0.995410144329071 0.030471211299300194 0.9936229586601257 0.9990895986557007 0.9928115010261536 0.9944000244140625 0.9936051368713379 0.9936051368713379
0.0263348538428545 0.9951170682907104 0.9993593692779541 0.9964901804924011 0.9937000274658203 0.9950931072235107 0.027748441323637962 0.996212899684906 0.9990677237510681 0.9960016012191772 0.996399998664856 0.9962007403373718 0.02564357779920101 0.9962136149406433 0.9994553923606873 0.9975932836532593 0.9947999715805054 0.9961946606636047 0.9961946606636047
0.025676237419247627 0.9954907894134521 0.9993550181388855 0.996691882610321 0.9942499995231628 0.9954694509506226 0.02855698950588703 0.99461829662323 0.9993553161621094 0.9959887862205505 0.9932000041007996 0.9945924878120422 0.028054991737008095 0.9952172040939331 0.9991663098335266 0.997988760471344 0.9923999905586243 0.9951865077018738 0.9951865077018738
0.02621736377477646 0.9953662157058716 0.9992302060127258 0.9969401955604553 0.9937499761581421 0.995342493057251 0.02654106542468071 0.9958142042160034 0.9988794326782227 0.9959983825683594 0.9955999851226807 0.9957991242408752 0.02657153084874153 0.995416522026062 0.9986898303031921 0.9975894093513489 0.9932000041007996 0.9953898787498474 0.9953898787498474
0.026545478031039238 0.9953911304473877 0.9991970062255859 0.9967908263206482 0.9939500093460083 0.9953684210777283 0.028262123465538025 0.996212899684906 0.9988304376602173 0.9960016012191772 0.996399998664856 0.9962007403373718 0.026630239561200142 0.995017945766449 0.999366044998169 0.9975874423980713 0.9923999905586243 0.9949870109558105 0.9949870109558105
0.025109251961112022 0.9955406188964844 0.9993215799331665 0.996891438961029 0.9941499829292297 0.9955188035964966 0.02687540464103222 0.9966115355491638 0.9989153146743774 0.9952133893966675 0.9980000257492065 0.9966048002243042 0.02627445198595524 0.9958150386810303 0.9992051124572754 0.9959983825683594 0.9955999851226807 0.9957991242408752 0.9957991242408752
0.026345355436205864 0.9951668977737427 0.9992831945419312 0.99629145860672 0.9940000176429749 0.9951444268226624 0.027210310101509094 0.99461829662323 0.9994252324104309 0.9955911636352539 0.9936000108718872 0.9945945739746094 0.02750934287905693 0.9944201111793518 0.9990103244781494 0.9963855147361755 0.9923999905586243 0.9943887591362 0.9943887591362
0.025749025866389275 0.9949925541877747 0.9994006752967834 0.9961906671524048 0.9937499761581421 0.9949687719345093 0.026152392849326134 0.9964122176170349 0.9992807507514954 0.9960032105445862 0.9968000054359436 0.9964014887809753 0.02506747469305992 0.9960143566131592 0.9996312856674194 0.9975922703742981 0.9944000244140625 0.9959936141967773 0.9959936141967773
0.02447236329317093 0.9958146214485168 0.9993495345115662 0.9968931674957275 0.994700014591217 0.9957953691482544 0.028645610436797142 0.9972094893455505 0.9990513324737549 0.9956140518188477 0.9987999796867371 0.9972044229507446 0.02561275288462639 0.9972100257873535 0.9993104338645935 0.996802568435669 0.9976000189781189 0.997201144695282 0.997201144695282
0.02540675736963749 0.9953911304473877 0.9994462728500366 0.9967410564422607 0.9940000176429749 0.9953686594963074 0.026315154507756233 0.9970101714134216 0.9990939497947693 0.9960079789161682 0.9980000257492065 0.9970029592514038 0.025156641378998756 0.9958150386810303 0.9994084239006042 0.9971921443939209 0.9944000244140625 0.9957941174507141 0.9957941174507141
0.024332191795110703 0.9955904483795166 0.9993849396705627 0.9968917369842529 0.9942499995231628 0.995569109916687 0.026937304064631462 0.996212899684906 0.9990493655204773 0.9960016012191772 0.996399998664856 0.9962007403373718 0.024345649406313896 0.9966121912002563 0.9996313452720642 0.9979943633079529 0.995199978351593 0.9965952634811401 0.9965952634811401
0.025312596932053566 0.9954160451889038 0.9993166923522949 0.9967910051345825 0.9940000176429749 0.9953935146331787 0.02688058838248253 0.9966115355491638 0.9989205598831177 0.9948186278343201 0.9983999729156494 0.9966060519218445 0.024069104343652725 0.9964129328727722 0.9994439482688904 0.996399998664856 0.996399998664856 0.996399998664856 0.996399998664856
0.02469239942729473 0.9957648515701294 0.9992600679397583 0.9970921277999878 0.9944000244140625 0.9957442283630371 0.026706518605351448 0.9968108534812927 0.9990127682685852 0.9960063695907593 0.9976000189781189 0.9968026280403137 0.024667562916874886 0.9960143566131592 0.9994433522224426 0.9971932768821716 0.9947999715805054 0.9959952235221863 0.9959952235221863
0.02431345172226429 0.9952665567398071 0.9994203448295593 0.9964912533760071 0.9940000176429749 0.9952440857887268 0.028154531493782997 0.996212899684906 0.9988864064216614 0.9952095746994019 0.9972000122070312 0.9962037801742554 0.024922853335738182 0.9960143566131592 0.9996126294136047 0.9963971376419067 0.9955999851226807 0.9959983825683594 0.9959983825683594
0.0244124848395586 0.995839536190033 0.9992355108261108 0.9968435168266296 0.9947999715805054 0.9958207011222839 0.025580372661352158 0.9970101714134216 0.9992621541023254 0.9956122636795044 0.9983999729156494 0.9970042109489441 0.02371571958065033 0.9966121912002563 0.9995681047439575 0.997196614742279 0.9959999918937683 0.996597945690155 0.996597945690155
0.024123242124915123 0.9958146214485168 0.9994580149650574 0.9969927668571472 0.9945999979972839 0.9957948923110962 0.02459072507917881 0.9968108534812927 0.99930739402771 0.9960063695907593 0.9976000189781189 0.9968026280403137 0.023877665400505066 0.9960143566131592 0.9992766380310059 0.9971932768821716 0.9947999715805054 0.9959952235221863 0.9959952235221863
0.024006053805351257 0.9957150220870972 0.9993692636489868 0.9969423413276672 0.9944499731063843 0.9956945776939392 0.024134870618581772 0.9972094893455505 0.9993113279342651 0.9960095882415771 0.9983999729156494 0.9972033500671387 0.022614985704421997 0.9968114495277405 0.9994344115257263 0.9975961446762085 0.9959999918937683 0.9967974424362183 0.9967974424362183
0.023725049570202827 0.9957897067070007 0.9993607401847839 0.9968929886817932 0.9946500062942505 0.9957702159881592 0.025426894426345825 0.9966115355491638 0.9992087483406067 0.9956088066101074 0.9976000189781189 0.9966034293174744 0.02366614155471325 0.9970107674598694 0.9993736743927002 0.9983955025672913 0.9955999851226807 0.9969958066940308 0.9969958066940308
0.022452883422374725 0.9960388541221619 0.9994630813598633 0.9972432255744934 0.9947999715805054 0.9960200786590576 0.028153663501143456 0.996212899684906 0.9990941286087036 0.9963985681533813 0.9959999918937683 0.9961993098258972 0.026228684931993484 0.9960143566131592 0.999300479888916 0.9987932443618774 0.9932000041007996 0.9959888458251953 0.9959888458251953
0.023419467732310295 0.9953163862228394 0.9994414448738098 0.9964418411254883 0.9941499829292297 0.9952946305274963 0.02520579844713211 0.9966115355491638 0.9993221759796143 0.9956088066101074 0.9976000189781189 0.9966034293174744 0.02322373166680336 0.9962136149406433 0.9994485974311829 0.9963985681533813 0.9959999918937683 0.9961993098258972 0.9961993098258972
0.02272759936749935 0.9959142804145813 0.9994474649429321 0.9970431923866272 0.9947500228881836 0.995895266532898 0.025989245623350143 0.9972094893455505 0.9991800785064697 0.9960095882415771 0.9983999729156494 0.9972033500671387 0.023911381140351295 0.9962136149406433 0.9993342757225037 0.9971944093704224 0.995199978351593 0.9961961507797241 0.9961961507797241
0.02323789708316326 0.9957897067070007 0.9994447231292725 0.9968432188034058 0.994700014591217 0.9957704544067383 0.02377471886575222 0.9970101714134216 0.999122142791748 0.9956122636795044 0.9983999729156494 0.9970042109489441 0.02197141945362091 0.9970107674598694 0.9996556043624878 0.9968012571334839 0.9972000122070312 0.9970005750656128 0.9970005750656128
0.023524455726146698 0.995839536190033 0.9994186162948608 0.9969431161880493 0.994700014591217 0.9958202838897705 0.02735922485589981 0.9952162504196167 0.9991105794906616 0.9959936141967773 0.9944000244140625 0.9951961636543274 0.025081055238842964 0.9952172040939331 0.9987210631370544 0.997988760471344 0.9923999905586243 0.9951865077018738 0.9951865077018738
0.022965922951698303 0.9962132573127747 0.9993940591812134 0.9970947504043579 0.9952999949455261 0.9961965680122375 0.023806432262063026 0.9972094893455505 0.9993112087249756 0.9960095882415771 0.9983999729156494 0.9972033500671387 0.02178005501627922 0.9972100257873535 0.999667763710022 0.9975980520248413 0.9968000054359436 0.9971988201141357 0.9971988201141357
0.022735673934221268 0.9957150220870972 0.9994806051254272 0.9966933727264404 0.994700014591217 0.9956957101821899 0.024230169132351875 0.9958142042160034 0.9993047118186951 0.9967935681343079 0.9947999715805054 0.9957957863807678 0.023750262334942818 0.9958150386810303 0.9991263151168823 0.9987927675247192 0.9927999973297119 0.9957873821258545 0.9957873821258545
0.022247208282351494 0.9959391951560974 0.9996286630630493 0.9970433712005615 0.9947999715805054 0.9959204196929932 0.025584077462553978 0.9970101714134216 0.9993248581886292 0.9956122636795044 0.9983999729156494 0.9970042109489441 0.022825730964541435 0.9970107674598694 0.9996534585952759 0.9971988797187805 0.9968000054359436 0.9969993829727173 0.9969993829727173
0.023349104449152946 0.9957399368286133 0.9995396733283997 0.9968926906585693 0.9945499897003174 0.9957199692726135 0.02388065494596958 0.9970101714134216 0.9993358254432678 0.9956122636795044 0.9983999729156494 0.9970042109489441 0.0224210973829031 0.9974093437194824 0.999108612537384 0.9979975819587708 0.9968000054359436 0.9973984360694885 0.9973984360694885
0.021919509395956993 0.9961135983467102 0.9995043873786926 0.9971439838409424 0.9950500130653381 0.9960958957672119 0.025414539501070976 0.9972094893455505 0.9991318583488464 0.9956140518188477 0.9987999796867371 0.9972044229507446 0.02228548377752304 0.9972100257873535 0.9994785785675049 0.9975980520248413 0.9968000054359436 0.9971988201141357 0.9971988201141357
0.022240322083234787 0.9959391951560974 0.9994412660598755 0.997093141078949 0.9947500228881836 0.9959201812744141 0.026629921048879623 0.9974088072776794 0.9992695450782776 0.9964072108268738 0.9983999729156494 0.997402548789978 0.022967033088207245 0.9966121912002563 0.9995893239974976 0.9967986941337585 0.996399998664856 0.9965993165969849 0.9965993165969849
0.0218973346054554 0.996063768863678 0.9995042681694031 0.9972434043884277 0.9948499798774719 0.9960452914237976 0.025540491566061974 0.9972094893455505 0.9991401433944702 0.9956140518188477 0.9987999796867371 0.9972044229507446 0.022865362465381622 0.9970107674598694 0.9994618892669678 0.9968012571334839 0.9972000122070312 0.9970005750656128 0.9970005750656128
0.021127060055732727 0.9961385130882263 0.9996094107627869 0.9975429773330688 0.994700014591217 0.9961193799972534 0.023838330060243607 0.9972094893455505 0.9993494153022766 0.9960095882415771 0.9983999729156494 0.9972033500671387 0.022185778245329857 0.9970107674598694 0.9994800686836243 0.9971988797187805 0.9968000054359436 0.9969993829727173 0.9969993829727173
0.02106086164712906 0.9964125752449036 0.9994860291481018 0.9975443482398987 0.9952499866485596 0.9963958859443665 0.02303166314959526 0.9970101714134216 0.9993231296539307 0.9956122636795044 0.9983999729156494 0.9970042109489441 0.021070463582873344 0.9974093437194824 0.9996902942657471 0.9975990653038025 0.9972000122070312 0.9973995089530945 0.9973995089530945
0.021969018504023552 0.9962381720542908 0.9995653629302979 0.9971945285797119 0.9952499866485596 0.9962213635444641 0.023835085332393646 0.9964122176170349 0.9991181492805481 0.996399998664856 0.996399998664856 0.996399998664856 0.02069244347512722 0.9972100257873535 0.9997239112854004 0.9983961582183838 0.9959999918937683 0.997196614742279 0.997196614742279
0.022451600059866905 0.9959890246391296 0.9994609951972961 0.9973427057266235 0.9945999979972839 0.9959695339202881 0.02394634671509266 0.9960135817527771 0.9995123147964478 0.9963971376419067 0.9955999851226807 0.9959983825683594 0.022376101464033127 0.9972100257873535 0.999511182308197 0.9987961649894714 0.9955999851226807 0.9971954822540283 0.9971954822540283
0.0208588819950819 0.996686577796936 0.9994891881942749 0.99769526720047 0.9956499934196472 0.9966715574264526 0.023662641644477844 0.9974088072776794 0.9991436004638672 0.9960111975669861 0.9987999796867371 0.997403621673584 0.021763939410448074 0.9978079199790955 0.9994745254516602 0.9979991912841797 0.9976000189781189 0.9977995753288269 0.9977995753288269
0.021449241787195206 0.9959641098976135 0.9995837807655334 0.9970933198928833 0.9947999715805054 0.9959453344345093 0.023586953058838844 0.9974088072776794 0.9993214011192322 0.9960111975669861 0.9987999796867371 0.997403621673584 0.021278074011206627 0.9980071783065796 0.9996238946914673 0.9987980723381042 0.9972000122070312 0.9979983568191528 0.9979983568191528
0.021582266315817833 0.9961883425712585 0.9996261596679688 0.9972938895225525 0.9950500130653381 0.996170699596405 0.02333093248307705 0.9974088072776794 0.9993452429771423 0.9960111975669861 0.9987999796867371 0.997403621673584 0.021786369383335114 0.9976086020469666 0.9994956254959106 0.9976000189781189 0.9976000189781189 0.9976000189781189 0.9976000189781189
0.021070992574095726 0.9964873194694519 0.9995373487472534 0.9976444840431213 0.9952999949455261 0.9964708685874939 0.024442842230200768 0.9972094893455505 0.9993512630462646 0.9956140518188477 0.9987999796867371 0.9972044229507446 0.024014359340071678 0.9966121912002563 0.9990727305412292 0.9960048198699951 0.9972000122070312 0.9966020584106445 0.9966020584106445
0.021247170865535736 0.9963627457618713 0.9995812773704529 0.9973446726799011 0.9953500032424927 0.9963463544845581 0.02466718666255474 0.9974088072776794 0.9991545081138611 0.9960111975669861 0.9987999796867371 0.997403621673584 0.02170458994805813 0.9972100257873535 0.9994959831237793 0.996802568435669 0.9976000189781189 0.997201144695282 0.997201144695282
0.02156924456357956 0.9963627457618713 0.9994799494743347 0.9973945021629333 0.9952999949455261 0.996346116065979 0.025643059983849525 0.9976081252098083 0.9991376996040344 0.9960127472877502 0.9991999864578247 0.9976038336753845 0.02195150777697563 0.9974093437194824 0.9994584918022156 0.997201144695282 0.9976000189781189 0.9974005818367004 0.9974005818367004
0.020067479461431503 0.9968609809875488 0.9995548129081726 0.9976462125778198 0.9960500001907349 0.9968474507331848 0.023698842152953148 0.9966115355491638 0.9995214939117432 0.9960048198699951 0.9972000122070312 0.9966020584106445 0.021884242072701454 0.9972100257873535 0.999318540096283 0.9983961582183838 0.9959999918937683 0.997196614742279 0.997196614742279
0.021019669249653816 0.9965620040893555 0.9995181560516357 0.997594952583313 0.9955000281333923 0.9965464472770691 0.02194429747760296 0.9972094893455505 0.9995521306991577 0.9960095882415771 0.9983999729156494 0.9972033500671387 0.020114613696932793 0.9976086020469666 0.999705970287323 0.9979984164237976 0.9972000122070312 0.9975990056991577 0.9975990056991577
0.02102862112224102 0.9965869188308716 0.9995296001434326 0.9975452423095703 0.9955999851226807 0.9965716600418091 0.023945819586515427 0.9972094893455505 0.9991479516029358 0.9960095882415771 0.9983999729156494 0.9972033500671387 0.021560121327638626 0.9976086020469666 0.9993122220039368 0.9979984164237976 0.9972000122070312 0.9975990056991577 0.9975990056991577
0.02025332674384117 0.9968360662460327 0.9995505809783936 0.9978455901145935 0.9958000183105469 0.9968217611312866 0.023613957688212395 0.9972094893455505 0.9991577863693237 0.9956140518188477 0.9987999796867371 0.9972044229507446 0.021766722202301025 0.9972100257873535 0.9996665716171265 0.996802568435669 0.9976000189781189 0.997201144695282 0.997201144695282
0.01937377266585827 0.9969855546951294 0.9996576905250549 0.997995913028717 0.9959499835968018 0.9969719052314758 0.024551013484597206 0.9974088072776794 0.9993394017219543 0.9960111975669861 0.9987999796867371 0.997403621673584 0.022177163511514664 0.9974093437194824 0.9989104866981506 0.997201144695282 0.9976000189781189 0.9974005818367004 0.9974005818367004
0.02019568718969822 0.9969606399536133 0.9995092749595642 0.9978960156440735 0.9959999918937683 0.9969471096992493 0.025805121287703514 0.9976081252098083 0.9991515278816223 0.9960127472877502 0.9991999864578247 0.9976038336753845 0.0222795233130455 0.9974093437194824 0.9992602467536926 0.997201144695282 0.9976000189781189 0.9974005818367004 0.9974005818367004
0.019227486103773117 0.9968360662460327 0.9997297525405884 0.9976959824562073 0.9959499835968018 0.9968222975730896 0.022088639438152313 0.9976081252098083 0.9995532631874084 0.9960127472877502 0.9991999864578247 0.9976038336753845 0.02050253190100193 0.9976086020469666 0.9993441700935364 0.9979984164237976 0.9972000122070312 0.9975990056991577 0.9975990056991577
0.022033801302313805 0.995839536190033 0.9995620250701904 0.9968933463096619 0.9947500228881836 0.9958205223083496 0.026127036660909653 0.9968108534812927 0.9991443157196045 0.9960063695907593 0.9976000189781189 0.9968026280403137 0.022005783393979073 0.9968114495277405 0.999518871307373 0.9968000054359436 0.9968000054359436 0.9968000054359436 0.9968000054359436
0.020098496228456497 0.9966616630554199 0.9994975924491882 0.9971969127655029 0.9961000084877014 0.9966481924057007 0.021325960755348206 0.9972094893455505 0.999555230140686 0.9960095882415771 0.9983999729156494 0.9972033500671387 0.02139320783317089 0.9978079199790955 0.9991132616996765 0.9983980655670166 0.9972000122070312 0.9977986812591553 0.9977986812591553
0.020056622102856636 0.9968111515045166 0.9995712041854858 0.9976459741592407 0.9959499835968018 0.9967972636222839 0.023007160052657127 0.9976081252098083 0.9991653561592102 0.9960127472877502 0.9991999864578247 0.9976038336753845 0.02030915394425392 0.9980071783065796 0.9995211362838745 0.9983987212181091 0.9976000189781189 0.9979991912841797 0.9979991912841797
0.019677363336086273 0.9970353841781616 0.9995769262313843 0.9978464245796204 0.9962000250816345 0.9970225095748901 0.02362128347158432 0.9976081252098083 0.9993606209754944 0.9960127472877502 0.9991999864578247 0.9976038336753845 0.020499633625149727 0.9974093437194824 0.9995208978652954 0.997201144695282 0.9976000189781189 0.9974005818367004 0.9974005818367004
0.01931275613605976 0.9968609809875488 0.9995735883712769 0.9978457093238831 0.9958500266075134 0.9968468546867371 0.029722770676016808 0.9948176145553589 0.9991258382797241 0.9959903955459595 0.9936000108718872 0.9947937726974487 0.02253071591258049 0.9958150386810303 0.9995134472846985 0.9971921443939209 0.9944000244140625 0.9957941174507141 0.9957941174507141
0.019236650317907333 0.9968360662460327 0.9996109008789062 0.9976460933685303 0.9959999918937683 0.9968223571777344 0.025189697742462158 0.9974088072776794 0.9991573095321655 0.9956157803535461 0.9991999864578247 0.9974046349525452 0.021557455882430077 0.9970107674598694 0.9994866847991943 0.9964042901992798 0.9976000189781189 0.9970018267631531 0.9970018267631531
0.018692726269364357 0.9973841309547424 0.9995336532592773 0.9983468055725098 0.996399998664856 0.9973724484443665 0.022228818386793137 0.9974088072776794 0.9995465278625488 0.9964072108268738 0.9983999729156494 0.997402548789978 0.020466182380914688 0.9976086020469666 0.9993270039558411 0.9983974099159241 0.9968000054359436 0.9975980520248413 0.9975980520248413
0.019617360085248947 0.9968609809875488 0.9995201826095581 0.997795820236206 0.9958999752998352 0.9968470335006714 0.026417288929224014 0.9970101714134216 0.999154806137085 0.9952172040939331 0.9987999796867371 0.9970054030418396 0.023669971153140068 0.9968114495277405 0.9992450475692749 0.9960063695907593 0.9976000189781189 0.9968026280403137 0.9968026280403137
0.01915917359292507 0.9970104694366455 0.9995937347412109 0.9977964758872986 0.9962000250816345 0.996997594833374 0.023276755586266518 0.9972094893455505 0.9993655681610107 0.9956140518188477 0.9987999796867371 0.9972044229507446 0.020527169108390808 0.9976086020469666 0.9995250105857849 0.9976000189781189 0.9976000189781189 0.9976000189781189 0.9976000189781189
0.01839555986225605 0.99711012840271 0.9996237754821777 0.997846782207489 0.9963499903678894 0.9970978498458862 0.026344982907176018 0.9972094893455505 0.9989679455757141 0.9952191114425659 0.9991999864578247 0.9972055554389954 0.021519208326935768 0.9970107674598694 0.9992946982383728 0.9964042901992798 0.9976000189781189 0.9970018267631531 0.9970018267631531
0.0189055148512125 0.9971848726272583 0.9996373653411865 0.9979966878890991 0.9963499903678894 0.9971727132797241 0.02379167079925537 0.9974088072776794 0.9993668794631958 0.9956157803535461 0.9991999864578247 0.9974046349525452 0.021252483129501343 0.9970107674598694 0.9995126128196716 0.9964042901992798 0.9976000189781189 0.9970018267631531 0.9970018267631531
0.01920531690120697 0.9970602989196777 0.9996344447135925 0.9980461001396179 0.9960500001907349 0.9970470666885376 0.021657468751072884 0.9972094893455505 0.9995445013046265 0.9972000122070312 0.9972000122070312 0.9972000122070312 0.022792600095272064 0.9970107674598694 0.9989359378814697 0.9983955025672913 0.9955999851226807 0.9969958066940308 0.9969958066940308
0.01932433992624283 0.996686577796936 0.9996935129165649 0.997745156288147 0.9955999851226807 0.9966713786125183 0.021201565861701965 0.9976081252098083 0.999366044998169 0.9960127472877502 0.9991999864578247 0.9976038336753845 0.019585933536291122 0.9982064366340637 0.9995048642158508 0.9987985491752625 0.9976000189781189 0.998198926448822 0.998198926448822
0.018600039184093475 0.9968858957290649 0.9997284412384033 0.9974968433380127 0.9962499737739563 0.9968730211257935 0.022410767152905464 0.9972094893455505 0.9995550513267517 0.9960095882415771 0.9983999729156494 0.9972033500671387 0.020311476662755013 0.9980071783065796 0.9991301894187927 0.9987980723381042 0.9972000122070312 0.9979983568191528 0.9979983568191528
0.01920418255031109 0.9968609809875488 0.9996730089187622 0.9976961016654968 0.9959999918937683 0.9968473315238953 0.022214576601982117 0.9972094893455505 0.9995502233505249 0.9960095882415771 0.9983999729156494 0.9972033500671387 0.020479127764701843 0.9982064366340637 0.9995090961456299 0.9987985491752625 0.9976000189781189 0.998198926448822 0.998198926448822
0.01879243738949299 0.9969855546951294 0.9996678829193115 0.9975969791412354 0.9963499903678894 0.9969730377197266 0.02314719930291176 0.9970101714134216 0.9995495676994324 0.9960079789161682 0.9980000257492065 0.9970029592514038 0.02048773318529129 0.9978079199790955 0.9997264742851257 0.998797595500946 0.9968000054359436 0.9977978467941284 0.9977978467941284
0.018169039860367775 0.99711012840271 0.9995830059051514 0.997846782207489 0.9963499903678894 0.9970978498458862 0.026957571506500244 0.9970101714134216 0.9993592500686646 0.9948228001594543 0.9991999864578247 0.9970065355300903 0.0223782267421484 0.9972100257873535 0.9994572401046753 0.996802568435669 0.9976000189781189 0.997201144695282 0.997201144695282
0.017944468185305595 0.9974339604377747 0.9996280670166016 0.9981971979141235 0.996649980545044 0.997422993183136 0.022088829427957535 0.9972094893455505 0.9995580911636353 0.9956140518188477 0.9987999796867371 0.9972044229507446 0.019459398463368416 0.9978079199790955 0.9997134804725647 0.9979991912841797 0.9976000189781189 0.9977995753288269 0.9977995753288269
0.01757318712770939 0.9974339604377747 0.9997017979621887 0.9983469247817993 0.9965000152587891 0.9974226355552673 0.02133811265230179 0.996212899684906 0.999550461769104 0.9967961311340332 0.9955999851226807 0.9961977005004883 0.020487535744905472 0.9972100257873535 0.9991581439971924 0.9983961582183838 0.9959999918937683 0.997196614742279 0.997196614742279
0.0186266228556633 0.9971599578857422 0.9996418356895447 0.9979965686798096 0.9962999820709229 0.9971475601196289 0.02189839445054531 0.9972094893455505 0.9995553493499756 0.9960095882415771 0.9983999729156494 0.9972033500671387 0.01979224942624569 0.9978079199790955 0.9993332028388977 0.9983980655670166 0.9972000122070312 0.9977986812591553 0.9977986812591553
0.018476611003279686 0.9972097873687744 0.9995853304862976 0.9979968070983887 0.996399998664856 0.9971977472305298 0.02112763188779354 0.9978074431419373 0.9995704293251038 0.996410071849823 0.9991999864578247 0.9978030920028687 0.019736221060156822 0.9976086020469666 0.9995108246803284 0.9976000189781189 0.9976000189781189 0.9976000189781189 0.9976000189781189
0.017723096534609795 0.9977578520774841 0.9995229840278625 0.998447835445404 0.9970499873161316 0.9977484345436096 0.021113919094204903 0.9972094893455505 0.9995625019073486 0.9956140518188477 0.9987999796867371 0.9972044229507446 0.019650287926197052 0.9976086020469666 0.999699056148529 0.9976000189781189 0.9976000189781189 0.9976000189781189 0.9976000189781189
0.019185472279787064 0.9969606399536133 0.9996298551559448 0.9976965188980103 0.9962000250816345 0.9969477653503418 0.02144632488489151 0.9976081252098083 0.9993693232536316 0.9964086413383484 0.9987999796867371 0.9976028800010681 0.019819015637040138 0.9982064366340637 0.9993470907211304 0.9987985491752625 0.9976000189781189 0.998198926448822 0.998198926448822
0.01830430142581463 0.9972097873687744 0.9995965957641602 0.9981963634490967 0.9962000250816345 0.997197151184082 0.023555589839816093 0.9974088072776794 0.9993594288825989 0.9960111975669861 0.9987999796867371 0.997403621673584 0.019886616617441177 0.9976086020469666 0.9995201230049133 0.9976000189781189 0.9976000189781189 0.9976000189781189 0.9976000189781189
0.018054675310850143 0.9974588751792908 0.9996323585510254 0.9981474280357361 0.996749997138977 0.9974482655525208 0.02035968005657196 0.9976081252098083 0.9995587468147278 0.9968051314353943 0.9983999729156494 0.9976019263267517 0.01886523701250553 0.9974093437194824 0.9993499517440796 0.9979975819587708 0.9968000054359436 0.9973984360694885 0.9973984360694885
0.01723686419427395 0.9975585341453552 0.9996596574783325 0.9983473420143127 0.996749997138977 0.99754798412323 0.02329905703663826 0.9972094893455505 0.999346137046814 0.9960095882415771 0.9983999729156494 0.9972033500671387 0.020523738116025925 0.9976086020469666 0.999498188495636 0.9979984164237976 0.9972000122070312 0.9975990056991577 0.9975990056991577
0.017545782029628754 0.9976332783699036 0.9995765089988708 0.9984973669052124 0.996749997138977 0.9976229071617126 0.023149922490119934 0.9976081252098083 0.9993743300437927 0.9960127472877502 0.9991999864578247 0.9976038336753845 0.02012651041150093 0.9978079199790955 0.9993178248405457 0.9979991912841797 0.9976000189781189 0.9977995753288269 0.9977995753288269
0.017892420291900635 0.9972596168518066 0.9996362924575806 0.9978972673416138 0.9965999722480774 0.9972481727600098 0.021320302039384842 0.9974088072776794 0.9995548129081726 0.9964072108268738 0.9983999729156494 0.997402548789978 0.01976184733211994 0.9978079199790955 0.9993341565132141 0.9983980655670166 0.9972000122070312 0.9977986812591553 0.9977986812591553
0.01791805401444435 0.9972347021102905 0.999599277973175 0.997847318649292 0.9965999722480774 0.9972233176231384 0.022636771202087402 0.9966115355491638 0.9995545148849487 0.9964014291763306 0.9968000054359436 0.9966006278991699 0.021429751068353653 0.9968114495277405 0.9991359114646912 0.9983948469161987 0.995199978351593 0.9967948198318481 0.9967948198318481
0.018051736056804657 0.9973343014717102 0.9996742010116577 0.9982966780662537 0.9963499903678894 0.9973223805427551 0.02149372734129429 0.9970101714134216 0.9995558857917786 0.9971988797187805 0.9968000054359436 0.9969993829727173 0.01907130889594555 0.9974093437194824 0.9997552037239075 0.9983968138694763 0.996399998664856 0.9973974227905273 0.9973974227905273
0.017299916595220566 0.9974837899208069 0.999657154083252 0.9981474876403809 0.9968000054359436 0.9974732995033264 0.02259429544210434 0.9972094893455505 0.9993659853935242 0.9960095882415771 0.9983999729156494 0.9972033500671387 0.019271498546004295 0.9980071783065796 0.9995431303977966 0.9983987212181091 0.9976000189781189 0.9979991912841797 0.9979991912841797
0.016490288078784943 0.9977578520774841 0.9996877312660217 0.998447835445404 0.9970499873161316 0.9977484345436096 0.01991557516157627 0.9976081252098083 0.9995580315589905 0.9968051314353943 0.9983999729156494 0.9976019263267517 0.01905980333685875 0.9980071783065796 0.9991637468338013 0.9987980723381042 0.9972000122070312 0.9979983568191528 0.9979983568191528
0.017048871144652367 0.9976083636283875 0.9995799660682678 0.9982477426528931 0.9969499707221985 0.99759840965271 0.022431954741477966 0.9974088072776794 0.9993718862533569 0.9960111975669861 0.9987999796867371 0.997403621673584 0.020947879180312157 0.9972100257873535 0.9991105794906616 0.996802568435669 0.9976000189781189 0.997201144695282 0.997201144695282
0.01912788487970829 0.9969606399536133 0.9995616674423218 0.9979459047317505 0.9959499835968018 0.9969469904899597 0.022002622485160828 0.9972094893455505 0.999378502368927 0.9952191114425659 0.9991999864578247 0.9972055554389954 0.020260311663150787 0.9976086020469666 0.9993010759353638 0.9976000189781189 0.9976000189781189 0.9976000189781189 0.9976000189781189
0.01644926331937313 0.9978325963020325 0.9997078776359558 0.9986976981163025 0.9969499707221985 0.9978231191635132 0.02183392271399498 0.9972094893455505 0.999557614326477 0.9972000122070312 0.9972000122070312 0.9972000122070312 0.018966827541589737 0.9974093437194824 0.9995507001876831 0.9983968138694763 0.996399998664856 0.9973974227905273 0.9973974227905273
0.017079168930649757 0.9974339604377747 0.9996974468231201 0.9980475306510925 0.9968000054359436 0.9974234104156494 0.02016887441277504 0.9976081252098083 0.9995705485343933 0.9964086413383484 0.9987999796867371 0.9976028800010681 0.018294770270586014 0.9980071783065796 0.9997456669807434 0.9983987212181091 0.9976000189781189 0.9979991912841797 0.9979991912841797
0.017016468569636345 0.997508704662323 0.9995365738868713 0.9983971118927002 0.9965999722480774 0.9974977374076843 0.02133638598024845 0.9964122176170349 0.9995471835136414 0.9971955418586731 0.9955999851226807 0.9963971376419067 0.01873849704861641 0.9974093437194824 0.9997578263282776 0.9987966418266296 0.9959999918937683 0.9973963499069214 0.9973963499069214
0.018205510452389717 0.9974837899208069 0.9995567202568054 0.9981973767280579 0.996749997138977 0.9974731206893921 0.022332752123475075 0.9972094893455505 0.9995619654655457 0.9956140518188477 0.9987999796867371 0.9972044229507446 0.019584737718105316 0.9976086020469666 0.9997053742408752 0.9979984164237976 0.9972000122070312 0.9975990056991577 0.9975990056991577
0.016702309250831604 0.997508704662323 0.9995951056480408 0.9982972741127014 0.9966999888420105 0.9974979758262634 0.022516539320349693 0.9974088072776794 0.9993727803230286 0.9956157803535461 0.9991999864578247 0.9974046349525452 0.019215404987335205 0.9974093437194824 0.9995409846305847 0.9975990653038025 0.9972000122070312 0.9973995089530945 0.9973995089530945
0.016134576871991158 0.9976083636283875 0.9997661113739014 0.9985472559928894 0.996649980545044 0.9975976943969727 0.02121894061565399 0.9970101714134216 0.9995561242103577 0.9960079789161682 0.9980000257492065 0.9970029592514038 0.019595736637711525 0.9976086020469666 0.9991352558135986 0.9976000189781189 0.9976000189781189 0.9976000189781189 0.9976000189781189
0.01708272285759449 0.9973841309547424 0.9996094703674316 0.998296856880188 0.9964500069618225 0.9973725080490112 0.019758077338337898 0.9974088072776794 0.9995660185813904 0.9968038201332092 0.9980000257492065 0.9974015355110168 0.019582755863666534 0.9978079199790955 0.9991372227668762 0.9983980655670166 0.9972000122070312 0.9977986812591553 0.9977986812591553
0.01734871417284012 0.9975336194038391 0.999574601650238 0.9982973337173462 0.996749997138977 0.9975230693817139 0.021225593984127045 0.9974088072776794 0.9993751645088196 0.9964072108268738 0.9983999729156494 0.997402548789978 0.01878582127392292 0.9976086020469666 0.9993565082550049 0.9979984164237976 0.9972000122070312 0.9975990056991577 0.9975990056991577
0.016761381179094315 0.997732937335968 0.9996097087860107 0.9982481598854065 0.9972000122070312 0.9977238178253174 0.019708829000592232 0.9974088072776794 0.9995612502098083 0.9968038201332092 0.9980000257492065 0.9974015355110168 0.020225930958986282 0.9976086020469666 0.9992281198501587 0.9979984164237976 0.9972000122070312 0.9975990056991577 0.9975990056991577
0.016927506774663925 0.9974837899208069 0.9996505975723267 0.9980975985527039 0.9968500137329102 0.997473418712616 0.021713238209486008 0.9976081252098083 0.9993764758110046 0.9960127472877502 0.9991999864578247 0.9976038336753845 0.018338704481720924 0.9978079199790955 0.9995362162590027 0.9979991912841797 0.9976000189781189 0.9977995753288269 0.9977995753288269
0.016848141327500343 0.9974588751792908 0.9995859861373901 0.9979479312896729 0.9969499707221985 0.997448742389679 0.019159141927957535 0.9974088072776794 0.9995705485343933 0.9968038201332092 0.9980000257492065 0.9974015355110168 0.01946386881172657 0.9974093437194824 0.9991524815559387 0.9983968138694763 0.996399998664856 0.9973974227905273 0.9973974227905273
0.01688166707754135 0.9974090456962585 0.9996166229248047 0.9981472492218018 0.996649980545044 0.9973980188369751 0.025158530101180077 0.9968108534812927 0.9993581175804138 0.9952152967453003 0.9983999729156494 0.9968050718307495 0.020175212994217873 0.9970107674598694 0.9994994401931763 0.9971988797187805 0.9968000054359436 0.9969993829727173 0.9969993829727173
0.016722150146961212 0.9976581931114197 0.9996331930160522 0.9984475374221802 0.9968500137329102 0.9976481199264526 0.021854743361473083 0.9974088072776794 0.9993794560432434 0.9956157803535461 0.9991999864578247 0.9974046349525452 0.018525514751672745 0.9976086020469666 0.9995482563972473 0.9976000189781189 0.9976000189781189 0.9976000189781189 0.9976000189781189
0.01612996868789196 0.9976831078529358 0.9995922446250916 0.9984975457191467 0.9968500137329102 0.9976730942726135 0.023091815412044525 0.9968108534812927 0.9995519518852234 0.9956105351448059 0.9980000257492065 0.9968038201332092 0.019108112901449203 0.9970107674598694 0.9997131824493408 0.9979959726333618 0.9959999918937683 0.9969969987869263 0.9969969987869263
0.016729529947042465 0.9976083636283875 0.9996886253356934 0.9982976317405701 0.9969000220298767 0.9975983500480652 0.022227216511964798 0.9970101714134216 0.9995564222335815 0.9968012571334839 0.9972000122070312 0.9970005750656128 0.018782107159495354 0.9976086020469666 0.9995574951171875 0.9987971186637878 0.996399998664856 0.9975971579551697 0.9975971579551697
0.01664162240922451 0.9976581931114197 0.9996306896209717 0.9984974265098572 0.9968000054359436 0.9976480007171631 0.023835407570004463 0.9972094893455505 0.999380350112915 0.9952191114425659 0.9991999864578247 0.9972055554389954 0.020153747871518135 0.9972100257873535 0.999301016330719 0.996802568435669 0.9976000189781189 0.997201144695282 0.997201144695282
0.017096197232604027 0.9973841309547424 0.9996351003646851 0.998296856880188 0.9964500069618225 0.9973725080490112 0.022141819819808006 0.9974088072776794 0.9995684623718262 0.9956157803535461 0.9991999864578247 0.9974046349525452 0.019202476367354393 0.9976086020469666 0.9996891617774963 0.9979984164237976 0.9972000122070312 0.9975990056991577 0.9975990056991577
0.017135225236415863 0.9973592162132263 0.9996820092201233 0.9980472922325134 0.996649980545044 0.9973481297492981 0.022458642721176147 0.9976081252098083 0.9993767738342285 0.9960127472877502 0.9991999864578247 0.9976038336753845 0.01913524605333805 0.9978079199790955 0.9995133876800537 0.9979991912841797 0.9976000189781189 0.9977995753288269 0.9977995753288269
0.015558612532913685 0.9980319142341614 0.9996216893196106 0.9985983967781067 0.9974499940872192 0.9980238080024719 0.023075755685567856 0.9970101714134216 0.9993647933006287 0.9960079789161682 0.9980000257492065 0.9970029592514038 0.018795786425471306 0.9972100257873535 0.9997290968894958 0.996802568435669 0.9976000189781189 0.997201144695282 0.997201144695282
0.017493611201643944 0.9971848726272583 0.999667763710022 0.9980964660644531 0.9962499737739563 0.9971724152565002 0.019545529037714005 0.9974088072776794 0.9995607733726501 0.9968038201332092 0.9980000257492065 0.9974015355110168 0.018763680011034012 0.9976086020469666 0.9993563294410706 0.9983974099159241 0.9968000054359436 0.9975980520248413 0.9975980520248413
0.01642790623009205 0.9973592162132263 0.9996148347854614 0.9979974031448364 0.9966999888420105 0.9973483085632324 0.021263331174850464 0.9970101714134216 0.9995701313018799 0.9960079789161682 0.9980000257492065 0.9970029592514038 0.020533770322799683 0.9974093437194824 0.998961865901947 0.9979975819587708 0.9968000054359436 0.9973984360694885 0.9973984360694885
0.017067300155758858 0.9975585341453552 0.99956214427948 0.9979981780052185 0.9970999956130981 0.9975488781929016 0.021212512627243996 0.9970101714134216 0.999561071395874 0.9960079789161682 0.9980000257492065 0.9970029592514038 0.018156200647354126 0.9974093437194824 0.9997560977935791 0.9979975819587708 0.9968000054359436 0.9973984360694885 0.9973984360694885
0.016756102442741394 0.997508704662323 0.9996516704559326 0.9982473850250244 0.996749997138977 0.9974981546401978 0.021207937970757484 0.9972094893455505 0.9995538592338562 0.9975980520248413 0.9968000054359436 0.9971988201141357 0.01907253824174404 0.9974093437194824 0.9993535280227661 0.9979975819587708 0.9968000054359436 0.9973984360694885 0.9973984360694885
0.016679074615240097 0.9977578520774841 0.9994764924049377 0.9986475706100464 0.9968500137329102 0.9977479577064514 0.022061407566070557 0.9974088072776794 0.9993734359741211 0.9960111975669861 0.9987999796867371 0.997403621673584 0.018669530749320984 0.9976086020469666 0.9997233152389526 0.9976000189781189 0.9976000189781189 0.9976000189781189 0.9976000189781189
0.015752092003822327 0.9977578520774841 0.9995996356010437 0.9982981085777283 0.9972000122070312 0.9977487325668335 0.02172216586768627 0.9970101714134216 0.9995729923248291 0.9952172040939331 0.9987999796867371 0.9970054030418396 0.018697986379265785 0.9978079199790955 0.9997113943099976 0.9979991912841797 0.9976000189781189 0.9977995753288269 0.9977995753288269
0.01583208702504635 0.9976332783699036 0.999730110168457 0.9980483651161194 0.9972000122070312 0.9976240396499634 0.01961238496005535 0.996212899684906 0.9995607733726501 0.9975932836532593 0.9947999715805054 0.9961946606636047 0.021588487550616264 0.9962136149406433 0.9989802837371826 0.9987937211990356 0.9936000108718872 0.9961901307106018 0.9961901307106018
0.0176292322576046 0.9971848726272583 0.9996415972709656 0.9981963038444519 0.996150016784668 0.9971721172332764 0.024871766567230225 0.9974088072776794 0.9995672106742859 0.9956157803535461 0.9991999864578247 0.9974046349525452 0.020646370947360992 0.9974093437194824 0.9994592666625977 0.9975990653038025 0.9972000122070312 0.9973995089530945 0.9973995089530945
0.016715992242097855 0.9976332783699036 0.9995641708374023 0.9982478022575378 0.996999979019165 0.9976234436035156 0.019047634676098824 0.9978074431419373 0.9995701313018799 0.9972033500671387 0.9983999729156494 0.9978013038635254 0.018921488896012306 0.9976086020469666 0.9993298649787903 0.9983974099159241 0.9968000054359436 0.9975980520248413 0.9975980520248413
0.016055013984441757 0.9977827668190002 0.999662458896637 0.9983481168746948 0.9972000122070312 0.9977737665176392 0.02090419828891754 0.9974088072776794 0.9995736479759216 0.9968038201332092 0.9980000257492065 0.9974015355110168 0.019478533416986465 0.9974093437194824 0.999359130859375 0.9975990653038025 0.9972000122070312 0.9973995089530945 0.9973995089530945
0.016443908214569092 0.9975834488868713 0.9997351169586182 0.9983474612236023 0.9968000054359436 0.9975731372833252 0.027293885126709938 0.9970101714134216 0.9991792440414429 0.9948228001594543 0.9991999864578247 0.9970065355300903 0.021681906655430794 0.9972100257873535 0.9994677901268005 0.996802568435669 0.9976000189781189 0.997201144695282 0.997201144695282
0.016858404502272606 0.997508704662323 0.9996647834777832 0.9981974959373474 0.9968000054359436 0.9974982738494873 0.020172424614429474 0.9964122176170349 0.9995601773262024 0.9967974424362183 0.9959999918937683 0.9963985681533813 0.018374620005488396 0.9972100257873535 0.99936842918396 0.9983961582183838 0.9959999918937683 0.997196614742279 0.997196614742279
0.015989582985639572 0.997732937335968 0.9995911121368408 0.9984477758407593 0.996999979019165 0.9977233409881592 0.02047782577574253 0.9976081252098083 0.9995694160461426 0.9964086413383484 0.9987999796867371 0.9976028800010681 0.0169729832559824 0.9978079199790955 0.9997572898864746 0.9983980655670166 0.9972000122070312 0.9977986812591553 0.9977986812591553
0.016843099147081375 0.9973094463348389 0.9996416568756104 0.9980470538139343 0.9965500235557556 0.997298002243042 0.02008860558271408 0.9974088072776794 0.999575138092041 0.9964072108268738 0.9983999729156494 0.997402548789978 0.017102189362049103 0.9976086020469666 0.9995548129081726 0.9976000189781189 0.9976000189781189 0.9976000189781189 0.9976000189781189
0.01550808735191822 0.9977827668190002 0.9997485280036926 0.9985477328300476 0.996999979019165 0.9977732300758362 0.01933729648590088 0.9978074431419373 0.9995797276496887 0.9972033500671387 0.9983999729156494 0.9978013038635254 0.01758674718439579 0.9980071783065796 0.9993515014648438 0.9983987212181091 0.9976000189781189 0.9979991912841797 0.9979991912841797
0.015718603506684303 0.9978076815605164 0.999684751033783 0.9982982873916626 0.9973000288009644 0.9977989196777344 0.021176110953092575 0.9966115355491638 0.9995641708374023 0.9967986941337585 0.996399998664856 0.9965993165969849 0.018548021093010902 0.9972100257873535 0.9997448921203613 0.9979968070983887 0.996399998664856 0.9971977472305298 0.9971977472305298
0.015090805478394032 0.9979322552680969 0.9996480345726013 0.99839848279953 0.9974499940872192 0.9979240894317627 0.020643796771764755 0.9974088072776794 0.999575138092041 0.9964072108268738 0.9983999729156494 0.997402548789978 0.0183251965790987 0.9978079199790955 0.9991663098335266 0.9983980655670166 0.9972000122070312 0.9977986812591553 0.9977986812591553
0.0161097664386034 0.9977080225944519 0.9994868636131287 0.9984476566314697 0.9969499707221985 0.9976982474327087 0.020702950656414032 0.9976081252098083 0.9995764493942261 0.9964086413383484 0.9987999796867371 0.9976028800010681 0.018118565902113914 0.9976086020469666 0.9993523955345154 0.9976000189781189 0.9976000189781189 0.9976000189781189 0.9976000189781189
0.01593763194978237 0.9976831078529358 0.9996196627616882 0.9983477592468262 0.996999979019165 0.9976733922958374 0.022289536893367767 0.9974088072776794 0.9995750188827515 0.9960111975669861 0.9987999796867371 0.997403621673584 0.01913459040224552 0.9976086020469666 0.9994751214981079 0.9976000189781189 0.9976000189781189 0.9976000189781189 0.9976000189781189
0.015359620563685894 0.997732937335968 0.9996957778930664 0.9981982707977295 0.9972500205039978 0.9977238774299622 0.024640515446662903 0.9974088072776794 0.9991744756698608 0.9956157803535461 0.9991999864578247 0.9974046349525452 0.018801391124725342 0.9972100257873535 0.9995508790016174 0.9972000122070312 0.9972000122070312 0.9972000122070312 0.9972000122070312
0.016178982332348824 0.9976332783699036 0.9995629191398621 0.9982976913452148 0.9969499707221985 0.9976233839988708 0.021571416407823563 0.9974088072776794 0.9995687007904053 0.9960111975669861 0.9987999796867371 0.997403621673584 0.018419159576296806 0.9976086020469666 0.9993621706962585 0.9979984164237976 0.9972000122070312 0.9975990056991577 0.9975990056991577
0.015829987823963165 0.9977827668190002 0.9997384548187256 0.9983980059623718 0.9971500039100647 0.9977736473083496 0.02114807441830635 0.9978074431419373 0.9995784163475037 0.996410071849823 0.9991999864578247 0.9978030920028687 0.01829652674496174 0.9978079199790955 0.999727725982666 0.9979991912841797 0.9976000189781189 0.9977995753288269 0.9977995753288269
0.015115877613425255 0.9979073405265808 0.9996950626373291 0.998598039150238 0.9972000122070312 0.997898519039154 0.022093534469604492 0.9974088072776794 0.9993786215782166 0.9964072108268738 0.9983999729156494 0.997402548789978 0.016748076304793358 0.9976086020469666 0.9997530579566956 0.9976000189781189 0.9976000189781189 0.9976000189781189 0.9976000189781189
0.01637125574052334 0.997508704662323 0.9996159076690674 0.9982972741127014 0.9966999888420105 0.9974979758262634 0.025431498885154724 0.9964122176170349 0.999350905418396 0.9956070184707642 0.9972000122070312 0.9964028596878052 0.018584713339805603 0.9970107674598694 0.9995474219322205 0.9975970983505249 0.996399998664856 0.9969981908798218 0.9969981908798218
0.01622132956981659 0.9976831078529358 0.9995583295822144 0.9983976483345032 0.9969499707221985 0.9976732730865479 0.021280953660607338 0.9972094893455505 0.999575138092041 0.9960095882415771 0.9983999729156494 0.9972033500671387 0.017571542412042618 0.9976086020469666 0.9997615218162537 0.9979984164237976 0.9972000122070312 0.9975990056991577 0.9975990056991577
0.015640094876289368 0.9974837899208069 0.9996779561042786 0.9979480504989624 0.996999979019165 0.9974737763404846 0.020785821601748466 0.9976081252098083 0.9995747208595276 0.9964086413383484 0.9987999796867371 0.9976028800010681 0.017412541434168816 0.9978079199790955 0.9997462630271912 0.9979991912841797 0.9976000189781189 0.9977995753288269 0.9977995753288269
0.01579684391617775 0.9974090456962585 0.9997002482414246 0.9980973601341248 0.9966999888420105 0.9973981380462646 0.0199205931276083 0.9972094893455505 0.999577522277832 0.9960095882415771 0.9983999729156494 0.9972033500671387 0.018057283014059067 0.9978079199790955 0.99934321641922 0.9979991912841797 0.9976000189781189 0.9977995753288269 0.9977995753288269
0.01563218981027603 0.9977578520774841 0.9996949434280396 0.9985976219177246 0.9969000220298767 0.997748076915741 0.021380119025707245 0.9960135817527771 0.999565064907074 0.9975922703742981 0.9944000244140625 0.9959936141967773 0.01971862092614174 0.9968114495277405 0.9989827871322632 0.9987951517105103 0.9947999715805054 0.9967935681343079 0.9967935681343079
0.015307576395571232 0.9977578520774841 0.9996243119239807 0.998397946357727 0.9970999956130981 0.9977485537528992 0.021145049482584 0.9976081252098083 0.9995846748352051 0.9960127472877502 0.9991999864578247 0.9976038336753845 0.016879113391041756 0.9978079199790955 0.9997577667236328 0.9979991912841797 0.9976000189781189 0.9977995753288269 0.9977995753288269
0.016543611884117126 0.9974090456962585 0.9995822310447693 0.9981472492218018 0.996649980545044 0.9973980188369751 0.022163614630699158 0.9970101714134216 0.9995610117912292 0.9964042901992798 0.9976000189781189 0.9970018267631531 0.01826581358909607 0.9972100257873535 0.9997474551200867 0.9979968070983887 0.996399998664856 0.9971977472305298 0.9971977472305298
0.01455011684447527 0.9980319142341614 0.9997257590293884 0.9985484480857849 0.9975000023841858 0.9980239272117615 0.02168843522667885 0.9976081252098083 0.9995741248130798 0.9960127472877502 0.9991999864578247 0.9976038336753845 0.017368890345096588 0.9974093437194824 0.9997583031654358 0.9979975819587708 0.9968000054359436 0.9973984360694885 0.9973984360694885
0.015908559784293175 0.9976831078529358 0.9996623396873474 0.9981980919837952 0.9971500039100647 0.997673749923706 0.02213785983622074 0.9976081252098083 0.9993769526481628 0.9960127472877502 0.9991999864578247 0.9976038336753845 0.018199333921074867 0.9978079199790955 0.9991672039031982 0.9979991912841797 0.9976000189781189 0.9977995753288269 0.9977995753288269
0.016107680276036263 0.9976083636283875 0.9996658563613892 0.9982976317405701 0.9969000220298767 0.9975983500480652 0.02365656942129135 0.9970101714134216 0.9993873834609985 0.9948228001594543 0.9991999864578247 0.9970065355300903 0.02044716104865074 0.9972100257873535 0.9991024732589722 0.996802568435669 0.9976000189781189 0.997201144695282 0.997201144695282
0.016507869586348534 0.9975834488868713 0.9996297955513 0.9981977343559265 0.9969499707221985 0.9975734353065491 0.02125985361635685 0.9974088072776794 0.9995740056037903 0.9960111975669861 0.9987999796867371 0.997403621673584 0.017697447910904884 0.9978079199790955 0.9993621110916138 0.9979991912841797 0.9976000189781189 0.9977995753288269 0.9977995753288269
0.01563727669417858 0.9976581931114197 0.9996950030326843 0.9981980323791504 0.9970999956130981 0.9976487159729004 0.02043270505964756 0.9974088072776794 0.9995700716972351 0.9968038201332092 0.9980000257492065 0.9974015355110168 0.016857286915183067 0.9978079199790955 0.999764621257782 0.9983980655670166 0.9972000122070312 0.9977986812591553 0.9977986812591553
0.015803726390004158 0.9976831078529358 0.9997098445892334 0.9983477592468262 0.996999979019165 0.9976733922958374 0.019689057022333145 0.9972094893455505 0.9995709657669067 0.9972000122070312 0.9972000122070312 0.9972000122070312 0.018709994852542877 0.9976086020469666 0.9991596937179565 0.9983974099159241 0.9968000054359436 0.9975980520248413 0.9975980520248413
0.014948706142604351 0.997957170009613 0.9995275735855103 0.9985981583595276 0.9973000288009644 0.9979486465454102 0.021302003413438797 0.9972094893455505 0.9995826482772827 0.9960095882415771 0.9983999729156494 0.9972033500671387 0.0173218734562397 0.9978079199790955 0.999563455581665 0.9979991912841797 0.9976000189781189 0.9977995753288269 0.9977995753288269
0.015544808469712734 0.9976581931114197 0.9996464252471924 0.9982479214668274 0.9970499873161316 0.9976485967636108 0.022996623069047928 0.9974088072776794 0.999566376209259 0.9956157803535461 0.9991999864578247 0.9974046349525452 0.018323807045817375 0.9976086020469666 0.9997407793998718 0.9979984164237976 0.9972000122070312 0.9975990056991577 0.9975990056991577
0.015856176614761353 0.9974837899208069 0.9996656775474548 0.9980477690696716 0.9969000220298767 0.9974735975265503 0.02146494761109352 0.9968108534812927 0.9995667934417725 0.9960063695907593 0.9976000189781189 0.9968026280403137 0.01788991317152977 0.9974093437194824 0.9995620846748352 0.9975990653038025 0.9972000122070312 0.9973995089530945 0.9973995089530945
