loss_s0114 accuracy_s0114 val_auc_s0114 precision_s0114 recall_s0114 f1_score_s0114 val_loss_s0114 val_accuracy_s0114 val_val_auc_s0114 val_precision_s0114 val_recall_s0114 val_f1_score_s0114
0.18086223304271698 0.9331002235412598 0.9807857871055603 0.9294579029083252 0.9361500144004822 0.9327918887138367 0.05806544050574303 0.9839317798614502 0.997300386428833 0.9843812584877014 0.9832000136375427 0.9837902784347534
0.06884545832872391 0.9794936776161194 0.9959433078765869 0.9783921241760254 0.9803000092506409 0.9793452024459839 0.05408972129225731 0.988891065120697 0.9986107349395752 0.9947368502616882 0.9828000068664551 0.9887323975563049
0.056485552340745926 0.9838329553604126 0.9972261190414429 0.9842326641082764 0.9831500053405762 0.9836910367012024 0.034578416496515274 0.9904780983924866 0.9982349872589111 0.995553731918335 0.9851999878883362 0.9903498291969299
0.04421335831284523 0.9884450435638428 0.99776291847229 0.9890346527099609 0.9876499772071838 0.9883418679237366 0.032537791877985 0.9914699196815491 0.9987882971763611 0.9896373152732849 0.9932000041007996 0.9914154410362244
0.0408593975007534 0.9894864559173584 0.9981274008750916 0.9906757473945618 0.988099992275238 0.9893862009048462 0.052538108080625534 0.9875024557113647 0.9988701343536377 0.9795356392860413 0.9955999851226807 0.9875025153160095
0.04441740736365318 0.9889161586761475 0.9977254271507263 0.9884098768234253 0.9892500042915344 0.9888297319412231 0.020479772239923477 0.9958341717720032 0.9994670152664185 0.9963956475257874 0.995199978351593 0.9957974553108215
0.03616343438625336 0.9913213849067688 0.9983615279197693 0.9920865297317505 0.9904000163078308 0.9912425875663757 0.023698139935731888 0.9948422908782959 0.999254047870636 0.9959903955459595 0.9936000108718872 0.9947937726974487
0.03339402750134468 0.992387592792511 0.9986371397972107 0.9927931427955627 0.9918500185012817 0.9923213124275208 0.021791156381368637 0.9946439266204834 0.9994853734970093 0.9955911636352539 0.9936000108718872 0.9945945739746094
0.03042265586555004 0.992784321308136 0.9986423850059509 0.9933416843414307 0.9921000003814697 0.9927204251289368 0.018913477659225464 0.9946439266204834 0.9996286630630493 0.9967858791351318 0.9923999905586243 0.9945881366729736
0.03227933868765831 0.9922884106636047 0.9985731840133667 0.9939786195755005 0.9904500246047974 0.9922112226486206 0.018274152651429176 0.9958341717720032 0.9996674656867981 0.9948104023933411 0.9968000054359436 0.9958042502403259
0.028542133048176765 0.9933794736862183 0.998896062374115 0.9944870471954346 0.9921500086784363 0.9933171272277832 0.01770162582397461 0.9966276288032532 0.9997159838676453 0.9956088066101074 0.9976000189781189 0.9966034293174744
0.027102109044790268 0.994073748588562 0.9989003539085388 0.9948415160179138 0.9932000041007996 0.9940201044082642 0.014548974111676216 0.9972227811813354 0.9997286200523376 0.9972000122070312 0.9972000122070312 0.9972000122070312
0.02762896567583084 0.9937514066696167 0.9989103078842163 0.9949373602867126 0.9924499988555908 0.9936921000480652 0.013112020678818226 0.9962309002876282 0.9999127984046936 0.9967961311340332 0.9955999851226807 0.9961977005004883
0.024121999740600586 0.9948920011520386 0.999000072479248 0.9959907531738281 0.9937000274658203 0.9948440790176392 0.013462619855999947 0.997024416923523 0.9997330904006958 0.9968012571334839 0.9972000122070312 0.9970005750656128
0.023729344829916954 0.9947184324264526 0.9990288615226746 0.996039092540741 0.9933000206947327 0.994667649269104 0.0919736698269844 0.9517952799797058 0.999121367931366 0.9995573163032532 0.9031999707221985 0.9489388465881348
0.04550217464566231 0.9857174754142761 0.9981066584587097 0.990703284740448 0.980400025844574 0.9855247139930725 0.012667588889598846 0.9966276288032532 0.9997289776802063 0.997196614742279 0.9959999918937683 0.996597945690155
0.02774759940803051 0.993453860282898 0.9989326596260071 0.9951826333999634 0.991599977016449 0.9933881163597107 0.01381641160696745 0.997024416923523 0.9997475147247314 0.9964042901992798 0.9976000189781189 0.9970018267631531
0.023639418184757233 0.9945696592330933 0.9991400241851807 0.9960379004478455 0.9929999709129333 0.9945166110992432 0.01110887061804533 0.997421145439148 0.9999603629112244 0.997201144695282 0.9976000189781189 0.9974005818367004
0.021179113537073135 0.9951399564743042 0.9991690516471863 0.9964404106140137 0.9937499761581421 0.9950933456420898 0.010315255261957645 0.9980162382125854 0.9999542832374573 0.9980000257492065 0.9980000257492065 0.9980000257492065
0.01965266466140747 0.9956358671188354 0.9993361830711365 0.9966429471969604 0.9945499897003174 0.995595395565033 0.010989960283041 0.9968260526657104 0.9999701380729675 0.9979951977729797 0.9955999851226807 0.996796190738678
0.02175172232091427 0.995040774345398 0.9992109537124634 0.9965890645980835 0.993399977684021 0.9949919581413269 0.011240663938224316 0.997421145439148 0.9997480511665344 0.9964072108268738 0.9983999729156494 0.997402548789978
0.019158391281962395 0.9958342909812927 0.9992104172706604 0.9967935681343079 0.9947999715805054 0.9957957863807678 0.009536872617900372 0.997024416923523 0.9999819993972778 0.9960079789161682 0.9980000257492065 0.9970029592514038
0.017427638173103333 0.9966525435447693 0.9993254542350769 0.9975953102111816 0.9956499934196472 0.9966216683387756 0.011606267653405666 0.997817873954773 0.9999203085899353 0.9976009726524353 0.9980000257492065 0.9978004693984985
0.019649695605039597 0.9957102537155151 0.9991825819015503 0.9967430233955383 0.9945999979972839 0.9956703782081604 0.012066871859133244 0.9972227811813354 0.9999074339866638 0.9972000122070312 0.9972000122070312 0.9972000122070312
0.018413297832012177 0.9962310194969177 0.9992523789405823 0.9970947504043579 0.9952999949455261 0.9961965680122375 0.017178142443299294 0.9954373836517334 0.9990934133529663 0.9963927865028381 0.9944000244140625 0.9953954219818115
0.023192228749394417 0.9951151609420776 0.9991123080253601 0.9961914420127869 0.9939500093460083 0.9950695037841797 0.010246986523270607 0.997024416923523 0.9999704957008362 0.9968012571334839 0.9972000122070312 0.9970005750656128
0.018989253789186478 0.9960326552391052 0.9992616176605225 0.9970936179161072 0.9948999881744385 0.9959955811500549 0.013862912543118 0.997421145439148 0.9993305802345276 0.9975990653038025 0.9972000122070312 0.9973995089530945
0.01815105974674225 0.9961814284324646 0.9994040727615356 0.9969450831413269 0.9953500032424927 0.9961469173431396 0.01336248591542244 0.997421145439148 0.9991471767425537 0.997201144695282 0.9976000189781189 0.9974005818367004
0.016630709171295166 0.9969252943992615 0.9993857145309448 0.9976963400840759 0.9961000084877014 0.9968975782394409 0.013021696358919144 0.9968260526657104 0.9997392892837524 0.9964028596878052 0.9972000122070312 0.9968012571334839
0.01675199531018734 0.9967021346092224 0.9993870258331299 0.9975457191467285 0.9958000183105469 0.9966720938682556 0.013123958371579647 0.997817873954773 0.999782145023346 0.9976009726524353 0.9980000257492065 0.9978004693984985
0.015853727236390114 0.9970740675926208 0.9994142055511475 0.9981459379196167 0.9959499835968018 0.9970467686653137 0.010497807525098324 0.9976195096969604 0.9999591112136841 0.9976000189781189 0.9976000189781189 0.9976000189781189
0.014095806516706944 0.9970492720603943 0.9995504021644592 0.9977965950965881 0.9962499737739563 0.9970226883888245 0.012359295971691608 0.997024416923523 0.9995864629745483 0.9960079789161682 0.9980000257492065 0.9970029592514038
0.016384413465857506 0.996726930141449 0.9994637370109558 0.9974461793899536 0.9959499835968018 0.9966975450515747 0.00941870454698801 0.997817873954773 0.9999785423278809 0.9976009726524353 0.9980000257492065 0.9978004693984985
0.017616746947169304 0.9964045882225037 0.9993578195571899 0.9973946809768677 0.9953500032424927 0.9963712692260742 0.020007571205496788 0.9958341717720032 0.9996475577354431 0.9983916282653809 0.9932000041007996 0.9957889914512634
0.035179734230041504 0.9912965893745422 0.9985470175743103 0.9941155910491943 0.9883000254631042 0.991199254989624 0.010718844830989838 0.9976195096969604 0.9997863173484802 0.9995983839035034 0.9955999851226807 0.9975951910018921
0.01884893700480461 0.996330201625824 0.9993926882743835 0.9975438714027405 0.9950500130653381 0.9962953925132751 0.012759597040712833 0.997024416923523 0.9999213218688965 0.9960079789161682 0.9980000257492065 0.9970029592514038
0.016518283635377884 0.9968261122703552 0.999312698841095 0.9974466562271118 0.996150016784668 0.9967979192733765 0.010875090025365353 0.9972227811813354 0.9999725818634033 0.9979968070983887 0.996399998664856 0.9971977472305298
0.01673538237810135 0.9968509078025818 0.999396026134491 0.9973472356796265 0.9962999820709229 0.9968233704566956 0.010059883818030357 0.997817873954773 0.9999720454216003 0.998797595500946 0.9968000054359436 0.9977978467941284
0.01514211855828762 0.9969004988670349 0.9995855689048767 0.9977959394454956 0.9959499835968018 0.9968721270561218 0.010983592830598354 0.9976195096969604 0.9995704293251038 0.9979984164237976 0.9972000122070312 0.9975990056991577
0.014941005036234856 0.9970988631248474 0.9994828104972839 0.9979962706565857 0.996150016784668 0.9970722198486328 0.012071166187524796 0.997421145439148 0.9993680715560913 0.9983968138694763 0.996399998664856 0.9973974227905273
0.013890741392970085 0.9976691603660583 0.9994744062423706 0.9982978105545044 0.996999979019165 0.9976484775543213 0.008981692604720592 0.997421145439148 0.9999834299087524 0.9968038201332092 0.9980000257492065 0.9974015355110168
0.013857170008122921 0.9973716139793396 0.9996278882026672 0.9979475140571594 0.996749997138977 0.9973483681678772 0.009859194979071617 0.9980162382125854 0.9997757077217102 0.9980000257492065 0.9980000257492065 0.9980000257492065
0.013898576609790325 0.9970740675926208 0.9995236992835999 0.9980461001396179 0.9960500001907349 0.9970470666885376 0.009645393118262291 0.9976195096969604 0.999786376953125 0.9968051314353943 0.9983999729156494 0.9976019263267517
0.012977737933397293 0.997520387172699 0.9995887279510498 0.9981974959373474 0.9968000054359436 0.9974982738494873 0.011065252125263214 0.9976195096969604 0.9995680451393127 0.9972022175788879 0.9980000257492065 0.9976009130477905
0.013007243163883686 0.9975947737693787 0.9996287226676941 0.9984972476959229 0.996649980545044 0.9975727200508118 0.010954073630273342 0.997024416923523 0.9995783567428589 0.9968012571334839 0.9972000122070312 0.9970005750656128
0.013250774703919888 0.9970988631248474 0.9995363354682922 0.9979962706565857 0.996150016784668 0.9970722198486328 0.011238934472203255 0.9976195096969604 0.9997647404670715 0.9983974099159241 0.9968000054359436 0.9975980520248413
0.014229430817067623 0.9976195693016052 0.999477744102478 0.9982976317405701 0.9969000220298767 0.9975983500480652 0.009234249591827393 0.9980162382125854 0.9997875094413757 0.9980000257492065 0.9980000257492065 0.9980000257492065
0.012395263649523258 0.9974212050437927 0.9996342062950134 0.9979975819587708 0.9968000054359436 0.9973984360694885 0.010052626952528954 0.997817873954773 0.9993869066238403 0.998797595500946 0.9968000054359436 0.9977978467941284
0.013599819503724575 0.9973964095115662 0.999532163143158 0.9982469081878662 0.9965000152587891 0.9973726868629456 0.011884414590895176 0.9968260526657104 0.9993711709976196 0.9968000054359436 0.9968000054359436 0.9968000054359436
0.012856398709118366 0.997346818447113 0.9994866251945496 0.9980471730232239 0.9965999722480774 0.9973230361938477 0.010593068785965443 0.997817873954773 0.9997422099113464 0.9976009726524353 0.9980000257492065 0.9978004693984985
0.012378303334116936 0.997520387172699 0.9996129870414734 0.9979979991912842 0.996999979019165 0.9974987506866455 0.01033672783523798 0.997421145439148 0.999769389629364 0.9983968138694763 0.996399998664856 0.9973974227905273
0.011355307884514332 0.9980162978172302 0.9996509552001953 0.9985483884811401 0.9974499940872192 0.9979988932609558 0.009364086203277111 0.997817873954773 0.9997851848602295 0.9976009726524353 0.9980000257492065 0.9978004693984985
0.012212530709803104 0.9976195693016052 0.9996917247772217 0.9980482459068298 0.9971500039100647 0.9975988864898682 0.011205920949578285 0.9976195096969604 0.9997707605361938 0.9983974099159241 0.9968000054359436 0.9975980520248413
0.012916500680148602 0.9975699782371521 0.9996122717857361 0.9982475638389587 0.9968500137329102 0.9975482821464539 0.01068869698792696 0.9972227811813354 0.9997569918632507 0.9964057803153992 0.9980000257492065 0.9972023367881775
0.011837586760520935 0.9976939558982849 0.9996229410171509 0.9982978701591492 0.9970499873161316 0.997673511505127 0.010927526280283928 0.9972227811813354 0.999579668045044 0.9983961582183838 0.9959999918937683 0.997196614742279
0.012957961298525333 0.9972724318504333 0.9996331334114075 0.997947096824646 0.9965500235557556 0.997248113155365 0.011298916302621365 0.997817873954773 0.9995848536491394 0.9972033500671387 0.9983999729156494 0.9978013038635254
0.013494353741407394 0.9973220229148865 0.9995627403259277 0.9983465075492859 0.9962499737739563 0.9972971081733704 0.010391069576144218 0.9980162382125854 0.9997793436050415 0.9972044825553894 0.9987999796867371 0.9980015754699707
0.01264845859259367 0.9973716139793396 0.9996435642242432 0.9980971217155457 0.9965999722480774 0.9973480105400085 0.01055103074759245 0.9976195096969604 0.9997860193252563 0.9972022175788879 0.9980000257492065 0.9976009130477905
0.011892645619809628 0.9977931380271912 0.9995968341827393 0.9982982277870178 0.9972500205039978 0.9977738857269287 0.012609140947461128 0.9972227811813354 0.9997340440750122 0.996802568435669 0.9976000189781189 0.997201144695282
0.010982145555317402 0.9979915022850037 0.9997251033782959 0.9984485507011414 0.9975000023841858 0.9979740381240845 0.012356853112578392 0.9972227811813354 0.999579668045044 0.9975980520248413 0.9968000054359436 0.9971988201141357
0.014103779569268227 0.9971732497215271 0.9995490908622742 0.9981961846351624 0.9961000084877014 0.9971469640731812 0.01137744914740324 0.9976195096969604 0.9997766613960266 0.9972022175788879 0.9980000257492065 0.9976009130477905
0.012197798117995262 0.9979915022850037 0.9995759725570679 0.9986981153488159 0.9972500205039978 0.9979735612869263 0.009993205778300762 0.9976195096969604 0.9997831583023071 0.9972022175788879 0.9980000257492065 0.9976009130477905
0.012913062237203121 0.9973964095115662 0.9997197389602661 0.9980473518371582 0.9966999888420105 0.9973731637001038 0.01020013727247715 0.9980162382125854 0.9995954632759094 0.9972044825553894 0.9987999796867371 0.9980015754699707
0.009836506098508835 0.9982642531394958 0.99977046251297 0.9985989928245544 0.9979000091552734 0.998249351978302 0.008820822462439537 0.997817873954773 0.9997894167900085 0.9972033500671387 0.9983999729156494 0.9978013038635254
0.00965962652117014 0.9982146620750427 0.9998188018798828 0.9986487627029419 0.9977499842643738 0.9981992244720459 0.012547864578664303 0.997421145439148 0.999376118183136 0.9987966418266296 0.9959999918937683 0.9973963499069214
0.011822405271232128 0.9976443648338318 0.999698281288147 0.9982976913452148 0.9969499707221985 0.9976233839988708 0.014853877015411854 0.9972227811813354 0.9989721775054932 0.9975980520248413 0.9968000054359436 0.9971988201141357
0.011250482872128487 0.9978675246238708 0.9997559785842896 0.9983982443809509 0.9973000288009644 0.9978488683700562 0.010706830769777298 0.9982146620750427 0.9997887015342712 0.9980008006095886 0.9983999729156494 0.9982003569602966
0.019128646701574326 0.996156632900238 0.9991645216941833 0.9970943331718445 0.9951500296592712 0.9961212277412415 0.010731805115938187 0.9976195096969604 0.999588668346405 0.9987971186637878 0.996399998664856 0.9975971579551697
0.011201798915863037 0.997917115688324 0.9996250867843628 0.9985480904579163 0.9972500205039978 0.9978986382484436 0.019306115806102753 0.9968260526657104 0.9987712502479553 0.9983948469161987 0.995199978351593 0.9967948198318481
0.012273263186216354 0.9978427290916443 0.9996404647827148 0.9986477494239807 0.996999979019165 0.9978232383728027 0.00955858826637268 0.9984130263328552 0.9997861981391907 0.9987990260124207 0.9980000257492065 0.9983993768692017
0.009685885161161423 0.9982394576072693 0.9997468590736389 0.9987486600875854 0.9976999759674072 0.9982240200042725 0.009462947025895119 0.997421145439148 0.999789834022522 0.9979975819587708 0.9968000054359436 0.9973984360694885
0.010945424437522888 0.9978427290916443 0.9996383786201477 0.9980989694595337 0.9975500106811523 0.9978244304656982 0.008540337905287743 0.9980162382125854 0.9997924566268921 0.9983987212181091 0.9976000189781189 0.9979991912841797
0.010117323137819767 0.9980162978172302 0.9997641444206238 0.9984486103057861 0.9975500106811523 0.9979991316795349 0.01375652477145195 0.997421145439148 0.9993755221366882 0.9987966418266296 0.9959999918937683 0.9973963499069214
0.01123674027621746 0.9976443648338318 0.9997258186340332 0.9984474182128906 0.9968000054359436 0.9976230263710022 0.011248214170336723 0.997817873954773 0.9995949864387512 0.9968063831329346 0.9987999796867371 0.9978021383285522
0.010607549920678139 0.9980162978172302 0.9996857047080994 0.9985483884811401 0.9974499940872192 0.9979988932609558 0.010293230414390564 0.997421145439148 0.9999778866767883 0.9987966418266296 0.9959999918937683 0.9973963499069214
0.010357802733778954 0.9983634352684021 0.9996691346168518 0.9987989068031311 0.9979000091552734 0.9983492493629456 0.008373865857720375 0.9980162382125854 0.9997919797897339 0.9980000257492065 0.9980000257492065 0.9980000257492065
0.010554973967373371 0.9980658888816833 0.9997654557228088 0.9986982941627502 0.9973999857902527 0.998048722743988 0.009668228216469288 0.9984130263328552 0.9995977282524109 0.9976038336753845 0.9991999864578247 0.9984012842178345
0.009841416962444782 0.9981898665428162 0.9997166991233826 0.9986487030982971 0.9976999759674072 0.9981741309165955 0.01284122560173273 0.997817873954773 0.9991751909255981 0.9976009726524353 0.9980000257492065 0.9978004693984985
0.011989402584731579 0.9981154799461365 0.999580442905426 0.9986485242843628 0.9975500106811523 0.9980989694595337 0.010514666326344013 0.9980162382125854 0.9997838735580444 0.9983987212181091 0.9976000189781189 0.9979991912841797
0.009455644525587559 0.9982146620750427 0.9998018145561218 0.9986987113952637 0.9976999759674072 0.9981991052627563 0.011021032929420471 0.9980162382125854 0.9995942115783691 0.9976019263267517 0.9983999729156494 0.9980007410049438
0.009410704486072063 0.9982394576072693 0.9997720122337341 0.9986987709999084 0.9977499842643738 0.998224139213562 0.011515329591929913 0.9976195096969604 0.9993895292282104 0.9976000189781189 0.9976000189781189 0.9976000189781189
0.010014340281486511 0.997917115688324 0.999818742275238 0.9985480904579163 0.9972500205039978 0.9978986382484436 0.010012096725404263 0.9984130263328552 0.9997886419296265 0.9987990260124207 0.9980000257492065 0.9983993768692017
0.011735502630472183 0.9979667067527771 0.9995791912078857 0.9985482692718506 0.9973499774932861 0.9979487657546997 0.012476001866161823 0.997421145439148 0.9997894763946533 0.9964072108268738 0.9983999729156494 0.997402548789978
0.010344881564378738 0.9980906844139099 0.9998103380203247 0.9987982511520386 0.9973499774932861 0.9980735778808594 0.011261849664151669 0.9976195096969604 0.9997860789299011 0.9983974099159241 0.9968000054359436 0.9975980520248413
0.009884345345199108 0.9984378218650818 0.9997202157974243 0.9989988207817078 0.9978500008583069 0.9984240531921387 0.009363444522023201 0.9982146620750427 0.9997937679290771 0.9976028800010681 0.9987999796867371 0.9982010722160339
0.010959897190332413 0.9981898665428162 0.9996784329414368 0.9988484382629395 0.9975000023841858 0.9981737732887268 0.011332332156598568 0.9982146620750427 0.9993898272514343 0.9983993768692017 0.9980000257492065 0.9981997013092041
0.00838480331003666 0.9986362457275391 0.9999016523361206 0.9991490840911865 0.9980999827384949 0.9986242055892944 0.009846942499279976 0.9982146620750427 0.9997922778129578 0.9980008006095886 0.9983999729156494 0.9982003569602966
0.00900709256529808 0.9982394576072693 0.999752938747406 0.9987486600875854 0.9976999759674072 0.9982240200042725 0.012411230243742466 0.9980162382125854 0.9997804760932922 0.9976019263267517 0.9983999729156494 0.9980007410049438
0.008425990119576454 0.9985617995262146 0.9998037219047546 0.9990990161895752 0.9980000257492065 0.998549222946167 0.008723976090550423 0.9982146620750427 0.9997950792312622 0.9983993768692017 0.9980000257492065 0.9981997013092041
0.011308764107525349 0.997917115688324 0.9997093081474304 0.9986479878425598 0.9971500039100647 0.9978984594345093 0.01333634089678526 0.9982146620750427 0.9993894100189209 0.9980008006095886 0.9983999729156494 0.9982003569602966
0.010502327233552933 0.9983634352684021 0.9995859861373901 0.99904865026474 0.9976500272750854 0.9983488917350769 0.012943297624588013 0.9976195096969604 0.999779224395752 0.9983974099159241 0.9968000054359436 0.9975980520248413
0.009238624013960361 0.9984378218650818 0.9997420907020569 0.9989988207817078 0.9978500008583069 0.9984240531921387 0.010704142972826958 0.9980162382125854 0.9995916485786438 0.9980000257492065 0.9980000257492065 0.9980000257492065
0.008967895992100239 0.9984130263328552 0.9998198747634888 0.9989988207817078 0.9977999925613403 0.9983990788459778 0.010863536968827248 0.9984130263328552 0.999789297580719 0.9980015754699707 0.9987999796867371 0.9984005689620972
0.009163747541606426 0.998537003993988 0.9997742176055908 0.999148964881897 0.9979000091552734 0.9985240697860718 0.009612062945961952 0.9980162382125854 0.9997949004173279 0.9972044825553894 0.9987999796867371 0.9980015754699707
0.009311790578067303 0.9984130263328552 0.9997485876083374 0.9987990260124207 0.9980000257492065 0.9983993768692017 0.00939196813851595 0.9984130263328552 0.9997932314872742 0.9980015754699707 0.9987999796867371 0.9984005689620972
0.008877157233655453 0.998537003993988 0.9998024702072144 0.9991989135742188 0.9978500008583069 0.998524010181427 0.00894494540989399 0.9986113905906677 0.9997944235801697 0.9984006285667419 0.9987999796867371 0.9986002445220947
0.007483257446438074 0.9986858367919922 0.9998864531517029 0.9990992546081543 0.9982500076293945 0.9986744523048401 0.00961210299283266 0.9982146620750427 0.9997769594192505 0.9983993768692017 0.9980000257492065 0.9981997013092041
0.010025589726865292 0.9980410933494568 0.9997196197509766 0.9986982345581055 0.9973499774932861 0.9980236291885376 0.012935474514961243 0.9972227811813354 0.9995813965797424 0.9979968070983887 0.996399998664856 0.9971977472305298
0.009075057692825794 0.9984626173973083 0.999726414680481 0.9989489316940308 0.99795001745224 0.9984492659568787 0.008406078442931175 0.9990081191062927 0.9997951984405518 0.998401939868927 0.9995999932289124 0.999000608921051
0.012226470746099949 0.9974460005760193 0.9996721148490906 0.9981473088264465 0.9966999888420105 0.9974231719970703 0.010138875804841518 0.9982146620750427 0.9997905492782593 0.9995988607406616 0.9968000054359436 0.9981974959373474
0.011239670217037201 0.9976195693016052 0.9997501969337463 0.9981479644775391 0.9970499873161316 0.9975986480712891 0.01154551561921835 0.9976195096969604 0.9997833371162415 0.9976000189781189 0.9976000189781189 0.9976000189781189
0.009255146607756615 0.9983386397361755 0.9997946619987488 0.9988987445831299 0.9977499842643738 0.9983240365982056 0.01093958131968975 0.997817873954773 0.9997897148132324 0.9976009726524353 0.9980000257492065 0.9978004693984985
0.0176092479377985 0.9967517256736755 0.9993758201599121 0.9976456165313721 0.9958000183105469 0.9967219829559326 0.013552975840866566 0.9972227811813354 0.9995691776275635 0.9979968070983887 0.996399998664856 0.9971977472305298
0.008988264948129654 0.9984874129295349 0.999749481678009 0.9989489912986755 0.9980000257492065 0.9984742999076843 0.01103499811142683 0.9982146620750427 0.999785840511322 0.9980008006095886 0.9983999729156494 0.9982003569602966
0.00860417541116476 0.9984378218650818 0.9998238682746887 0.9990488290786743 0.9977999925613403 0.9984239935874939 0.009668519720435143 0.9982146620750427 0.9997870922088623 0.9980008006095886 0.9983999729156494 0.9982003569602966
0.007973156869411469 0.9988594055175781 0.9998559355735779 0.9990995526313782 0.9986000061035156 0.9988497495651245 0.009280198253691196 0.9980162382125854 0.9997905492782593 0.9980000257492065 0.9980000257492065 0.9980000257492065
0.0072645386680960655 0.9990081787109375 0.9998342990875244 0.9994494915008545 0.9985499978065491 0.9989995360374451 0.009503510780632496 0.997817873954773 0.9997919201850891 0.9979991912841797 0.9976000189781189 0.9977995753288269
0.0084088034927845 0.9986362457275391 0.9997553825378418 0.999049186706543 0.998199999332428 0.9986244440078735 0.008118940517306328 0.9984130263328552 0.9997941851615906 0.9983999729156494 0.9983999729156494 0.9983999729156494
0.008607259020209312 0.9986114501953125 0.9997801780700684 0.9991990327835083 0.9980000257492065 0.9985991716384888 0.009725045412778854 0.9980162382125854 0.9997870326042175 0.9980000257492065 0.9980000257492065 0.9980000257492065
0.0077556343749165535 0.9986114501953125 0.9998592138290405 0.9989492893218994 0.9982500076293945 0.9985995292663574 0.009770139120519161 0.9984130263328552 0.9995952248573303 0.9972066879272461 0.9995999932289124 0.998401939868927
0.009346354752779007 0.9980658888816833 0.9997021555900574 0.9985485672950745 0.9975500106811523 0.9980490803718567 0.011373338289558887 0.9980162382125854 0.9993715882301331 0.9980000257492065 0.9980000257492065 0.9980000257492065
0.00836089812219143 0.998537003993988 0.9998040795326233 0.9989491105079651 0.9980999827384949 0.9985243082046509 0.010078772902488708 0.9982146620750427 0.9995981454849243 0.9972056150436401 0.9991999864578247 0.998201847076416
0.008062982000410557 0.9987106323242188 0.9997352957725525 0.9990493059158325 0.9983500242233276 0.9986995458602905 0.010761084966361523 0.9980162382125854 0.9995929002761841 0.9976019263267517 0.9983999729156494 0.9980007410049438
0.008042980916798115 0.9986362457275391 0.9997813701629639 0.9991490840911865 0.9980999827384949 0.9986242055892944 0.009234365075826645 0.9984130263328552 0.9997945427894592 0.9980015754699707 0.9987999796867371 0.9984005689620972
0.008248805068433285 0.998537003993988 0.999829113483429 0.9990989565849304 0.99795001745224 0.9985241293907166 0.011451181024312973 0.9984130263328552 0.9995985627174377 0.9972066879272461 0.9995999932289124 0.998401939868927
0.010015178471803665 0.9981650710105896 0.9997459053993225 0.9987984299659729 0.9975000023841858 0.9981487989425659 0.015811482444405556 0.997421145439148 0.9987842440605164 0.9983968138694763 0.996399998664856 0.9973974227905273
0.009118747897446156 0.998537003993988 0.999752402305603 0.9988492727279663 0.998199999332428 0.9985244870185852 0.010023383423686028 0.9982146620750427 0.9997916221618652 0.9972056150436401 0.9991999864578247 0.998201847076416
0.008548115380108356 0.9987602233886719 0.9997999668121338 0.9994992613792419 0.9980000257492065 0.9987491369247437 0.010914470069110394 0.997817873954773 0.9995938539505005 0.9976009726524353 0.9980000257492065 0.9978004693984985
0.008392578922212124 0.998537003993988 0.9997546076774597 0.9989990592002869 0.9980499744415283 0.9985242486000061 0.008946912363171577 0.997817873954773 0.9997933506965637 0.998797595500946 0.9968000054359436 0.9977978467941284
0.007388366851955652 0.9988842010498047 0.9998815059661865 0.9992994070053101 0.998449981212616 0.9988745450973511 0.009772972203791142 0.9984130263328552 0.9997836947441101 0.9983999729156494 0.9983999729156494 0.9983999729156494
0.008934423327445984 0.9982890486717224 0.9998253583908081 0.9988986253738403 0.9976500272750854 0.9982739090919495 0.010591068305075169 0.997817873954773 0.9997828602790833 0.9979991912841797 0.9976000189781189 0.9977995753288269
0.008744513615965843 0.9984874129295349 0.9997534155845642 0.9990988969802856 0.9978500008583069 0.9984740614891052 0.008983266539871693 0.9984130263328552 0.9997981190681458 0.9972066879272461 0.9995999932289124 0.998401939868927
0.011094680987298489 0.9979915022850037 0.9995657801628113 0.9987980127334595 0.9971500039100647 0.9979732632637024 0.010199288837611675 0.9984130263328552 0.9997904896736145 0.9980015754699707 0.9987999796867371 0.9984005689620972
0.010596603155136108 0.9980410933494568 0.9997748732566833 0.9985983967781067 0.9974499940872192 0.9980238080024719 0.011255481280386448 0.9976195096969604 0.9997862577438354 0.9972022175788879 0.9980000257492065 0.9976009130477905
0.007789475377649069 0.9987106323242188 0.9997852444648743 0.9992491602897644 0.9981499910354614 0.9986993074417114 0.011144770309329033 0.9980162382125854 0.9997928738594055 0.9968076348304749 0.9991999864578247 0.9980023503303528
0.007533249445259571 0.9987602233886719 0.9998586177825928 0.9989994764328003 0.9984999895095825 0.9987496733665466 0.00838005356490612 0.9986113905906677 0.999797523021698 0.9984006285667419 0.9987999796867371 0.9986002445220947
0.007720266003161669 0.998537003993988 0.9998344779014587 0.9989491105079651 0.9980999827384949 0.9985243082046509 0.008580501191318035 0.9986113905906677 0.9997943639755249 0.9984006285667419 0.9987999796867371 0.9986002445220947
0.007518190424889326 0.9987602233886719 0.9998598098754883 0.9991992712020874 0.9983000159263611 0.9987494945526123 0.010071652010083199 0.997817873954773 0.9997926950454712 0.9976009726524353 0.9980000257492065 0.9978004693984985
0.00895008072257042 0.9981650710105896 0.9998252987861633 0.9987484812736511 0.9975500106811523 0.9981488585472107 0.012460115365684032 0.997421145439148 0.9993917942047119 0.9983968138694763 0.996399998664856 0.9973974227905273
0.010054723359644413 0.9984130263328552 0.9996945858001709 0.9987491369247437 0.9980499744415283 0.9983994364738464 0.010508181527256966 0.997817873954773 0.9995959997177124 0.9983980655670166 0.9972000122070312 0.9977986812591553
0.010427689179778099 0.9978923201560974 0.9997601509094238 0.9984981417655945 0.9972500205039978 0.9978736639022827 0.01126827485859394 0.9982146620750427 0.9997683763504028 0.9983993768692017 0.9980000257492065 0.9981997013092041
0.031932033598423004 0.9925859570503235 0.9986863732337952 0.9944285750389099 0.9905999898910522 0.9925106167793274 0.017565229907631874 0.9968260526657104 0.9995217323303223 0.9971977472305298 0.996399998664856 0.9967986941337585
0.013223953545093536 0.9972972273826599 0.9996824264526367 0.9977478384971619 0.9968000054359436 0.9972736835479736 0.014544446021318436 0.9962309002876282 0.9997432231903076 0.9963985681533813 0.9959999918937683 0.9961993098258972
0.011303839273750782 0.9978675246238708 0.9997557997703552 0.9983483552932739 0.9973499774932861 0.9978488683700562 0.011588984169065952 0.9980162382125854 0.9997873902320862 0.9976019263267517 0.9983999729156494 0.9980007410049438
0.011172312311828136 0.9981650710105896 0.9996297359466553 0.9988483786582947 0.9974499940872192 0.9981487393379211 0.013281957246363163 0.9980162382125854 0.9993979930877686 0.9972044825553894 0.9987999796867371 0.9980015754699707
0.011045140214264393 0.9980410933494568 0.9996352791786194 0.998798131942749 0.9972500205039978 0.9980233907699585 0.0117077911272645 0.997817873954773 0.9995866417884827 0.9972033500671387 0.9983999729156494 0.9978013038635254
0.008924596942961216 0.9982890486717224 0.9998258948326111 0.9987987279891968 0.9977499842643738 0.9982740879058838 0.012783773243427277 0.997817873954773 0.9993723630905151 0.9972033500671387 0.9983999729156494 0.9978013038635254
0.008855032734572887 0.998537003993988 0.9998012781143188 0.999148964881897 0.9979000091552734 0.9985240697860718 0.013252167031168938 0.9984130263328552 0.9997917413711548 0.9968101978302002 1.0 0.9984025359153748
0.007513359654694796 0.9988594055175781 0.9998828768730164 0.9992493987083435 0.998449981212616 0.9988495707511902 0.009985752403736115 0.9982146620750427 0.9997934699058533 0.9980008006095886 0.9983999729156494 0.9982003569602966
0.009163180366158485 0.9983386397361755 0.9998013973236084 0.99904865026474 0.9976000189781189 0.9983237981796265 0.017787519842386246 0.9968260526657104 0.9994248747825623 0.9987951517105103 0.9947999715805054 0.9967935681343079
0.008774097077548504 0.998537003993988 0.9998275637626648 0.9991989135742188 0.9978500008583069 0.998524010181427 0.010829702951014042 0.9980162382125854 0.9995970129966736 0.9976019263267517 0.9983999729156494 0.9980007410049438
0.007857650518417358 0.9987106323242188 0.9998050928115845 0.9991992115974426 0.998199999332428 0.9986993670463562 0.010123852640390396 0.9982146620750427 0.9997931718826294 0.9976028800010681 0.9987999796867371 0.9982010722160339
0.00772865442559123 0.9983882308006287 0.9998626708984375 0.9988988637924194 0.9978500008583069 0.9983741641044617 0.01132888626307249 0.9984130263328552 0.999594509601593 0.9980015754699707 0.9987999796867371 0.9984005689620972
0.008459764532744884 0.9984130263328552 0.9998059868812561 0.9990987181663513 0.9976999759674072 0.9983988404273987 0.011440525762736797 0.9984130263328552 0.9997846484184265 0.9983999729156494 0.9983999729156494 0.9983999729156494
0.015787839889526367 0.9969748854637146 0.9993653297424316 0.9978960156440735 0.9959999918937683 0.9969471096992493 0.011028358712792397 0.9982146620750427 0.9997861981391907 0.9980008006095886 0.9983999729156494 0.9982003569602966
0.009482461027801037 0.998313844203949 0.999698281288147 0.9988487362861633 0.9977499842643738 0.9982990026473999 0.0087364437058568 0.9982146620750427 0.999792754650116 0.9976028800010681 0.9987999796867371 0.9982010722160339
0.008075877092778683 0.9986610412597656 0.999855637550354 0.9992991089820862 0.9980000257492065 0.9986491203308105 0.011801956221461296 0.997817873954773 0.9995921850204468 0.9972033500671387 0.9983999729156494 0.9978013038635254
0.010176035575568676 0.9979667067527771 0.9998195171356201 0.9985482692718506 0.9973499774932861 0.9979487657546997 0.00964934378862381 0.9984130263328552 0.9995951652526855 0.9980015754699707 0.9987999796867371 0.9984005689620972
0.008804929442703724 0.9985617995262146 0.9996482729911804 0.999148964881897 0.99795001745224 0.9985491633415222 0.012465407140552998 0.9976195096969604 0.9997755885124207 0.9987971186637878 0.996399998664856 0.9975971579551697
0.01095458585768938 0.997917115688324 0.9996788501739502 0.9984483122825623 0.9973499774932861 0.9978988170623779 0.011140774935483932 0.9982146620750427 0.999590277671814 0.9983993768692017 0.9980000257492065 0.9981997013092041
0.008267464116215706 0.998809814453125 0.9998056292533875 0.9992992877960205 0.9983000159263611 0.9987993836402893 0.009937191382050514 0.9982146620750427 0.999786913394928 0.9980008006095886 0.9983999729156494 0.9982003569602966
0.008418940007686615 0.9986362457275391 0.9997986555099487 0.9991990923881531 0.9980499744415283 0.9986241459846497 0.009512832388281822 0.9984130263328552 0.9997913241386414 0.9983999729156494 0.9983999729156494 0.9983999729156494
0.0116365235298872 0.9976691603660583 0.9995828866958618 0.9980983138084412 0.9972000122070312 0.9976488947868347 0.011412492953240871 0.9980162382125854 0.9995901584625244 0.9980000257492065 0.9980000257492065 0.9980000257492065
0.008177832700312138 0.9984378218650818 0.9997820854187012 0.9986494183540344 0.998199999332428 0.9984246492385864 0.010100479237735271 0.9980162382125854 0.9999732971191406 0.9983987212181091 0.9976000189781189 0.9979991912841797
0.008832435123622417 0.9985866546630859 0.9997293949127197 0.99909907579422 0.9980499744415283 0.9985742568969727 0.008998939767479897 0.9984130263328552 0.9995951056480408 0.9983999729156494 0.9983999729156494 0.9983999729156494
0.0084308423101902 0.9984130263328552 0.99978107213974 0.9990487694740295 0.9977499842643738 0.9983989596366882 0.012080312706530094 0.9972227811813354 0.9995880126953125 0.9964057803153992 0.9980000257492065 0.9972023367881775
0.008237933740019798 0.9983882308006287 0.9998289346694946 0.998998761177063 0.9977499842643738 0.9983740448951721 0.010836392641067505 0.9980162382125854 0.9995958209037781 0.9972044825553894 0.9987999796867371 0.9980015754699707
0.00853053294122219 0.9984130263328552 0.9997851848602295 0.9988989233970642 0.9979000091552734 0.9983991980552673 0.011816544458270073 0.9986113905906677 0.9994016885757446 0.9976047873497009 0.9995999932289124 0.9986013770103455
0.007517844904214144 0.9986858367919922 0.9998337626457214 0.9990493059158325 0.9983000159263611 0.9986745715141296 0.010052967816591263 0.9982146620750427 0.9995927810668945 0.9983993768692017 0.9980000257492065 0.9981997013092041
0.0077830213122069836 0.9986114501953125 0.9998098015785217 0.99909907579422 0.9980999827384949 0.9985992908477783 0.011313298717141151 0.9982146620750427 0.9995977878570557 0.9976028800010681 0.9987999796867371 0.9982010722160339
0.007861215621232986 0.9985617995262146 0.9997585415840149 0.9988493323326111 0.9982500076293945 0.9985495805740356 0.010381756350398064 0.997421145439148 0.9997864961624146 0.9983968138694763 0.996399998664856 0.9973974227905273
0.007373702712357044 0.998537003993988 0.9998865127563477 0.9990490078926086 0.9980000257492065 0.9985241889953613 0.00985652580857277 0.997817873954773 0.9997901916503906 0.9972033500671387 0.9983999729156494 0.9978013038635254
0.00665564090013504 0.9988594055175781 0.9998630881309509 0.9991994500160217 0.9984999895095825 0.9988495707511902 0.012743222527205944 0.9976195096969604 0.999592661857605 0.9968051314353943 0.9983999729156494 0.9976019263267517
0.007923341356217861 0.9986610412597656 0.9996839761734009 0.9990492463111877 0.9982500076293945 0.9986494779586792 0.013309095054864883 0.9980162382125854 0.9989951848983765 0.9980000257492065 0.9980000257492065 0.9980000257492065
0.009185058996081352 0.9982890486717224 0.9998047947883606 0.9987488389015198 0.9977999925613403 0.9982741475105286 0.011714627034962177 0.997421145439148 0.999783456325531 0.9964072108268738 0.9983999729156494 0.997402548789978
0.008179577067494392 0.9985122084617615 0.9998031854629517 0.9991489052772522 0.9978500008583069 0.9984990358352661 0.012202096171677113 0.997817873954773 0.9991904497146606 0.9976009726524353 0.9980000257492065 0.9978004693984985
0.007850256748497486 0.9987602233886719 0.9997317790985107 0.9991493225097656 0.9983500242233276 0.9987495541572571 0.009874138981103897 0.9984130263328552 0.9997941255569458 0.9976038336753845 0.9991999864578247 0.9984012842178345
0.007805566303431988 0.9986858367919922 0.9998102784156799 0.9990493059158325 0.9983000159263611 0.9986745715141296 0.012159188278019428 0.9976195096969604 0.9995855689048767 0.9976000189781189 0.9976000189781189 0.9976000189781189
0.009713337756693363 0.9979915022850037 0.9997461438179016 0.9983487725257874 0.9976000189781189 0.9979742169380188 0.013877865858376026 0.9976195096969604 0.9993821382522583 0.9983974099159241 0.9968000054359436 0.9975980520248413
0.00864763930439949 0.9986362457275391 0.9996996521949768 0.9990991353988647 0.9981499910354614 0.998624324798584 0.008446603082120419 0.9982146620750427 0.9997920393943787 0.9976028800010681 0.9987999796867371 0.9982010722160339
0.009370047599077225 0.9982146620750427 0.9997962117195129 0.9987985491752625 0.9976000189781189 0.998198926448822 0.013457861728966236 0.9980162382125854 0.9991860389709473 0.9987980723381042 0.9972000122070312 0.9979983568191528
0.008374545723199844 0.9984874129295349 0.9998262524604797 0.9990988969802856 0.9978500008583069 0.9984740614891052 0.01037718914449215 0.9986113905906677 0.9997925758361816 0.9987995028495789 0.9983999729156494 0.998599648475647
0.008055840618908405 0.9987354278564453 0.999835193157196 0.9991492629051208 0.9983000159263611 0.9987244606018066 0.008111278526484966 0.9982146620750427 0.9997933506965637 0.9983993768692017 0.9980000257492065 0.9981997013092041
0.007349387742578983 0.9988594055175781 0.9998092651367188 0.9992993474006653 0.9983999729156494 0.9988495111465454 0.009287644177675247 0.9980162382125854 0.9997921586036682 0.9976019263267517 0.9983999729156494 0.9980007410049438
0.008792607113718987 0.9983386397361755 0.999828040599823 0.9988487958908081 0.9977999925613403 0.9983240962028503 0.010494854301214218 0.9980162382125854 0.9995973110198975 0.9968076348304749 0.9991999864578247 0.9980023503303528
0.00747961038723588 0.9987602233886719 0.9997844099998474 0.9991992712020874 0.9983000159263611 0.9987494945526123 0.01173237431794405 0.9976195096969604 0.9995957016944885 0.9964086413383484 0.9987999796867371 0.9976028800010681
0.009031575173139572 0.9982890486717224 0.9997806549072266 0.998599112033844 0.99795001745224 0.9982744455337524 0.014998728409409523 0.9976195096969604 0.9993892312049866 0.9972022175788879 0.9980000257492065 0.9976009130477905
0.006938360631465912 0.9987602233886719 0.9998865127563477 0.9992492198944092 0.9982500076293945 0.9987493753433228 0.010334826074540615 0.9976195096969604 0.999786913394928 0.9972022175788879 0.9980000257492065 0.9976009130477905
0.008111285045742989 0.9984626173973083 0.9998345971107483 0.998849093914032 0.9980499744415283 0.9984493851661682 0.014421243220567703 0.997421145439148 0.999204695224762 0.9956157803535461 0.9991999864578247 0.9974046349525452
0.007346905302256346 0.9986114501953125 0.9999319314956665 0.9988494515419006 0.9983500242233276 0.998599648475647 0.011300021782517433 0.9972227811813354 0.9995884895324707 0.9972000122070312 0.9972000122070312 0.9972000122070312
0.007818528451025486 0.9987106323242188 0.9997854232788086 0.9991492629051208 0.9982500076293945 0.998699426651001 0.011265352368354797 0.997817873954773 0.9995988011360168 0.9960143566131592 0.9995999932289124 0.9978039860725403
0.006305044051259756 0.9989337921142578 0.9998647570610046 0.9993994235992432 0.998449981212616 0.9989244937896729 0.010844072327017784 0.997421145439148 0.999596893787384 0.9960111975669861 0.9987999796867371 0.997403621673584
0.009675907902419567 0.998313844203949 0.9996941685676575 0.9987987875938416 0.9977999925613403 0.9982991218566895 0.012002861127257347 0.9980162382125854 0.9995909333229065 0.9976019263267517 0.9983999729156494 0.9980007410049438
0.007519812323153019 0.9986362457275391 0.9998366236686707 0.9991490840911865 0.9980999827384949 0.9986242055892944 0.009833410382270813 0.9980162382125854 0.9997878670692444 0.9987980723381042 0.9972000122070312 0.9979983568191528
0.009607593528926373 0.9982642531394958 0.9996464252471924 0.9988486170768738 0.9976500272750854 0.9982489943504333 0.009380342438817024 0.997817873954773 0.999791145324707 0.9972033500671387 0.9983999729156494 0.9978013038635254
0.00792738702148199 0.9985617995262146 0.9998070001602173 0.9991989731788635 0.9979000091552734 0.9985491037368774 0.00860191322863102 0.997817873954773 0.9997943043708801 0.996410071849823 0.9991999864578247 0.9978030920028687
0.006479209754616022 0.9988842010498047 0.9999382495880127 0.9993993639945984 0.9983500242233276 0.9988744854927063 0.010548102669417858 0.9976195096969604 0.9995977282524109 0.9960127472877502 0.9991999864578247 0.9976038336753845
0.007245610933750868 0.9987850189208984 0.9998083114624023 0.9993492364883423 0.998199999332428 0.9987742900848389 0.010748998261988163 0.9976195096969604 0.9995942711830139 0.9964086413383484 0.9987999796867371 0.9976028800010681
0.007969580590724945 0.9985617995262146 0.9998076558113098 0.9989991188049316 0.9980999827384949 0.9985493421554565 0.009960176423192024 0.9976195096969604 0.9997763633728027 0.9976000189781189 0.9976000189781189 0.9976000189781189
0.007077712099999189 0.998809814453125 0.9998394250869751 0.9991993308067322 0.9983999729156494 0.9987994432449341 0.008558218367397785 0.9976195096969604 0.9995979070663452 0.9964086413383484 0.9987999796867371 0.9976028800010681
0.006543388124555349 0.9987602233886719 0.9998885989189148 0.9990993738174438 0.9983999729156494 0.9987495541572571 0.01045790035277605 0.9976195096969604 0.9995952248573303 0.9972022175788879 0.9980000257492065 0.9976009130477905
0.009627562947571278 0.997917115688324 0.9997943043708801 0.9983984231948853 0.9973999857902527 0.9978989958763123 0.01006327848881483 0.9976195096969604 0.9995909333229065 0.9972022175788879 0.9980000257492065 0.9976009130477905
0.007335776928812265 0.9986362457275391 0.9998103976249695 0.9990991353988647 0.9981499910354614 0.998624324798584 0.010686534456908703 0.9980162382125854 0.999392032623291 0.9980000257492065 0.9980000257492065 0.9980000257492065
0.008276416920125484 0.9986610412597656 0.9997310638427734 0.9991491436958313 0.9981499910354614 0.9986492395401001 0.009716425091028214 0.997817873954773 0.9995958805084229 0.9972033500671387 0.9983999729156494 0.9978013038635254
0.0063491566106677055 0.9989833831787109 0.9999356865882874 0.9993994832038879 0.9985499978065491 0.9989745616912842 0.013025620952248573 0.997817873954773 0.9995940327644348 0.9960143566131592 0.9995999932289124 0.9978039860725403
0.008368966169655323 0.998313844203949 0.9997050166130066 0.9987987875938416 0.9977999925613403 0.9982991218566895 0.013612383976578712 0.997421145439148 0.9989849925041199 0.997201144695282 0.9976000189781189 0.9974005818367004
0.008436664007604122 0.9984874129295349 0.9997549057006836 0.9988990426063538 0.9980499744415283 0.9984743595123291 0.012575940228998661 0.997817873954773 0.9993804097175598 0.9979991912841797 0.9976000189781189 0.9977995753288269
0.008007784374058247 0.9985866546630859 0.9998360276222229 0.9991490244865417 0.9980000257492065 0.9985742568969727 0.010503440164029598 0.9980162382125854 0.9995940327644348 0.9980000257492065 0.9980000257492065 0.9980000257492065
0.007014135830104351 0.998809814453125 0.9998369216918945 0.9993492960929871 0.9982500076293945 0.9987993240356445 0.011538847349584103 0.997817873954773 0.9993952512741089 0.9979991912841797 0.9976000189781189 0.9977995753288269
0.008945218287408352 0.9982890486717224 0.9997514486312866 0.9988486766815186 0.9976999759674072 0.9982739686965942 0.009106690064072609 0.9980162382125854 0.9997925758361816 0.9980000257492065 0.9980000257492065 0.9980000257492065
