loss_s0993 accuracy_s0993 auc_s0993 precision_s0993 recall_s0993 f1_score_s0993 val_loss_s0993 val_accuracy_s0993 val_auc_s0993 val_precision_s0993 val_recall_s0993 val_f1_score_s0993 test_loss_s0993 test_accuracy_s0993 test_auc_s0993 test_precision_s0993 test_recall_s0993 test_f1_score_s0993 test_f_score_s0993
0.33435681462287903 0.8742152452468872 0.9578983783721924 0.9128057956695557 0.8264999985694885 0.8675116300582886 0.11638402938842773 0.9818616509437561 0.9960476160049438 0.9898332953453064 0.9735999703407288 0.9816495180130005 0.11877743154764175 0.984455943107605 0.9945046901702881 0.9910786747932434 0.9775999784469604 0.9842931628227234 0.9842931628227234
0.12382188439369202 0.979720950126648 0.9950941205024719 0.9813346862792969 0.9779000282287598 0.9796143770217896 0.0930904895067215 0.98923659324646 0.9976863861083984 0.989591658115387 0.9887999892234802 0.989195704460144 0.0949922502040863 0.9882423281669617 0.9968509078025818 0.988786518573761 0.9876000285148621 0.9881929159164429 0.9881929159164429
0.0995684564113617 0.9862730503082275 0.9971285462379456 0.9869310259819031 0.9854999780654907 0.9862149953842163 0.09934479743242264 0.9868447184562683 0.9968027472496033 0.9955211877822876 0.9779999852180481 0.9866827726364136 0.1009705662727356 0.9870466589927673 0.9961018562316895 0.9955229759216309 0.9783999919891357 0.9868872165679932 0.9868872165679932
0.08915610611438751 0.9878674745559692 0.9978277683258057 0.9890721440315247 0.986549973487854 0.987809419631958 0.09758900105953217 0.9862467646598816 0.996518611907959 0.9959200620651245 0.9764000177383423 0.9860634207725525 0.0984649807214737 0.9870466589927673 0.9962132573127747 0.9975480437278748 0.9764000177383423 0.9868608117103577 0.9868608117103577
0.0828208178281784 0.9894369840621948 0.997638463973999 0.9917110204696655 0.9870499968528748 0.9893750548362732 0.06917915493249893 0.9936217069625854 0.9983623623847961 0.993995189666748 0.9932000041007996 0.9935973882675171 0.06905686110258102 0.9928258061408997 0.998298704624176 0.994779109954834 0.9908000230789185 0.9927855730056763 0.9927855730056763
0.07705069333314896 0.9902591109275818 0.997939944267273 0.992267906665802 0.9881500005722046 0.9902046322822571 0.06559605151414871 0.9938210248947144 0.9984444975852966 0.9936025738716125 0.9940000176429749 0.9938012361526489 0.06502245366573334 0.9936229586601257 0.9983698725700378 0.995184600353241 0.9919999837875366 0.9935897588729858 0.9935897588729858
0.07002940773963928 0.9913801550865173 0.9983657002449036 0.9928779006004333 0.989799976348877 0.9913365244865417 0.06649850308895111 0.992824375629425 0.9981417655944824 0.9967741966247559 0.9887999892234802 0.9927710294723511 0.0662003830075264 0.9918293952941895 0.9984378218650818 0.9967676997184753 0.9868000149726868 0.9917588233947754 0.9917588233947754
0.0654672309756279 0.991753876209259 0.9985042810440063 0.9935263991355896 0.9898999929428101 0.9917098879814148 0.06539064645767212 0.9922264218330383 0.9978598952293396 0.9967702627182007 0.9876000285148621 0.9921640157699585 0.06661775708198547 0.9922279715538025 0.9977198243141174 0.997976541519165 0.9864000082015991 0.9921545386314392 0.9921545386314392
0.06277111172676086 0.9918535351753235 0.9984344840049744 0.9936267137527466 0.9900000095367432 0.9918100237846375 0.05953310802578926 0.9926250576972961 0.9984803795814514 0.996372401714325 0.9887999892234802 0.9925717711448669 0.05937713757157326 0.9930251240730286 0.9985250234603882 0.9983825087547302 0.9876000285148621 0.9929619431495667 0.9929619431495667
0.05824025720357895 0.9929496645927429 0.9986603260040283 0.9945322275161743 0.9912999868392944 0.9929134845733643 0.05304071307182312 0.9952162504196167 0.9987213611602783 0.995199978351593 0.995199978351593 0.995199978351593 0.05131363496184349 0.9944201111793518 0.9988694787025452 0.9955894351005554 0.9932000041007996 0.9943932890892029 0.9943932890892029
0.05646003782749176 0.9924763441085815 0.9986280798912048 0.9948251843452454 0.9900500178337097 0.9924318790435791 0.05196627229452133 0.9938210248947144 0.9985059499740601 0.9959823489189148 0.991599977016449 0.9937863349914551 0.05247291550040245 0.9938222169876099 0.9983401298522949 0.9975816011428833 0.9900000095367432 0.9937763810157776 0.9937763810157776
0.0557522252202034 0.9922521114349365 0.9986960291862488 0.9939290285110474 0.9904999732971191 0.9922115802764893 0.04920092225074768 0.9948176145553589 0.9987602233886719 0.9951961636543274 0.9944000244140625 0.994797945022583 0.04828580096364021 0.9946193695068359 0.9985596537590027 0.9967858791351318 0.9923999905586243 0.9945881366729736 0.9945881366729736
0.05207321420311928 0.9929247498512268 0.998881459236145 0.9941848516464233 0.991599977016449 0.9928907752037048 0.04871116578578949 0.9944189786911011 0.9986648559570312 0.995192289352417 0.9936000108718872 0.9943954944610596 0.0481417253613472 0.9942207932472229 0.9990376234054565 0.9975835680961609 0.9908000230789185 0.9941802620887756 0.9941802620887756
0.051002997905015945 0.9929247498512268 0.9987754821777344 0.9949291944503784 0.9908499717712402 0.9928853511810303 0.04611699655652046 0.996212899684906 0.9986439943313599 0.9952095746994019 0.9972000122070312 0.9962037801742554 0.0436115525662899 0.995017945766449 0.9991424083709717 0.9963898658752441 0.9936000108718872 0.9949930310249329 0.9949930310249329
0.05211785063147545 0.9925261735916138 0.9985803365707397 0.994329035282135 0.9906499981880188 0.9924861192703247 0.04903164133429527 0.993023693561554 0.9986833333969116 0.9959758520126343 0.9900000095367432 0.9929789304733276 0.04812202602624893 0.9938222169876099 0.9987186193466187 0.9979830384254456 0.9896000027656555 0.9937738180160522 0.9937738180160522
0.052142608910799026 0.9924015998840332 0.9984954595565796 0.9945758581161499 0.990149974822998 0.9923579692840576 0.04689997807145119 0.9958142042160034 0.9985986351966858 0.9948104023933411 0.9968000054359436 0.9958042502403259 0.04380731284618378 0.9948186278343201 0.9990332126617432 0.9959903955459595 0.9936000108718872 0.9947937726974487 0.9947937726974487
0.050740450620651245 0.993198812007904 0.998478353023529 0.9950313568115234 0.9912999868392944 0.9931621551513672 0.04491664469242096 0.9960135817527771 0.9986093640327454 0.9948124289512634 0.9972000122070312 0.9960047602653503 0.04270699992775917 0.9948186278343201 0.9990575909614563 0.9955929517745972 0.9940000176429749 0.9947958588600159 0.9947958588600159
0.050037119537591934 0.9925012588500977 0.9985446929931641 0.9947260022163391 0.9901999831199646 0.9924578070640564 0.04478345811367035 0.99461829662323 0.9987998604774475 0.9951942563056946 0.9940000176429749 0.9945967793464661 0.043378088623285294 0.9948186278343201 0.998734176158905 0.9971864819526672 0.9923999905586243 0.9947875142097473 0.9947875142097473
0.04833787679672241 0.9930244088172913 0.9987747073173523 0.9949302077293396 0.9910500049591064 0.992986261844635 0.04419509321451187 0.9950169324874878 0.9987695813179016 0.9951980710029602 0.9947999715805054 0.9949989318847656 0.04157208278775215 0.9946193695068359 0.9989995360374451 0.9967858791351318 0.9923999905586243 0.9945881366729736 0.9945881366729736
0.04725703224539757 0.9931489825248718 0.998738169670105 0.9952794909477234 0.9909499883651733 0.9931100606918335 0.04357446730136871 0.99461829662323 0.998778760433197 0.9955911636352539 0.9936000108718872 0.9945945739746094 0.04347029700875282 0.9946193695068359 0.9985869526863098 0.9979863166809082 0.9911999702453613 0.9945815205574036 0.9945815205574036
0.044986821711063385 0.9933233857154846 0.9987882971763611 0.9950823187828064 0.9915000200271606 0.993287980556488 0.04425549879670143 0.9940203428268433 0.9985755681991577 0.9963826537132263 0.991599977016449 0.9939855933189392 0.04320252314209938 0.9936229586601257 0.9986176490783691 0.9979822635650635 0.9891999959945679 0.9935717582702637 0.9935717582702637
0.04562584310770035 0.9930244088172913 0.9988649487495422 0.9949302077293396 0.9910500049591064 0.992986261844635 0.04001372307538986 0.9952162504196167 0.9987999200820923 0.995199978351593 0.995199978351593 0.995199978351593 0.038229845464229584 0.9952172040939331 0.9991639256477356 0.9971887469291687 0.9932000041007996 0.9951903820037842 0.9951903820037842
0.045978713780641556 0.9928250908851624 0.9987338781356812 0.9946798086166382 0.9908999800682068 0.9927862882614136 0.043202027678489685 0.993023693561554 0.9987602829933167 0.995178759098053 0.9908000230789185 0.9929845333099365 0.0404520221054554 0.9944201111793518 0.9993367195129395 0.9967845678329468 0.9919999837875366 0.9943865537643433 0.9943865537643433
0.043968092650175095 0.9933483004570007 0.9987305998802185 0.9952316284179688 0.9914000034332275 0.9933121204376221 0.04568961262702942 0.9926250576972961 0.9988596439361572 0.9967728853225708 0.9883999824523926 0.9925687909126282 0.045429863035678864 0.9928258061408997 0.9986314177513123 0.9991896152496338 0.9864000082015991 0.9927536249160767 0.9927536249160767
0.04363483563065529 0.9936721324920654 0.9988355040550232 0.9950857758522034 0.9922000169754028 0.9936407804489136 0.044657476246356964 0.9940203428268433 0.9983896613121033 0.9967820048332214 0.9911999702453613 0.9939830899238586 0.04516063258051872 0.9936229586601257 0.9984312057495117 0.9987874031066895 0.9883999824523926 0.9935665726661682 0.9935665726661682
0.04363660514354706 0.9932486414909363 0.9988807439804077 0.9950318932533264 0.9914000034332275 0.9932126402854919 0.039654750376939774 0.996212899684906 0.9985504150390625 0.9956052899360657 0.9968000054359436 0.996202290058136 0.03662204369902611 0.9956157803535461 0.9993455410003662 0.9967923164367676 0.9944000244140625 0.9955947399139404 0.9955947399139404
0.04419998079538345 0.9930493235588074 0.9987390637397766 0.9946821928024292 0.991349995136261 0.9930132627487183 0.03929894044995308 0.9964122176170349 0.998717725276947 0.9948166012763977 0.9980000257492065 0.9964057207107544 0.03726978227496147 0.9960143566131592 0.9993380308151245 0.9959999918937683 0.9959999918937683 0.9959999918937683 0.9959999918937683
0.042928967624902725 0.9933483004570007 0.9986871480941772 0.9951819181442261 0.9914500117301941 0.9933124780654907 0.041435178369283676 0.9956148862838745 0.998662531375885 0.9940191507339478 0.9972000122070312 0.9956070184707642 0.038405466824769974 0.995416522026062 0.9991356134414673 0.9948062300682068 0.9959999918937683 0.9954027533531189 0.9954027533531189
0.04414019361138344 0.9932984709739685 0.9986129403114319 0.9946848750114441 0.9918500185012817 0.9932654500007629 0.039014801383018494 0.9948176145553589 0.99859219789505 0.9955929517745972 0.9940000176429749 0.9947958588600159 0.03882760927081108 0.9946193695068359 0.9988276362419128 0.9971853494644165 0.9919999837875366 0.9945859313011169 0.9945859313011169
0.04249756783246994 0.9932735562324524 0.9987727403640747 0.9951314926147461 0.991349995136261 0.9932371973991394 0.0378681905567646 0.9954155683517456 0.9990155100822449 0.9959952235221863 0.9947999715805054 0.9953972697257996 0.03809170797467232 0.9952172040939331 0.9988219738006592 0.997988760471344 0.9923999905586243 0.9951865077018738 0.9951865077018738
0.04442257434129715 0.9928998351097107 0.9986658096313477 0.9950283765792847 0.9907000064849854 0.9928594827651978 0.04174621403217316 0.9938210248947144 0.9987173676490784 0.9959823489189148 0.991599977016449 0.9937863349914551 0.041923973709344864 0.9928258061408997 0.9988052248954773 0.9975767135620117 0.9879999756813049 0.9927653074264526 0.9927653074264526
0.045092616230249405 0.9932486414909363 0.9986859560012817 0.9946346879005432 0.9918000102043152 0.9932153224945068 0.03890126198530197 0.9948176145553589 0.9988394975662231 0.9955929517745972 0.9940000176429749 0.9947958588600159 0.03907258063554764 0.995017945766449 0.9986355304718018 0.997187614440918 0.9927999973297119 0.9949889779090881 0.9949889779090881
0.04132169857621193 0.9932984709739685 0.9989563226699829 0.9948833584785461 0.9916499853134155 0.9932640194892883 0.04406927898526192 0.9932230710983276 0.9987521171569824 0.996776819229126 0.9896000027656555 0.9931754469871521 0.046012114733457565 0.9928258061408997 0.9984602332115173 0.9991896152496338 0.9864000082015991 0.9927536249160767 0.9927536249160767
0.04080471023917198 0.9938465356826782 0.9988322854042053 0.9952363967895508 0.9923999905586243 0.9938161969184875 0.038909912109375 0.99461829662323 0.9986464381217957 0.9955911636352539 0.9936000108718872 0.9945945739746094 0.03547884523868561 0.995017945766449 0.9994162321090698 0.9967884421348572 0.9932000041007996 0.9949909448623657 0.9949909448623657
0.03950154781341553 0.9939212799072266 0.9990432858467102 0.9953364729881287 0.9924499988555908 0.9938911199569702 0.03788251802325249 0.9960135817527771 0.9986894130706787 0.9948124289512634 0.9972000122070312 0.9960047602653503 0.0362238734960556 0.9944201111793518 0.9991834163665771 0.9947958588600159 0.9940000176429749 0.994397759437561 0.994397759437561
0.04164094105362892 0.9928001761436462 0.9988004565238953 0.9943321347236633 0.9911999702453613 0.9927636384963989 0.049702178686857224 0.9940203428268433 0.9983116984367371 0.9947916865348816 0.9932000041007996 0.993995189666748 0.044274862855672836 0.9942207932472229 0.999225914478302 0.994397759437561 0.9940000176429749 0.9941987991333008 0.9941987991333008
0.04092435538768768 0.9936970472335815 0.9987610578536987 0.9955332279205322 0.9918000102043152 0.9936631321907043 0.03636382892727852 0.9956148862838745 0.9986973404884338 0.9952038526535034 0.9959999918937683 0.9956017732620239 0.03515014052391052 0.9948186278343201 0.9986574649810791 0.9959903955459595 0.9936000108718872 0.9947937726974487 0.9947937726974487
0.040314555168151855 0.9937717914581299 0.9987985491752625 0.9952356815338135 0.9922500252723694 0.9937406182289124 0.035378262400627136 0.996212899684906 0.9994020462036133 0.9960016012191772 0.996399998664856 0.9962007403373718 0.03331035003066063 0.9952172040939331 0.9993947148323059 0.9975883960723877 0.9927999973297119 0.9951884150505066 0.9951884150505066
0.04086318612098694 0.9933233857154846 0.9989445805549622 0.9948340058326721 0.9917500019073486 0.9932896494865417 0.03777187317609787 0.9954155683517456 0.9986770749092102 0.9952019453048706 0.9955999851226807 0.9954009056091309 0.03664160892367363 0.995017945766449 0.9986316561698914 0.9967884421348572 0.9932000041007996 0.9949909448623657 0.9949909448623657
0.040232107043266296 0.9936970472335815 0.9988731145858765 0.9952349662780762 0.9921000003814697 0.9936650395393372 0.03799477219581604 0.9952162504196167 0.9986424446105957 0.995199978351593 0.995199978351593 0.995199978351593 0.03707709535956383 0.9948186278343201 0.9987189769744873 0.9959903955459595 0.9936000108718872 0.9947937726974487 0.9947937726974487
0.04112657159566879 0.9933483004570007 0.9989225268363953 0.9950328469276428 0.991599977016449 0.9933134317398071 0.04044394567608833 0.9952162504196167 0.9985197186470032 0.9924423098564148 0.9980000257492065 0.9952134490013123 0.04032599925994873 0.9944201111793518 0.9989169836044312 0.9928229451179504 0.9959999918937683 0.9944089651107788 0.9944089651107788
0.0421975739300251 0.9933732151985168 0.9987015128135681 0.9948841333389282 0.9918000102043152 0.9933397173881531 0.03794135898351669 0.9954155683517456 0.9986567497253418 0.9952019453048706 0.9955999851226807 0.9954009056091309 0.03683191165328026 0.9946193695068359 0.9987863302230835 0.9959887862205505 0.9932000041007996 0.9945924878120422 0.9945924878120422
0.04071985185146332 0.9935973882675171 0.9989222884178162 0.9947872161865234 0.9923499822616577 0.9935671091079712 0.0368201844394207 0.9952162504196167 0.9990364909172058 0.9959936141967773 0.9944000244140625 0.9951961636543274 0.03726715222001076 0.995017945766449 0.9986593723297119 0.9975874423980713 0.9923999905586243 0.9949870109558105 0.9949870109558105
0.03841717168688774 0.9938465356826782 0.999015748500824 0.9952363967895508 0.9923999905586243 0.9938161969184875 0.03594363480806351 0.9950169324874878 0.9990598559379578 0.9959920048713684 0.9940000176429749 0.9949949979782104 0.037167027592659 0.995017945766449 0.9986512660980225 0.9979879260063171 0.9919999837875366 0.9949849843978882 0.9949849843978882
0.0401376448571682 0.9936223030090332 0.9988343715667725 0.9950355887413025 0.9921500086784363 0.9935907125473022 0.03543957322835922 0.9954155683517456 0.9993827939033508 0.9959952235221863 0.9947999715805054 0.9953972697257996 0.03561338037252426 0.995017945766449 0.9990318417549133 0.9975874423980713 0.9923999905586243 0.9949870109558105 0.9949870109558105
0.039316754788160324 0.9933233857154846 0.9988633990287781 0.9947347044944763 0.9918500185012817 0.9932903051376343 0.045068033039569855 0.9902331829071045 0.9987682700157166 0.9967572093009949 0.9836000204086304 0.9901348948478699 0.04572524502873421 0.9918293952941895 0.9984661936759949 0.9991880059242249 0.9843999743461609 0.9917389154434204 0.9917389154434204
0.03982069715857506 0.9934728741645813 0.999028205871582 0.9953820109367371 0.9915000200271606 0.9934372901916504 0.04469824954867363 0.9952162504196167 0.9986905455589294 0.9912698268890381 0.9991999864578247 0.9952191114425659 0.04415416717529297 0.9936229586601257 0.9991576075553894 0.9896825551986694 0.9976000189781189 0.9936255216598511 0.9936255216598511
0.04107072204351425 0.9929247498512268 0.9989065527915955 0.9939372539520264 0.9918500185012817 0.9928925633430481 0.035533297806978226 0.9954155683517456 0.9992749691009521 0.9955982565879822 0.995199978351593 0.9953990578651428 0.035939350724220276 0.995017945766449 0.9986572861671448 0.9967884421348572 0.9932000041007996 0.9949909448623657 0.9949909448623657
0.039428770542144775 0.9937219619750977 0.9989870190620422 0.9951855540275574 0.9922000169754028 0.993690550327301 0.0337599478662014 0.9964122176170349 0.9992652535438538 0.9952114820480347 0.9976000189781189 0.9964043498039246 0.03305012732744217 0.9956157803535461 0.9993930459022522 0.9959967732429504 0.995199978351593 0.9955981969833374 0.9955981969833374
0.040661945939064026 0.9933732151985168 0.9987618327140808 0.9947848916053772 0.9919000267982483 0.9933403730392456 0.034289710223674774 0.9964122176170349 0.9990859031677246 0.9952114820480347 0.9976000189781189 0.9964043498039246 0.03372517600655556 0.9952172040939331 0.9994130730628967 0.9967897534370422 0.9936000108718872 0.995192289352417 0.995192289352417
0.03879110887646675 0.9939212799072266 0.9990314841270447 0.9959333539009094 0.9918500185012817 0.9938874840736389 0.03425946831703186 0.9966115355491638 0.9989064335823059 0.9952133893966675 0.9980000257492065 0.9966048002243042 0.033498991280794144 0.9958150386810303 0.9992192387580872 0.9959983825683594 0.9955999851226807 0.9957991242408752 0.9957991242408752
0.03843935579061508 0.9939960241317749 0.9990895390510559 0.9959837198257446 0.9919499754905701 0.9939627647399902 0.032082926481962204 0.9968108534812927 0.9994244575500488 0.9960063695907593 0.9976000189781189 0.9968026280403137 0.032090332359075546 0.9962136149406433 0.9994181990623474 0.9975932836532593 0.9947999715805054 0.9961946606636047 0.9961946606636047
0.038892053067684174 0.9937468767166138 0.998870849609375 0.9954839944839478 0.9919499754905701 0.9937138557434082 0.03647564351558685 0.9952162504196167 0.9988142251968384 0.9955964684486389 0.9947999715805054 0.9951980113983154 0.03632766008377075 0.9940215349197388 0.9992278814315796 0.9971819519996643 0.9908000230789185 0.9939807057380676 0.9939807057380676
0.038836486637592316 0.9936970472335815 0.9990299940109253 0.9952846765518188 0.9920499920845032 0.9936646819114685 0.03708700090646744 0.9958142042160034 0.9988784790039062 0.9952057600021362 0.996399998664856 0.9958025217056274 0.03537078574299812 0.9952172040939331 0.9988501667976379 0.9967897534370422 0.9936000108718872 0.995192289352417 0.995192289352417
0.03992598503828049 0.9936472177505493 0.9988889098167419 0.9948373436927795 0.9923999905586243 0.9936171770095825 0.03427724167704582 0.9964122176170349 0.9990397691726685 0.9948166012763977 0.9980000257492065 0.9964057207107544 0.033769454807043076 0.9956157803535461 0.9991827607154846 0.9955999851226807 0.9955999851226807 0.9955999851226807 0.9955999851226807
0.03831849992275238 0.9939960241317749 0.9989579319953918 0.9955856800079346 0.9923499822616577 0.993965208530426 0.03920301795005798 0.996212899684906 0.9985225200653076 0.9936330914497375 0.9987999796867371 0.9962098002433777 0.037090521305799484 0.9952172040939331 0.9989882707595825 0.9928343892097473 0.9976000189781189 0.9952115416526794 0.9952115416526794
0.03833848983049393 0.9938465356826782 0.9989877343177795 0.9953357577323914 0.9922999739646912 0.9938156008720398 0.033679403364658356 0.9966115355491638 0.999090850353241 0.9952133893966675 0.9980000257492065 0.9966048002243042 0.03268633037805557 0.9958150386810303 0.9991852641105652 0.9959983825683594 0.9955999851226807 0.9957991242408752 0.9957991242408752
0.03678036481142044 0.994020938873291 0.9990957379341125 0.9954864382743835 0.9925000071525574 0.993990957736969 0.035388488322496414 0.9952162504196167 0.999262273311615 0.9955964684486389 0.9947999715805054 0.9951980113983154 0.03672816976904869 0.9948186278343201 0.9986397624015808 0.9967871308326721 0.9927999973297119 0.9947896003723145 0.9947896003723145
0.03733476251363754 0.9942700266838074 0.9989979863166809 0.9952405095100403 0.9932500123977661 0.9942442178726196 0.03174815699458122 0.9956148862838745 0.9994629621505737 0.9963942170143127 0.9947999715805054 0.9955964684486389 0.03379666805267334 0.995416522026062 0.9988740682601929 0.9979895353317261 0.9927999973297119 0.9953880310058594 0.9953880310058594
0.03847845271229744 0.9938216209411621 0.998874843120575 0.9953852295875549 0.9922000169754028 0.9937900304794312 0.03221544250845909 0.9960135817527771 0.9992820024490356 0.9956035017967224 0.996399998664856 0.996001660823822 0.03268039599061012 0.995416522026062 0.9988536238670349 0.9975894093513489 0.9932000041007996 0.9953898787498474 0.9953898787498474
0.039200589060783386 0.9935973882675171 0.99893718957901 0.9950850009918213 0.9920499920845032 0.9935652613639832 0.033250004053115845 0.9964122176170349 0.9992454051971436 0.9952114820480347 0.9976000189781189 0.9964043498039246 0.03389481082558632 0.9948186278343201 0.999110221862793 0.9955929517745972 0.9940000176429749 0.9947958588600159 0.9947958588600159
0.03858731687068939 0.9937468767166138 0.9989639520645142 0.995285153388977 0.9921500086784363 0.9937151670455933 0.032308001071214676 0.9968108534812927 0.9994385242462158 0.9956105351448059 0.9980000257492065 0.9968038201332092 0.032763104885816574 0.9958150386810303 0.9993799328804016 0.9963956475257874 0.995199978351593 0.9957974553108215 0.9957974553108215
0.03886044770479202 0.9938465356826782 0.9989127516746521 0.995385468006134 0.9922500252723694 0.9938153028488159 0.03325546160340309 0.996212899684906 0.9991036653518677 0.9952095746994019 0.9972000122070312 0.9962037801742554 0.0329040065407753 0.995017945766449 0.999190628528595 0.9959920048713684 0.9940000176429749 0.9949949979782104 0.9949949979782104
0.03681916743516922 0.993796706199646 0.9991401433944702 0.9948388934135437 0.9926999807357788 0.9937683343887329 0.03004298359155655 0.9958142042160034 0.999474823474884 0.9963956475257874 0.995199978351593 0.9957974553108215 0.03345361351966858 0.995416522026062 0.9988547563552856 0.9975894093513489 0.9932000041007996 0.9953898787498474 0.9953898787498474
0.03756638988852501 0.9939461946487427 0.9988705515861511 0.9955354928970337 0.9922999739646912 0.9939151406288147 0.03645015135407448 0.9948176145553589 0.9992312788963318 0.9944044947624207 0.995199978351593 0.9948021173477173 0.03726306930184364 0.9952172040939331 0.9985516667366028 0.9967897534370422 0.9936000108718872 0.995192289352417 0.995192289352417
0.03767045587301254 0.9939461946487427 0.9988304376602173 0.995734453201294 0.9921000003814697 0.9939138889312744 0.03635071963071823 0.9958142042160034 0.9987231492996216 0.9936280250549316 0.9980000257492065 0.9958092570304871 0.03767508268356323 0.9946193695068359 0.9986435770988464 0.9932189583778381 0.9959999918937683 0.9946075081825256 0.9946075081825256
0.03598874434828758 0.9940458536148071 0.9989906549453735 0.9953873157501221 0.9926499724388123 0.9940167665481567 0.03151686489582062 0.9954155683517456 0.9992894530296326 0.9948062300682068 0.9959999918937683 0.9954027533531189 0.03371986746788025 0.9952172040939331 0.9986061453819275 0.9967897534370422 0.9936000108718872 0.995192289352417 0.995192289352417
0.0366964265704155 0.9942949414253235 0.9990977644920349 0.995936393737793 0.9926000237464905 0.9942654967308044 0.02972111664712429 0.9968108534812927 0.9994868040084839 0.9960063695907593 0.9976000189781189 0.9968026280403137 0.031029801815748215 0.9962136149406433 0.9992620944976807 0.9975932836532593 0.9947999715805054 0.9961946606636047 0.9961946606636047
0.03601772338151932 0.9945939183235168 0.9990243911743164 0.9959885478019714 0.993149995803833 0.9945672154426575 0.03158944472670555 0.9956148862838745 0.9992900490760803 0.9952038526535034 0.9959999918937683 0.9956017732620239 0.03352418914437294 0.995416522026062 0.9986370801925659 0.9971898794174194 0.9936000108718872 0.9953917264938354 0.9953917264938354
0.03679428994655609 0.994245171546936 0.9990962147712708 0.9961351156234741 0.9922999739646912 0.994213879108429 0.03316652029752731 0.9964122176170349 0.9991007447242737 0.9944223165512085 0.9983999729156494 0.9964072108268738 0.03303665295243263 0.9958150386810303 0.9992352724075317 0.9948104023933411 0.9968000054359436 0.9958042502403259 0.9958042502403259
0.03612712025642395 0.994419515132904 0.9990923404693604 0.9954404234886169 0.9933500289916992 0.9943941235542297 0.0323847271502018 0.996212899684906 0.9991180896759033 0.9940263032913208 0.9983999729156494 0.9962083101272583 0.033134885132312775 0.9962136149406433 0.998813271522522 0.9963985681533813 0.9959999918937683 0.9961993098258972 0.9961993098258972
0.03787591680884361 0.9941704273223877 0.9987490177154541 0.995289146900177 0.9929999709129333 0.9941432476043701 0.03126765787601471 0.9958142042160034 0.9992974400520325 0.9959983825683594 0.9955999851226807 0.9957991242408752 0.033450398594141006 0.995416522026062 0.9984913468360901 0.9975894093513489 0.9932000041007996 0.9953898787498474 0.9953898787498474
0.03720926493406296 0.9941953420639038 0.9989255666732788 0.9957863092422485 0.9925500154495239 0.9941655397415161 0.03158232942223549 0.9956148862838745 0.999445378780365 0.9963942170143127 0.9947999715805054 0.9955964684486389 0.03274346515536308 0.995416522026062 0.9990439414978027 0.9979895353317261 0.9927999973297119 0.9953880310058594 0.9953880310058594
0.03707404062151909 0.9941704273223877 0.9990718960762024 0.995537519454956 0.9927499890327454 0.9941418170928955 0.03112354315817356 0.9964122176170349 0.9994812607765198 0.9960032105445862 0.9968000054359436 0.9964014887809753 0.03161889314651489 0.9962136149406433 0.9991940855979919 0.9975932836532593 0.9947999715805054 0.9961946606636047 0.9961946606636047
0.03578434884548187 0.9945939183235168 0.9990889430046082 0.9961876273155212 0.9929500222206116 0.9945662021636963 0.035943418741226196 0.992824375629425 0.9990649819374084 0.9963738918304443 0.9891999959945679 0.9927740097045898 0.036109793931245804 0.9942207932472229 0.9986993074417114 0.9983864426612854 0.9900000095367432 0.9941756129264832 0.9941756129264832
0.03617621585726738 0.9941205978393555 0.9991334080696106 0.9956364631652832 0.9925500154495239 0.9940907955169678 0.03451739251613617 0.9952162504196167 0.9988775849342346 0.9971887469291687 0.9932000041007996 0.9951903820037842 0.04019587114453316 0.9942207932472229 0.997852087020874 0.9979847073554993 0.9904000163078308 0.9941779375076294 0.9941779375076294
0.03573247790336609 0.9943946003913879 0.999050498008728 0.99603670835495 0.9926999807357788 0.9943655729293823 0.030665528029203415 0.9958142042160034 0.9992856979370117 0.9963956475257874 0.995199978351593 0.9957974553108215 0.03239882364869118 0.9952172040939331 0.9986956119537354 0.9975883960723877 0.9927999973297119 0.9951884150505066 0.9951884150505066
0.03678625822067261 0.9939461946487427 0.9990533590316772 0.9950388669967651 0.9927999973297119 0.9939181804656982 0.03739564120769501 0.9936217069625854 0.9988839030265808 0.9967793822288513 0.9904000163078308 0.9935794472694397 0.04076793044805527 0.9942207932472229 0.998490571975708 0.99919193983078 0.9891999959945679 0.9941708445549011 0.9941708445549011
0.037285253405570984 0.9938216209411621 0.9991450309753418 0.9951368570327759 0.9924499988555908 0.9937916398048401 0.03044094704091549 0.9960135817527771 0.9994714260101318 0.9959999918937683 0.9959999918937683 0.9959999918937683 0.031477514654397964 0.9956157803535461 0.9993802905082703 0.9975903630256653 0.9936000108718872 0.9955911636352539 0.9955911636352539
0.035495027899742126 0.994020938873291 0.9992693066596985 0.9959341287612915 0.9920499920845032 0.9939882159233093 0.030754119157791138 0.9966115355491638 0.9993078708648682 0.9952133893966675 0.9980000257492065 0.9966048002243042 0.030767623335123062 0.9966121912002563 0.9992508888244629 0.997196614742279 0.9959999918937683 0.996597945690155 0.996597945690155
0.03519821539521217 0.994618833065033 0.9990585446357727 0.9959887862205505 0.9932000041007996 0.9945924878120422 0.030179083347320557 0.9966115355491638 0.9990907907485962 0.9964014291763306 0.9968000054359436 0.9966006278991699 0.031335167586803436 0.9956157803535461 0.998897910118103 0.9983909726142883 0.9927999973297119 0.9955876469612122 0.9955876469612122
0.03573324531316757 0.9947184920310974 0.998904287815094 0.9962881207466125 0.9930999875068665 0.9946914911270142 0.031646728515625 0.9964122176170349 0.9991052150726318 0.9944223165512085 0.9983999729156494 0.9964072108268738 0.03196149691939354 0.9962136149406433 0.9991915822029114 0.9956052899360657 0.9968000054359436 0.996202290058136 0.996202290058136
0.03831028193235397 0.9932984709739685 0.9989223480224609 0.9946848750114441 0.9918500185012817 0.9932654500007629 0.032348524779081345 0.9952162504196167 0.9990978240966797 0.9963913559913635 0.9940000176429749 0.9951942563056946 0.034582093358039856 0.9952172040939331 0.9987111687660217 0.998389720916748 0.9919999837875366 0.995184600353241 0.995184600353241
0.03510158509016037 0.9943946003913879 0.9990611672401428 0.9955891966819763 0.993149995803833 0.9943680763244629 0.03092189133167267 0.9964122176170349 0.9993097186088562 0.9948166012763977 0.9980000257492065 0.9964057207107544 0.03228026255965233 0.995416522026062 0.9988375306129456 0.9963927865028381 0.9944000244140625 0.9953954219818115 0.9953954219818115
0.034890130162239075 0.9943946003913879 0.9991909265518188 0.9958874583244324 0.9928500056266785 0.9943664073944092 0.029118435457348824 0.9966115355491638 0.9994981288909912 0.9956088066101074 0.9976000189781189 0.9966034293174744 0.030646851286292076 0.9960143566131592 0.9990547895431519 0.9979919791221619 0.9940000176429749 0.9959920048713684 0.9959920048713684
0.0346003994345665 0.9946686625480652 0.9991046786308289 0.9962877631187439 0.9929999709129333 0.994641125202179 0.03065057285130024 0.9966115355491638 0.999396026134491 0.9948186278343201 0.9983999729156494 0.9966060519218445 0.030026745051145554 0.9970107674598694 0.999379575252533 0.9971988797187805 0.9968000054359436 0.9969993829727173 0.9969993829727173
0.03595338389277458 0.9943696856498718 0.9988337755203247 0.9958375096321106 0.9928500056266785 0.9943414926528931 0.030238455161452293 0.9958142042160034 0.9992820620536804 0.9963956475257874 0.995199978351593 0.9957974553108215 0.03269322216510773 0.995017945766449 0.9988242387771606 0.997187614440918 0.9927999973297119 0.9949889779090881 0.9949889779090881
0.036639582365751266 0.9939212799072266 0.999122679233551 0.9951874613761902 0.9926000237464905 0.9938920140266418 0.032122716307640076 0.9954155683517456 0.9992870688438416 0.9967910051345825 0.9940000176429749 0.9953935146331787 0.03576536849141121 0.9948186278343201 0.9986832737922668 0.9987903237342834 0.9908000230789185 0.994779109954834 0.994779109954834
0.03548741713166237 0.9943198561668396 0.9991427063941956 0.9960361123085022 0.9925500154495239 0.9942899346351624 0.033068861812353134 0.9966115355491638 0.9988853931427002 0.9952133893966675 0.9980000257492065 0.9966048002243042 0.031194055452942848 0.9960143566131592 0.9992430806159973 0.9967948794364929 0.995199978351593 0.9959967732429504 0.9959967732429504
0.034343477338552475 0.9946437478065491 0.9991471767425537 0.9959889650344849 0.9932500123977661 0.9946175813674927 0.032235417515039444 0.9948176145553589 0.9990919828414917 0.9951961636543274 0.9944000244140625 0.994797945022583 0.03509188070893288 0.9948186278343201 0.9984345436096191 0.9967871308326721 0.9927999973297119 0.9947896003723145 0.9947896003723145
0.03562526777386665 0.9940956830978394 0.9989920258522034 0.9953877925872803 0.9927499890327454 0.9940671920776367 0.032835185527801514 0.9952162504196167 0.999236524105072 0.9948041439056396 0.9955999851226807 0.9952019453048706 0.031278010457754135 0.9962136149406433 0.9992316961288452 0.9971944093704224 0.995199978351593 0.9961961507797241 0.9961961507797241
0.03470704331994057 0.9946686625480652 0.9992247819900513 0.9957406520843506 0.9935500025749207 0.9946441054344177 0.03030245192348957 0.996212899684906 0.9993155002593994 0.9948145151138306 0.9976000189781189 0.9962053894996643 0.03259773179888725 0.9952172040939331 0.9988383650779724 0.9963913559913635 0.9940000176429749 0.9951942563056946 0.9951942563056946
0.03501936048269272 0.9941953420639038 0.9991573095321655 0.9956371188163757 0.9926999807357788 0.994166374206543 0.029161304235458374 0.9960135817527771 0.999470591545105 0.995207667350769 0.9968000054359436 0.9960031509399414 0.031194636598229408 0.995416522026062 0.9993662238121033 0.9967910051345825 0.9940000176429749 0.9953935146331787 0.9953935146331787
0.03400622308254242 0.9944693446159363 0.9992477893829346 0.9959875345230103 0.992900013923645 0.9944413900375366 0.028388354927301407 0.996212899684906 0.9991142749786377 0.9971944093704224 0.995199978351593 0.9961961507797241 0.031487081199884415 0.9956157803535461 0.9988890886306763 0.9979903697967529 0.9932000041007996 0.9955893754959106 0.9955893754959106
0.035927463322877884 0.9944444298744202 0.9988600611686707 0.9959375858306885 0.992900013923645 0.9944164752960205 0.031028153374791145 0.996212899684906 0.9992862939834595 0.9940263032913208 0.9983999729156494 0.9962083101272583 0.031046858057379723 0.9964129328727722 0.9991913437843323 0.996399998664856 0.996399998664856 0.996399998664856 0.996399998664856
0.03513452038168907 0.9942202568054199 0.9991786479949951 0.9959855675697327 0.9923999905586243 0.9941895604133606 0.030850306153297424 0.99461829662323 0.9990973472595215 0.9955911636352539 0.9936000108718872 0.9945945739746094 0.03666097670793533 0.9938222169876099 0.9984437227249146 0.9951865077018738 0.9923999905586243 0.9937912821769714 0.9937912821769714
0.035155270248651505 0.9944693446159363 0.9990406036376953 0.9957389235496521 0.993149995803833 0.9944427609443665 0.030801579356193542 0.996212899684906 0.999299943447113 0.9944201111793518 0.9980000257492065 0.9962068200111389 0.03136778622865677 0.9960143566131592 0.9991781711578369 0.9963971376419067 0.9955999851226807 0.9959983825683594 0.9959983825683594
0.03458578139543533 0.9946686625480652 0.9991233944892883 0.9961881637573242 0.9930999875068665 0.9946417212486267 0.02936389483511448 0.9966115355491638 0.9995076656341553 0.9948186278343201 0.9983999729156494 0.9966060519218445 0.029970210045576096 0.9968114495277405 0.9990447163581848 0.9975961446762085 0.9959999918937683 0.9967974424362183 0.9967974424362183
0.034546561539173126 0.9944942593574524 0.9990760087966919 0.9959877729415894 0.9929500222206116 0.9944666028022766 0.035198844969272614 0.9958142042160034 0.9985284209251404 0.993235170841217 0.9983999729156494 0.9958109259605408 0.03411414846777916 0.9946193695068359 0.9987897276878357 0.9932189583778381 0.9959999918937683 0.9946075081825256 0.9946075081825256
0.03422698378562927 0.9947683215141296 0.9990374445915222 0.9964379072189331 0.9930499792098999 0.9947410225868225 0.03233397752046585 0.9940203428268433 0.9989073872566223 0.9959839582443237 0.9919999837875366 0.9939879775047302 0.03324924781918526 0.9952172040939331 0.9985299706459045 0.997988760471344 0.9923999905586243 0.9951865077018738 0.9951865077018738
0.03387361019849777 0.9947184920310974 0.999136745929718 0.9960393309593201 0.9933500289916992 0.994692862033844 0.03075685165822506 0.9960135817527771 0.999132513999939 0.993630588054657 0.9983999729156494 0.9960095286369324 0.0318169966340065 0.9960143566131592 0.9987784624099731 0.9959999918937683 0.9959999918937683 0.9959999918937683 0.9959999918937683
0.036573994904756546 0.9939461946487427 0.9990062713623047 0.995734453201294 0.9921000003814697 0.9939138889312744 0.03030969947576523 0.9950169324874878 0.9991006851196289 0.9963898658752441 0.9936000108718872 0.9949930310249329 0.033963292837142944 0.995017945766449 0.998696506023407 0.9979879260063171 0.9919999837875366 0.9949849843978882 0.9949849843978882
0.03480067849159241 0.9945690035820007 0.9990443587303162 0.9959385991096497 0.993149995803833 0.9945423603057861 0.02897750772535801 0.996212899684906 0.9993185997009277 0.9956052899360657 0.9968000054359436 0.996202290058136 0.03179299086332321 0.9952172040939331 0.998639702796936 0.9963913559913635 0.9940000176429749 0.9951942563056946 0.9951942563056946
0.03495660424232483 0.9941704273223877 0.9991761445999146 0.9958358407020569 0.9924499988555908 0.9941400289535522 0.03576604649424553 0.9956148862838745 0.9989327788352966 0.9924483299255371 0.9987999796867371 0.9956139922142029 0.03547710180282593 0.9952172040939331 0.9991423487663269 0.9928343892097473 0.9976000189781189 0.9952115416526794 0.9952115416526794
0.03592558205127716 0.9941704273223877 0.9989601969718933 0.9954381585121155 0.9928500056266785 0.9941424131393433 0.03175874426960945 0.9964122176170349 0.9991177320480347 0.9944223165512085 0.9983999729156494 0.9964072108268738 0.030641259625554085 0.9962136149406433 0.998863935470581 0.9960016012191772 0.996399998664856 0.9962007403373718 0.9962007403373718
0.03590642288327217 0.9940707683563232 0.9989626407623291 0.9954869151115417 0.9926000237464905 0.994041383266449 0.030433230102062225 0.9956148862838745 0.9992825984954834 0.9967923164367676 0.9944000244140625 0.9955947399139404 0.03346255421638489 0.995017945766449 0.9986647963523865 0.9979879260063171 0.9919999837875366 0.9949849843978882 0.9949849843978882
0.034182410687208176 0.9945191740989685 0.9992026686668396 0.9956896305084229 0.9933000206947327 0.9944934248924255 0.028071900829672813 0.9964122176170349 0.9993241429328918 0.9948166012763977 0.9980000257492065 0.9964057207107544 0.029524914920330048 0.9962136149406433 0.9988853335380554 0.9960016012191772 0.996399998664856 0.9962007403373718 0.9962007403373718
0.034613434225320816 0.9943696856498718 0.9991039037704468 0.9957877993583679 0.992900013923645 0.9943418502807617 0.031333524733781815 0.9966115355491638 0.9993122816085815 0.9944245219230652 0.9987999796867371 0.9966074228286743 0.030736252665519714 0.9966121912002563 0.9992077946662903 0.9960048198699951 0.9972000122070312 0.9966020584106445 0.9966020584106445
0.03420233726501465 0.9945939183235168 0.9989485740661621 0.9961876273155212 0.9929500222206116 0.9945662021636963 0.031010618433356285 0.99461829662323 0.9994849562644958 0.9959887862205505 0.9932000041007996 0.9945924878120422 0.0306832417845726 0.9952172040939331 0.9990786910057068 0.997988760471344 0.9923999905586243 0.9951865077018738 0.9951865077018738
0.03352680057287216 0.9944693446159363 0.999100387096405 0.9957389235496521 0.993149995803833 0.9944427609443665 0.03035842627286911 0.9956148862838745 0.9991151690483093 0.9955999851226807 0.9955999851226807 0.9955999851226807 0.032222773879766464 0.9956157803535461 0.9985095858573914 0.9979903697967529 0.9932000041007996 0.9955893754959106 0.9955893754959106
0.03418043255805969 0.9942700266838074 0.999059796333313 0.9956874847412109 0.9927999973297119 0.9942416548728943 0.032018184661865234 0.9966115355491638 0.9992973804473877 0.9944245219230652 0.9987999796867371 0.9966074228286743 0.03060077503323555 0.9962136149406433 0.9992015361785889 0.9963985681533813 0.9959999918937683 0.9961993098258972 0.9961993098258972
0.03791556879878044 0.993572473526001 0.9988762140274048 0.9951841235160828 0.9919000267982483 0.9935393333435059 0.033582963049411774 0.996212899684906 0.999110758304596 0.9944201111793518 0.9980000257492065 0.9962068200111389 0.033542510122060776 0.995017945766449 0.9988216161727905 0.9951980710029602 0.9947999715805054 0.9949989318847656 0.9949989318847656
0.03349877893924713 0.9942202568054199 0.9992209076881409 0.9958362579345703 0.9925500154495239 0.9941903948783875 0.030078859999775887 0.9958142042160034 0.998923122882843 0.9971921443939209 0.9944000244140625 0.9957941174507141 0.03437776491045952 0.9946193695068359 0.9987037777900696 0.9979863166809082 0.9911999702453613 0.9945815205574036 0.9945815205574036
0.03247281536459923 0.9947683215141296 0.9992491602897644 0.9957414865493774 0.9937499761581421 0.9947447776794434 0.027933012694120407 0.9970101714134216 0.9993110299110413 0.9964042901992798 0.9976000189781189 0.9970018267631531 0.02894982136785984 0.9964129328727722 0.999294638633728 0.9979935884475708 0.9947999715805054 0.9963942170143127 0.9963942170143127
0.03395136445760727 0.9945939183235168 0.9989916086196899 0.9958891272544861 0.9932500123977661 0.99456787109375 0.03202473372220993 0.9950169324874878 0.9990861415863037 0.9955947399139404 0.9944000244140625 0.9949970245361328 0.03302331268787384 0.9952172040939331 0.9986990094184875 0.998389720916748 0.9919999837875366 0.995184600353241 0.995184600353241
0.03421737253665924 0.9944942593574524 0.9991353154182434 0.9957888126373291 0.993149995803833 0.9944676756858826 0.032107286155223846 0.9958142042160034 0.9989230036735535 0.9940215349197388 0.9976000189781189 0.9958075881004333 0.03081466257572174 0.9962136149406433 0.9992349147796631 0.9960016012191772 0.996399998664856 0.9962007403373718 0.9962007403373718
0.03355187550187111 0.9946437478065491 0.9991305470466614 0.9957901239395142 0.9934499859809875 0.9946186542510986 0.02817169576883316 0.996212899684906 0.999310314655304 0.9948145151138306 0.9976000189781189 0.9962053894996643 0.029541322961449623 0.995416522026062 0.9992355108261108 0.9967910051345825 0.9940000176429749 0.9953935146331787 0.9953935146331787
0.034045591950416565 0.9945440888404846 0.9989358186721802 0.9961872100830078 0.9928500056266785 0.9945157766342163 0.029948115348815918 0.9964122176170349 0.9989223480224609 0.9948166012763977 0.9980000257492065 0.9964057207107544 0.029640251770615578 0.9966121912002563 0.9987062215805054 0.9975951910018921 0.9955999851226807 0.99659663438797 0.99659663438797
0.033172208815813065 0.9944942593574524 0.9990941286087036 0.995590090751648 0.9933500289916992 0.9944688081741333 0.026387901976704597 0.9960135817527771 0.9995136857032776 0.995207667350769 0.9968000054359436 0.9960031509399414 0.030075663700699806 0.995416522026062 0.9988446235656738 0.9967910051345825 0.9940000176429749 0.9953935146331787 0.9953935146331787
0.032672297209501266 0.9944693446159363 0.9992257356643677 0.9954409003257751 0.9934499859809875 0.9944444298744202 0.02786058932542801 0.9960135817527771 0.9993101358413696 0.9963971376419067 0.9955999851226807 0.9959983825683594 0.03031334839761257 0.9958150386810303 0.998676598072052 0.997991144657135 0.9936000108718872 0.9957907199859619 0.9957907199859619
0.033481452614068985 0.9944444298744202 0.9991511702537537 0.9960868954658508 0.9927499890327454 0.9944156408309937 0.031251780688762665 0.9964122176170349 0.999112069606781 0.9952114820480347 0.9976000189781189 0.9964043498039246 0.030816061422228813 0.9956157803535461 0.9985221028327942 0.9979903697967529 0.9932000041007996 0.9955893754959106 0.9955893754959106
0.03333869203925133 0.9943696856498718 0.9991472959518433 0.9959369897842407 0.9927499890327454 0.9943408966064453 0.030230851843953133 0.9964122176170349 0.9992954134941101 0.9956070184707642 0.9972000122070312 0.9964028596878052 0.029125869274139404 0.9966121912002563 0.999082624912262 0.9979943633079529 0.995199978351593 0.9965952634811401 0.9965952634811401
0.034923892468214035 0.9942202568054199 0.9990003108978271 0.9956373572349548 0.9927499890327454 0.994191586971283 0.029543984681367874 0.9960135817527771 0.9991000294685364 0.9963971376419067 0.9955999851226807 0.9959983825683594 0.03092966042459011 0.9952172040939331 0.9989047050476074 0.998389720916748 0.9919999837875366 0.995184600353241 0.995184600353241
0.03301495686173439 0.9944693446159363 0.9992493391036987 0.9957389235496521 0.993149995803833 0.9944427609443665 0.02802176959812641 0.9968108534812927 0.9993146657943726 0.9956105351448059 0.9980000257492065 0.9968038201332092 0.029079001396894455 0.9964129328727722 0.9987049102783203 0.9979935884475708 0.9947999715805054 0.9963942170143127 0.9963942170143127
0.034041933715343475 0.9945440888404846 0.9990746378898621 0.9959384202957153 0.9930999875068665 0.9945171475410461 0.027946434915065765 0.9964122176170349 0.9995042681694031 0.9952114820480347 0.9976000189781189 0.9964043498039246 0.029185499995946884 0.9960143566131592 0.9988677501678467 0.9979919791221619 0.9940000176429749 0.9959920048713684 0.9959920048713684
0.03268836811184883 0.9947932362556458 0.9991778135299683 0.9962388873100281 0.9933000206947327 0.9947673082351685 0.029288480058312416 0.9966115355491638 0.9992862343788147 0.9948186278343201 0.9983999729156494 0.9966060519218445 0.02876732312142849 0.9968114495277405 0.9992428421974182 0.9968000054359436 0.9968000054359436 0.9968000054359436 0.9968000054359436
0.03255557641386986 0.9945440888404846 0.9992071986198425 0.995689868927002 0.9933500289916992 0.9945185780525208 0.027115801349282265 0.9968108534812927 0.9991265535354614 0.9960063695907593 0.9976000189781189 0.9968026280403137 0.028621584177017212 0.9964129328727722 0.9989014863967896 0.9975942373275757 0.995199978351593 0.9963956475257874 0.9963956475257874
0.03309055045247078 0.9948181509971619 0.9990153908729553 0.9962888956069946 0.9933000206947327 0.9947921633720398 0.0294979065656662 0.9964122176170349 0.9991269707679749 0.9940286874771118 0.9987999796867371 0.9964086413383484 0.030428512021899223 0.9962136149406433 0.999214231967926 0.9956052899360657 0.9968000054359436 0.996202290058136 0.996202290058136
0.03356911987066269 0.9943696856498718 0.9990773797035217 0.9960365295410156 0.9926499724388123 0.9943403601646423 0.03276516869664192 0.9942196607589722 0.9990852475166321 0.997183084487915 0.9911999702453613 0.9941825270652771 0.03692631050944328 0.9942207932472229 0.998683750629425 0.9987888336181641 0.9896000027656555 0.9941731691360474 0.9941731691360474
0.034530676901340485 0.9944444298744202 0.9990562200546265 0.9956890344619751 0.993149995803833 0.9944178462028503 0.03199946880340576 0.9942196607589722 0.9992836117744446 0.9959855675697327 0.9923999905586243 0.9941895604133606 0.031382329761981964 0.9944201111793518 0.9988819360733032 0.9979854822158813 0.9908000230789185 0.9943797588348389 0.9943797588348389
0.03394903615117073 0.9946935772895813 0.9990342259407043 0.9961884021759033 0.993149995803833 0.9946668744087219 0.029471328482031822 0.996212899684906 0.9991365075111389 0.9940263032913208 0.9983999729156494 0.9962083101272583 0.030626215040683746 0.9962136149406433 0.9989990592002869 0.9960016012191772 0.996399998664856 0.9962007403373718 0.9962007403373718
0.03300606459379196 0.9945939183235168 0.9992542266845703 0.9960383176803589 0.9930999875068665 0.9945669770240784 0.026438165456056595 0.9972094893455505 0.999304473400116 0.996802568435669 0.9976000189781189 0.997201144695282 0.028897659853100777 0.9964129328727722 0.9988796710968018 0.9979935884475708 0.9947999715805054 0.9963942170143127 0.9963942170143127
0.031995344907045364 0.9945440888404846 0.9992361664772034 0.9960876703262329 0.9929500222206116 0.9945163726806641 0.030964702367782593 0.9956148862838745 0.9988968968391418 0.9952038526535034 0.9959999918937683 0.9956017732620239 0.03262921795248985 0.9956157803535461 0.9984630942344666 0.9975903630256653 0.9936000108718872 0.9955911636352539 0.9955911636352539
0.03408004716038704 0.9942949414253235 0.9990862011909485 0.9956380128860474 0.992900013923645 0.9942671656608582 0.028195729479193687 0.9968108534812927 0.9991018176078796 0.9968000054359436 0.9968000054359436 0.9968000054359436 0.029978333041071892 0.995017945766449 0.9992811679840088 0.9979879260063171 0.9919999837875366 0.9949849843978882 0.9949849843978882
0.03380589932203293 0.9946686625480652 0.9990674257278442 0.9961383938789368 0.993149995803833 0.9946420192718506 0.033484749495983124 0.9960135817527771 0.9987367391586304 0.9932378530502319 0.9987999796867371 0.9960111975669861 0.03275709226727486 0.995416522026062 0.9988085031509399 0.9932298064231873 0.9976000189781189 0.995410144329071 0.995410144329071
0.03176618739962578 0.9950921535491943 0.9992293119430542 0.9960919618606567 0.9940500259399414 0.9950699210166931 0.03178843855857849 0.9948176145553589 0.9990385174751282 0.9940096139907837 0.9955999851226807 0.9948041439056396 0.03541446849703789 0.995017945766449 0.9983221292495728 0.9959920048713684 0.9940000176429749 0.9949949979782104 0.9949949979782104
0.0316242091357708 0.9947932362556458 0.999200165271759 0.9959404468536377 0.9936000108718872 0.9947688579559326 0.03073224052786827 0.99461829662323 0.999117374420166 0.9971853494644165 0.9919999837875366 0.9945859313011169 0.035388510674238205 0.9944201111793518 0.9985356330871582 0.998789370059967 0.9900000095367432 0.9943752884864807 0.9943752884864807
0.03406922519207001 0.9938714504241943 0.999156653881073 0.9948892593383789 0.9927999973297119 0.9938434958457947 0.03010319359600544 0.9942196607589722 0.9990996718406677 0.9967832565307617 0.991599977016449 0.9941847920417786 0.03187470883131027 0.9944201111793518 0.9990936517715454 0.9983870983123779 0.9904000163078308 0.9943774938583374 0.9943774938583374
0.032073311507701874 0.9950423240661621 0.9991997480392456 0.9965892434120178 0.9934499859809875 0.9950171709060669 0.02892916463315487 0.9960135817527771 0.9993334412574768 0.993630588054657 0.9983999729156494 0.9960095286369324 0.029556626453995705 0.9964129328727722 0.9992395639419556 0.9960032105445862 0.9968000054359436 0.9964014887809753 0.9964014887809753
0.03199460357427597 0.9947683215141296 0.9992077350616455 0.9962387084960938 0.9932500123977661 0.9947420954704285 0.02662220411002636 0.9964122176170349 0.999519407749176 0.9956070184707642 0.9972000122070312 0.9964028596878052 0.027928203344345093 0.9964129328727722 0.9991021752357483 0.9979935884475708 0.9947999715805054 0.9963942170143127 0.9963942170143127
0.03289559856057167 0.9945440888404846 0.9991296529769897 0.9960876703262329 0.9929500222206116 0.9945163726806641 0.029746560379862785 0.9960135817527771 0.9991427063941956 0.993630588054657 0.9983999729156494 0.9960095286369324 0.030498579144477844 0.9960143566131592 0.9988001585006714 0.995207667350769 0.9968000054359436 0.9960031509399414 0.9960031509399414
0.032336652278900146 0.9947434067726135 0.9991195201873779 0.9960892200469971 0.9933500289916992 0.9947177171707153 0.027597833424806595 0.9972094893455505 0.9992977976799011 0.996802568435669 0.9976000189781189 0.997201144695282 0.02816653624176979 0.9960143566131592 0.9992758631706238 0.9979919791221619 0.9940000176429749 0.9959920048713684 0.9959920048713684
0.032827649265527725 0.994245171546936 0.9992257952690125 0.9957370162010193 0.9926999807357788 0.9942162036895752 0.026919517666101456 0.9968108534812927 0.9991070628166199 0.9960063695907593 0.9976000189781189 0.9968026280403137 0.02815796062350273 0.9966121912002563 0.9992778301239014 0.9975951910018921 0.9955999851226807 0.99659663438797 0.99659663438797
0.03205157816410065 0.9949925541877747 0.9990053176879883 0.9959917664527893 0.9939500093460083 0.9949698448181152 0.02592429332435131 0.9966115355491638 0.9995096325874329 0.9960048198699951 0.9972000122070312 0.9966020584106445 0.028640126809477806 0.9964129328727722 0.9987184405326843 0.9983935952186584 0.9944000244140625 0.9963928461074829 0.9963928461074829
0.03328881412744522 0.9943946003913879 0.9991664290428162 0.9958377480506897 0.992900013923645 0.9943667054176331 0.026936370879411697 0.9972094893455505 0.9991186261177063 0.9972000122070312 0.9972000122070312 0.9972000122070312 0.02922760508954525 0.995017945766449 0.998909592628479 0.9983890652656555 0.991599977016449 0.9949829578399658 0.9949829578399658
0.032860685139894485 0.9946686625480652 0.9991337060928345 0.9959394335746765 0.9933500289916992 0.9946430325508118 0.03308640420436859 0.9942196607589722 0.998717188835144 0.997183084487915 0.9911999702453613 0.9941825270652771 0.03832520544528961 0.9944201111793518 0.9981204867362976 0.9991922378540039 0.9896000027656555 0.9943730235099792 0.9943730235099792
0.03464381769299507 0.9943447709083557 0.9989497065544128 0.9959865808486938 0.9926499724388123 0.994315505027771 0.030096590518951416 0.996212899684906 0.9993292689323425 0.9940263032913208 0.9983999729156494 0.9962083101272583 0.030417082831263542 0.9962136149406433 0.9990560412406921 0.9952095746994019 0.9972000122070312 0.9962037801742554 0.9962037801742554
0.03188071399927139 0.9949427247047424 0.9993312954902649 0.9960411190986633 0.9937999844551086 0.9949193000793457 0.027677929028868675 0.9968108534812927 0.9993277192115784 0.9952152967453003 0.9983999729156494 0.9968050718307495 0.028410745784640312 0.9970107674598694 0.9992744326591492 0.9968012571334839 0.9972000122070312 0.9970005750656128 0.9970005750656128
0.03262163698673248 0.9948679804801941 0.999118447303772 0.9963887929916382 0.9933000206947327 0.994841992855072 0.029454000294208527 0.996212899684906 0.9992949366569519 0.9956052899360657 0.9968000054359436 0.996202290058136 0.028964301571249962 0.9962136149406433 0.9993926286697388 0.9975932836532593 0.9947999715805054 0.9961946606636047 0.9961946606636047
0.03145497664809227 0.995017409324646 0.9992124438285828 0.996738612651825 0.9932500123977661 0.9949912428855896 0.027068838477134705 0.9968108534812927 0.9995265007019043 0.9952152967453003 0.9983999729156494 0.9968050718307495 0.028031544759869576 0.9968114495277405 0.9992524981498718 0.9971977472305298 0.996399998664856 0.9967986941337585 0.9967986941337585
0.032511401921510696 0.9948679804801941 0.9991925358772278 0.9962394833564758 0.9934499859809875 0.9948427677154541 0.027424469590187073 0.9966115355491638 0.9992976784706116 0.9960048198699951 0.9972000122070312 0.9966020584106445 0.027850501239299774 0.9968114495277405 0.9992924928665161 0.9979951977729797 0.9955999851226807 0.996796190738678 0.996796190738678
0.03242803364992142 0.9947434067726135 0.9991291761398315 0.9961389899253845 0.9933000206947327 0.9947174787521362 0.02826935611665249 0.9958142042160034 0.9991265535354614 0.9959983825683594 0.9955999851226807 0.9957991242408752 0.03045452944934368 0.995416522026062 0.998532235622406 0.9979895353317261 0.9927999973297119 0.9953880310058594 0.9953880310058594
0.03233039006590843 0.9947932362556458 0.9991289377212524 0.9959901571273804 0.9935500025749207 0.9947686195373535 0.027817655354738235 0.9964122176170349 0.9993112683296204 0.9952114820480347 0.9976000189781189 0.9964043498039246 0.028796816244721413 0.9964129328727722 0.9988924860954285 0.9983935952186584 0.9944000244140625 0.9963928461074829 0.9963928461074829
0.03265943005681038 0.9948181509971619 0.9990869164466858 0.9962888956069946 0.9933000206947327 0.9947921633720398 0.031184811145067215 0.9960135817527771 0.9987433552742004 0.993630588054657 0.9983999729156494 0.9960095286369324 0.030952660366892815 0.9952172040939331 0.9988479614257812 0.9940143823623657 0.996399998664856 0.9952057600021362 0.9952057600021362
0.030802825465798378 0.9951419830322266 0.9992716312408447 0.9959929585456848 0.9942499995231628 0.9951207637786865 0.031995683908462524 0.9958142042160034 0.9989106059074402 0.9948104023933411 0.9968000054359436 0.9958042502403259 0.028890209272503853 0.9960143566131592 0.9990905523300171 0.9967948794364929 0.995199978351593 0.9959967732429504 0.9959967732429504
0.03268668055534363 0.9945440888404846 0.9990490674972534 0.9955905079841614 0.9934499859809875 0.9945191144943237 0.024841023609042168 0.9970101714134216 0.9997106194496155 0.9964042901992798 0.9976000189781189 0.9970018267631531 0.028443437069654465 0.9960143566131592 0.9988878965377808 0.9975922703742981 0.9944000244140625 0.9959936141967773 0.9959936141967773
0.03030574694275856 0.9948679804801941 0.9994180798530579 0.9960902333259583 0.9936000108718872 0.9948435425758362 0.025987353175878525 0.9972094893455505 0.9995043873786926 0.9960095882415771 0.9983999729156494 0.9972033500671387 0.026687709614634514 0.9968114495277405 0.9994717240333557 0.9975961446762085 0.9959999918937683 0.9967974424362183 0.9967974424362183
0.03153399005532265 0.9947683215141296 0.9992325305938721 0.9957414865493774 0.9937499761581421 0.9947447776794434 0.026151414960622787 0.9970101714134216 0.9995044469833374 0.9956122636795044 0.9983999729156494 0.9970042109489441 0.02665095217525959 0.9974093437194824 0.9994686245918274 0.9975990653038025 0.9972000122070312 0.9973995089530945 0.9973995089530945
0.031502049416303635 0.9948181509971619 0.9990764260292053 0.9963884353637695 0.9932000041007996 0.9947916269302368 0.027396762743592262 0.9968108534812927 0.9991174340248108 0.9968000054359436 0.9968000054359436 0.9968000054359436 0.028603555634617805 0.9958150386810303 0.9989163875579834 0.9983916282653809 0.9932000041007996 0.9957889914512634 0.9957889914512634
0.032631248235702515 0.9944444298744202 0.9991128444671631 0.9959375858306885 0.992900013923645 0.9944164752960205 0.027837499976158142 0.9960135817527771 0.9991418719291687 0.9940239191055298 0.9980000257492065 0.996008038520813 0.029595237225294113 0.9958150386810303 0.998668909072876 0.9956017732620239 0.9959999918937683 0.9958008527755737 0.9958008527755737
0.03339269757270813 0.9944444298744202 0.9990272521972656 0.995738685131073 0.9930999875068665 0.9944175481796265 0.0268422719091177 0.9964122176170349 0.9993230104446411 0.9944223165512085 0.9983999729156494 0.9964072108268738 0.02886279672384262 0.9962136149406433 0.9990445375442505 0.9960016012191772 0.996399998664856 0.9962007403373718 0.9962007403373718
0.03166799619793892 0.9948928952217102 0.9990710616111755 0.9957922101020813 0.9939500093460083 0.9948702454566956 0.028076406568288803 0.9966115355491638 0.9992883801460266 0.9960048198699951 0.9972000122070312 0.9966020584106445 0.02801605872809887 0.9960143566131592 0.9992654919624329 0.9979919791221619 0.9940000176429749 0.9959920048713684 0.9959920048713684
0.031938787549734116 0.9948181509971619 0.9991289377212524 0.9959406852722168 0.9936500191688538 0.9947940111160278 0.027004424482584 0.9966115355491638 0.9991273880004883 0.9975951910018921 0.9955999851226807 0.99659663438797 0.02951386757194996 0.995017945766449 0.999110221862793 0.9987908005714417 0.9911999702453613 0.9949809908866882 0.9949809908866882
0.03200637921690941 0.9947434067726135 0.9992098808288574 0.9958406686782837 0.9936000108718872 0.9947190880775452 0.028223136439919472 0.996212899684906 0.9993197917938232 0.9956052899360657 0.9968000054359436 0.996202290058136 0.029400648549199104 0.9960143566131592 0.9985203742980957 0.9979919791221619 0.9940000176429749 0.9959920048713684 0.9959920048713684
0.03247024118900299 0.9942700266838074 0.9992973208427429 0.9958864450454712 0.9926000237464905 0.9942405223846436 0.029959529638290405 0.9964122176170349 0.9991166591644287 0.9952114820480347 0.9976000189781189 0.9964043498039246 0.02944951504468918 0.9962136149406433 0.998868465423584 0.9975932836532593 0.9947999715805054 0.9961946606636047 0.9961946606636047
0.031821686774492264 0.9947932362556458 0.9993231296539307 0.9960399270057678 0.9934999942779541 0.9947683811187744 0.027621187269687653 0.9966115355491638 0.9991449117660522 0.9952133893966675 0.9980000257492065 0.9966048002243042 0.029312143102288246 0.9962136149406433 0.998853325843811 0.9963985681533813 0.9959999918937683 0.9961993098258972 0.9961993098258972
0.03059014305472374 0.9951419830322266 0.999176025390625 0.9965899586677551 0.9936500191688538 0.9951177835464478 0.02985193580389023 0.9964122176170349 0.998744010925293 0.9944223165512085 0.9983999729156494 0.9964072108268738 0.02844393439590931 0.9966121912002563 0.999057412147522 0.9964014291763306 0.9968000054359436 0.9966006278991699 0.9966006278991699
0.03299398347735405 0.994020938873291 0.9989786148071289 0.9952380657196045 0.9927499890327454 0.9939925074577332 0.02662205509841442 0.9958142042160034 0.9991377592086792 0.9959983825683594 0.9955999851226807 0.9957991242408752 0.03072614036500454 0.9956157803535461 0.9985119104385376 0.9979903697967529 0.9932000041007996 0.9955893754959106 0.9955893754959106
0.03268643841147423 0.9943696856498718 0.9991706609725952 0.9957877993583679 0.992900013923645 0.9943418502807617 0.027208121493458748 0.9964122176170349 0.9991292357444763 0.9971955418586731 0.9955999851226807 0.9963971376419067 0.029455052688717842 0.9956157803535461 0.9987163543701172 0.9983909726142883 0.9927999973297119 0.9955876469612122 0.9955876469612122
0.03137999027967453 0.9950672388076782 0.9992108941078186 0.9963902831077576 0.9937000274658203 0.9950433373451233 0.02818252332508564 0.9958142042160034 0.99932461977005 0.9944156408309937 0.9972000122070312 0.9958058595657349 0.03016452118754387 0.9956157803535461 0.9988573789596558 0.9967923164367676 0.9944000244140625 0.9955947399139404 0.9955947399139404
0.03335854038596153 0.9943946003913879 0.9989608526229858 0.9957382678985596 0.9929999709129333 0.994367241859436 0.02914164774119854 0.996212899684906 0.9989376664161682 0.9944201111793518 0.9980000257492065 0.9962068200111389 0.029043080285191536 0.9968114495277405 0.9986892342567444 0.9971977472305298 0.996399998664856 0.9967986941337585 0.9967986941337585
0.03189649432897568 0.9949676394462585 0.9989967346191406 0.996339738368988 0.9935500025749207 0.9949429035186768 0.029604848474264145 0.9964122176170349 0.9989078044891357 0.9940286874771118 0.9987999796867371 0.9964086413383484 0.028022073209285736 0.9970107674598694 0.9990363717079163 0.9968012571334839 0.9972000122070312 0.9970005750656128 0.9970005750656128
0.031447723507881165 0.995017409324646 0.999122142791748 0.9962406158447266 0.9937499761581421 0.9949937462806702 0.027583565562963486 0.9964122176170349 0.9991394281387329 0.9940286874771118 0.9987999796867371 0.9964086413383484 0.028338158503174782 0.9966121912002563 0.9990572929382324 0.9960048198699951 0.9972000122070312 0.9966020584106445 0.9966020584106445
0.03224318102002144 0.994419515132904 0.9993077516555786 0.9957882165908813 0.9929999709129333 0.9943922162055969 0.025835800915956497 0.9970101714134216 0.9995204210281372 0.9964042901992798 0.9976000189781189 0.9970018267631531 0.027284391224384308 0.9966121912002563 0.9992685317993164 0.9967986941337585 0.996399998664856 0.9965993165969849 0.9965993165969849
0.03160739317536354 0.9949427247047424 0.9991818070411682 0.9963395595550537 0.9934999942779541 0.9949177503585815 0.02645917795598507 0.9964122176170349 0.9993216395378113 0.9952114820480347 0.9976000189781189 0.9964043498039246 0.02918711118400097 0.9958150386810303 0.9988710284233093 0.9963956475257874 0.995199978351593 0.9957974553108215 0.9957974553108215
0.03135252743959427 0.9948679804801941 0.9992305040359497 0.9963887929916382 0.9933000206947327 0.994841992855072 0.025393642485141754 0.9968108534812927 0.9993243217468262 0.9975961446762085 0.9959999918937683 0.9967974424362183 0.029816461727023125 0.995416522026062 0.9987220764160156 0.9987918138504028 0.9919999837875366 0.9953842759132385 0.9953842759132385
0.03181932866573334 0.9947683215141296 0.9989945888519287 0.9961889386177063 0.9933000206947327 0.9947423338890076 0.024602357298135757 0.9970101714134216 0.9995265603065491 0.9960079789161682 0.9980000257492065 0.9970029592514038 0.02731522172689438 0.9968114495277405 0.9989076852798462 0.9975961446762085 0.9959999918937683 0.9967974424362183 0.9967974424362183
0.03126854822039604 0.9946437478065491 0.999129056930542 0.9961879849433899 0.9930499792098999 0.9946164488792419 0.02447008341550827 0.9972094893455505 0.9995197057723999 0.9964057803153992 0.9980000257492065 0.9972023367881775 0.026643075048923492 0.9968114495277405 0.9993019104003906 0.9979951977729797 0.9955999851226807 0.996796190738678 0.996796190738678
0.030022481456398964 0.9952665567398071 0.9993147850036621 0.9959443211555481 0.9945499897003174 0.9952467083930969 0.02578580193221569 0.9968108534812927 0.9993347525596619 0.9964028596878052 0.9972000122070312 0.9968012571334839 0.028508253395557404 0.9960143566131592 0.9985410571098328 0.9979919791221619 0.9940000176429749 0.9959920048713684 0.9959920048713684
0.03181280940771103 0.9945939183235168 0.9993001222610474 0.9958891272544861 0.9932500123977661 0.99456787109375 0.026998858898878098 0.9966115355491638 0.9991232752799988 0.9956088066101074 0.9976000189781189 0.9966034293174744 0.028703929856419563 0.9962136149406433 0.9985177516937256 0.997992753982544 0.9944000244140625 0.9961931705474854 0.9961931705474854
0.031495075672864914 0.9949427247047424 0.999189555644989 0.9961903095245361 0.9936500191688538 0.9949185848236084 0.026523087173700333 0.9964122176170349 0.9991388916969299 0.9967974424362183 0.9959999918937683 0.9963985681533813 0.030307622626423836 0.9956157803535461 0.9987213015556335 0.9979903697967529 0.9932000041007996 0.9955893754959106 0.9955893754959106
0.03198422119021416 0.9941704273223877 0.9992079734802246 0.995537519454956 0.9927499890327454 0.9941418170928955 0.027280522510409355 0.9960135817527771 0.9991167187690735 0.9956035017967224 0.996399998664856 0.996001660823822 0.029661407694220543 0.9956157803535461 0.9986912608146667 0.9975903630256653 0.9936000108718872 0.9955911636352539 0.9955911636352539
0.03048587217926979 0.9954409599304199 0.9991874694824219 0.9964427351951599 0.9944000244140625 0.9954202771186829 0.025349954143166542 0.9966115355491638 0.9993434548377991 0.9952133893966675 0.9980000257492065 0.9966048002243042 0.028341656550765038 0.9962136149406433 0.9985293745994568 0.9971944093704224 0.995199978351593 0.9961961507797241 0.9961961507797241
0.03127332404255867 0.9947932362556458 0.9993179440498352 0.9958410859107971 0.9937000274658203 0.9947694540023804 0.02839352935552597 0.9960135817527771 0.9991331100463867 0.9963971376419067 0.9955999851226807 0.9959983825683594 0.03184540197253227 0.9956157803535461 0.9985285997390747 0.9979903697967529 0.9932000041007996 0.9955893754959106 0.9955893754959106
0.03148855268955231 0.9947184920310974 0.9991958737373352 0.9960890412330627 0.9933000206947327 0.9946926236152649 0.025317149236798286 0.9966115355491638 0.9995086789131165 0.9964014291763306 0.9968000054359436 0.9966006278991699 0.02803323231637478 0.9962136149406433 0.998902440071106 0.9975932836532593 0.9947999715805054 0.9961946606636047 0.9961946606636047
0.030772941187024117 0.9951170682907104 0.9992654323577881 0.9960424900054932 0.9941499829292297 0.9950953125953674 0.024965256452560425 0.9964122176170349 0.9993343353271484 0.9944223165512085 0.9983999729156494 0.9964072108268738 0.02830381877720356 0.9962136149406433 0.9988767504692078 0.9963985681533813 0.9959999918937683 0.9961993098258972 0.9961993098258972
0.03155927360057831 0.9945191740989685 0.9992141723632812 0.9961870312690735 0.9927999973297119 0.9944906830787659 0.02461833879351616 0.9974088072776794 0.9995269775390625 0.9964072108268738 0.9983999729156494 0.997402548789978 0.026995090767741203 0.9966121912002563 0.9992558360099792 0.9967986941337585 0.996399998664856 0.9965993165969849 0.9965993165969849
0.03198724612593651 0.9949925541877747 0.9990934729576111 0.9961906671524048 0.9937499761581421 0.9949687719345093 0.027928516268730164 0.9966115355491638 0.9991357326507568 0.9952133893966675 0.9980000257492065 0.9966048002243042 0.02948407642543316 0.9960143566131592 0.9986494183540344 0.9975922703742981 0.9944000244140625 0.9959936141967773 0.9959936141967773
0.03128848969936371 0.9949925541877747 0.9990265965461731 0.9962404370307922 0.9937000274658203 0.994968593120575 0.02651604637503624 0.9960135817527771 0.9995195865631104 0.9959999918937683 0.9959999918937683 0.9959999918937683 0.027015242725610733 0.9966121912002563 0.9989150166511536 0.9979943633079529 0.995199978351593 0.9965952634811401 0.9965952634811401
0.031841617077589035 0.9947184920310974 0.9991309642791748 0.9963877201080322 0.9929999709129333 0.9946908950805664 0.028893904760479927 0.996212899684906 0.9993354678153992 0.9940263032913208 0.9983999729156494 0.9962083101272583 0.02952593006193638 0.9960143566131592 0.9987732768058777 0.9956035017967224 0.996399998664856 0.996001660823822 0.996001660823822
0.030977953225374222 0.9951668977737427 0.9992186427116394 0.9964905381202698 0.9937999844551086 0.9951434135437012 0.024710431694984436 0.9970101714134216 0.9993358850479126 0.9964042901992798 0.9976000189781189 0.9970018267631531 0.026904474943876266 0.9966121912002563 0.9993077516555786 0.9983941912651062 0.9947999715805054 0.9965938925743103 0.9965938925743103
0.031139807775616646 0.9950921535491943 0.9991376996040344 0.9964900016784668 0.9936500191688538 0.9950680136680603 0.025953738018870354 0.996212899684906 0.9991282224655151 0.9967961311340332 0.9955999851226807 0.9961977005004883 0.029150959104299545 0.9956157803535461 0.9987276196479797 0.998792290687561 0.9923999905586243 0.9955858588218689 0.9955858588218689
0.030622268095612526 0.9946935772895813 0.9993268847465515 0.9962879419326782 0.9930499792098999 0.994666337966919 0.024886276572942734 0.9970101714134216 0.999515175819397 0.9975970983505249 0.996399998664856 0.9969981908798218 0.029000161215662956 0.9962136149406433 0.998508095741272 0.9983929395675659 0.9940000176429749 0.9961916208267212 0.9961916208267212
0.030463911592960358 0.9952665567398071 0.9991657137870789 0.9964414834976196 0.9940500259399414 0.9952443242073059 0.025686535984277725 0.9968108534812927 0.99952632188797 0.9956105351448059 0.9980000257492065 0.9968038201332092 0.027395593002438545 0.9968114495277405 0.9987025856971741 0.9979951977729797 0.9955999851226807 0.996796190738678 0.996796190738678
0.030312294140458107 0.9947683215141296 0.9993675947189331 0.9957911372184753 0.9937000274658203 0.9947444796562195 0.029420623555779457 0.99461829662323 0.9993025660514832 0.9975855350494385 0.991599977016449 0.9945837259292603 0.0336427241563797 0.9944201111793518 0.9989169239997864 0.998789370059967 0.9900000095367432 0.9943752884864807 0.9943752884864807
0.03186776116490364 0.9950423240661621 0.9991785287857056 0.9964398741722107 0.9936000108718872 0.995017945766449 0.0269723292440176 0.9964122176170349 0.9993289113044739 0.9952114820480347 0.9976000189781189 0.9964043498039246 0.027658579871058464 0.9968114495277405 0.9985117316246033 0.9979951977729797 0.9955999851226807 0.996796190738678 0.996796190738678
0.030556203797459602 0.9950672388076782 0.9992302656173706 0.9962907433509827 0.9937999844551086 0.9950438141822815 0.028037065640091896 0.9948176145553589 0.9991207122802734 0.9975864887237549 0.9919999837875366 0.9947853684425354 0.031526725739240646 0.9946193695068359 0.9989277720451355 0.9987898468971252 0.9904000163078308 0.9945772290229797 0.9945772290229797
0.030786482617259026 0.9949676394462585 0.9992327690124512 0.9963895082473755 0.9934999942779541 0.9949426651000977 0.02660856582224369 0.996212899684906 0.9991458654403687 0.9936330914497375 0.9987999796867371 0.9962098002433777 0.0282102320343256 0.9958150386810303 0.9992386102676392 0.9944156408309937 0.9972000122070312 0.9958058595657349 0.9958058595657349
0.03009527362883091 0.9950672388076782 0.9991798996925354 0.9961414933204651 0.9939500093460083 0.9950445294380188 0.025756431743502617 0.9964122176170349 0.9995180368423462 0.9952114820480347 0.9976000189781189 0.9964043498039246 0.026696231216192245 0.9966121912002563 0.9989061951637268 0.9975951910018921 0.9955999851226807 0.99659663438797 0.99659663438797
0.029371004551649094 0.9949676394462585 0.9993340969085693 0.996140718460083 0.9937499761581421 0.9949439167976379 0.027425704523921013 0.9964122176170349 0.9991459250450134 0.9940286874771118 0.9987999796867371 0.9964086413383484 0.02837061695754528 0.9964129328727722 0.9988603591918945 0.9952114820480347 0.9976000189781189 0.9964043498039246 0.9964043498039246
