loss_s0127 accuracy_s0127 val_auc_s0127 precision_s0127 recall_s0127 f1_score_s0127 val_loss_s0127 val_accuracy_s0127 val_val_auc_s0127 val_precision_s0127 val_recall_s0127 val_f1_score_s0127
0.25882649421691895 0.9174701571464539 0.9669533967971802 0.9214033484458923 0.9126499891281128 0.9170058369636536 0.15069223940372467 0.9596322774887085 0.9885914325714111 0.9362186789512634 0.9864000082015991 0.9606544971466064
0.11591136455535889 0.9641929268836975 0.9900321364402771 0.9626703858375549 0.9657750129699707 0.9642202258110046 0.0794338658452034 0.9798161387443542 0.9952182173728943 0.9742981195449829 0.9855999946594238 0.9799164533615112
0.08031173795461655 0.9774191975593567 0.9945300221443176 0.9767325520515442 0.9781000018119812 0.9774158000946045 0.06446608155965805 0.9846122860908508 0.99665766954422 0.980944812297821 0.9883999824523926 0.9846582412719727
0.0673123374581337 0.9819403290748596 0.995873212814331 0.981611967086792 0.9822499752044678 0.9819308519363403 0.067137710750103 0.9855116009712219 0.9969576001167297 0.9807882905006409 0.9904000163078308 0.9855707287788391
0.06028508394956589 0.9835265278816223 0.9965338706970215 0.9834520816802979 0.9835749864578247 0.9835135340690613 0.0485500730574131 0.9901078939437866 0.9974731206893921 0.9888290166854858 0.9914000034332275 0.990112841129303
0.05573468282818794 0.9852375388145447 0.9969034194946289 0.9852492809295654 0.9851999878883362 0.9852246642112732 0.054884832352399826 0.9898081421852112 0.9975629448890686 0.9872662425041199 0.9923999905586243 0.989826500415802
0.0517742857336998 0.9862991571426392 0.9973435997962952 0.9869570732116699 0.9855999946594238 0.9862780570983887 0.05231478810310364 0.9910072088241577 0.9975219368934631 0.9908036589622498 0.9911999702453613 0.9910017848014832
0.048006609082221985 0.9876854419708252 0.997614324092865 0.988138735294342 0.9872000217437744 0.9876691699028015 0.0581543929874897 0.9910072088241577 0.9977561831474304 0.9884600043296814 0.9936000108718872 0.9910233616828918
0.0454583540558815 0.9884223341941833 0.9977949261665344 0.988791286945343 0.9880250096321106 0.9884080290794373 0.06250045448541641 0.9901078939437866 0.9978812336921692 0.9853436350822449 0.9950000047683716 0.9901483058929443
0.04229169711470604 0.9894839525222778 0.998017430305481 0.9899404644966125 0.9890000224113464 0.9894700050354004 0.04051702469587326 0.9932054281234741 0.9981938600540161 0.9930027723312378 0.993399977684021 0.9932013750076294
0.04189754277467728 0.9891966581344604 0.9981301426887512 0.9899837374687195 0.9883750081062317 0.9891787767410278 0.0350315161049366 0.993405282497406 0.9983428716659546 0.9955805540084839 0.9911999702453613 0.993385374546051
0.03956470265984535 0.9903457164764404 0.9981797933578491 0.9910126328468323 0.9896500110626221 0.9903309345245361 0.03669276088476181 0.9942046403884888 0.9983998537063599 0.9959855675697327 0.9923999905586243 0.9941895604133606
0.03789427503943443 0.9907453656196594 0.9983392357826233 0.9918811321258545 0.9895750284194946 0.9907267093658447 0.06108981743454933 0.9883093237876892 0.9984192252159119 0.9808942079544067 0.9959999918937683 0.9883894324302673
0.03713004291057587 0.9910575747489929 0.9984079599380493 0.9922066926956177 0.9898750185966492 0.991039514541626 0.08033706992864609 0.9838129281997681 0.9980555772781372 0.9728303551673889 0.9954000115394592 0.9839857816696167
0.03501694276928902 0.9914447665214539 0.9985971450805664 0.99221271276474 0.9906499981880188 0.9914307594299316 0.04446797072887421 0.9940047860145569 0.9985756278038025 0.9930139780044556 0.9950000047683716 0.9940059781074524
0.03380442038178444 0.991994321346283 0.9986644387245178 0.9931340217590332 0.9908249974250793 0.9919782280921936 0.04946261644363403 0.9929056763648987 0.9986493587493896 0.9904477596282959 0.9954000115394592 0.9929177165031433
0.033252108842134476 0.9921067357063293 0.9985910654067993 0.9928886294364929 0.9912999868392944 0.9920936822891235 0.03744087368249893 0.9947042465209961 0.9985646605491638 0.9963877201080322 0.9929999709129333 0.9946908950805664
0.03242236003279686 0.9920817017555237 0.9986289739608765 0.9930858016014099 0.9910500049591064 0.9920668005943298 0.041361138224601746 0.994904100894928 0.9986268281936646 0.9953954219818115 0.9944000244140625 0.9948974847793579
0.032456427812576294 0.9922690987586975 0.9986501932144165 0.9932613372802734 0.9912499785423279 0.9922546148300171 0.03629707172513008 0.995303750038147 0.9987218379974365 0.9963920712471008 0.9941999912261963 0.9952948689460754
0.032169099897146225 0.9926437735557556 0.9986486434936523 0.9937112927436829 0.9915500283241272 0.9926295280456543 0.032149720937013626 0.9958033561706543 0.9989278316497803 0.9959983825683594 0.9955999851226807 0.9957991242408752
0.030805407091975212 0.9930184483528137 0.9987412095069885 0.9943844079971313 0.9916250109672546 0.9930028319358826 0.04938482865691185 0.9936051368713379 0.998824954032898 0.9912420511245728 0.9959999918937683 0.9936153888702393
0.030025677755475044 0.9932682514190674 0.9988075494766235 0.9943376779556274 0.9921749830245972 0.9932551383972168 0.025226881727576256 0.9959032535552979 0.999112606048584 0.9973921775817871 0.9944000244140625 0.9958938360214233
0.02912900224328041 0.9931183457374573 0.9988927245140076 0.9944599270820618 0.9917500019073486 0.9931031465530396 0.024279695004224777 0.9958033561706543 0.9991052150726318 0.9975913166999817 0.9940000176429749 0.9957923889160156
0.02864084765315056 0.9931183457374573 0.9989234805107117 0.9941378235816956 0.9920750260353088 0.9931053519248962 0.02206820249557495 0.9959032535552979 0.9992420673370361 0.997791588306427 0.9940000176429749 0.9958921670913696
0.028360789641737938 0.9935179948806763 0.9988418221473694 0.994612991809845 0.9923999905586243 0.9935052394866943 0.05233195796608925 0.9864108562469482 0.9988194108009338 0.9768627285957336 0.996399998664856 0.986534595489502
0.027723506093025208 0.9937552809715271 0.9988903403282166 0.9949874877929688 0.9925000071525574 0.9937421679496765 0.023278282955288887 0.9958033561706543 0.9992100596427917 0.9977911710739136 0.9937999844551086 0.9957915544509888
0.026872867718338966 0.9937178492546082 0.9989610314369202 0.9947143197059631 0.9926999807357788 0.9937061071395874 0.019082890823483467 0.9963029623031616 0.9991558194160461 0.9981931447982788 0.9944000244140625 0.9962930083274841
0.026158683001995087 0.994354784488678 0.9990255236625671 0.9952910542488098 0.993399977684021 0.9943445324897766 0.022138725966215134 0.9964028596878052 0.9991664290428162 0.9969964027404785 0.9958000183105469 0.996397852897644
0.025398408994078636 0.994142472743988 0.9990800023078918 0.9950409531593323 0.9932249784469604 0.9941321015357971 0.02104097232222557 0.996802568435669 0.999362051486969 0.9975961446762085 0.9959999918937683 0.9967974424362183
0.025359807536005974 0.9940800070762634 0.9990519285202026 0.9950899481773376 0.9930499792098999 0.99406898021698 0.02033848688006401 0.9957034587860107 0.9991371631622314 0.9977906942367554 0.9936000108718872 0.9956909418106079
0.02568586729466915 0.9941049814224243 0.9990231990814209 0.9949662089347839 0.9932249784469604 0.9940948486328125 0.020672911778092384 0.9965028166770935 0.9993011355400085 0.9975947141647339 0.9954000115394592 0.9964961409568787
0.023944193497300148 0.9944297075271606 0.9991315603256226 0.9955151081085205 0.9933249950408936 0.9944188594818115 0.019888339564204216 0.9966027140617371 0.9993150234222412 0.9973958134651184 0.9958000183105469 0.9965973496437073
0.024110589176416397 0.994354784488678 0.9990947246551514 0.9954399466514587 0.9932500123977661 0.9943437576293945 0.017891639843583107 0.9962030649185181 0.9996508359909058 0.9981927871704102 0.9941999912261963 0.9961923956871033
0.023061860352754593 0.9948294162750244 0.9991887211799622 0.9958166480064392 0.9938250184059143 0.9948198199272156 0.01718607172369957 0.9965028166770935 0.9995265603065491 0.9981938600540161 0.9947999715805054 0.9964940547943115
0.022927047684788704 0.9944172501564026 0.9992584586143494 0.9954156875610352 0.993399977684021 0.9944068193435669 0.016725165769457817 0.9964028596878052 0.9995734691619873 0.9979935884475708 0.9947999715805054 0.9963942170143127
0.022964434698224068 0.9947669506072998 0.9992326498031616 0.9958161115646362 0.9937000274658203 0.9947569370269775 0.02471066825091839 0.9970024228096008 0.999393105506897 0.9971988797187805 0.9968000054359436 0.9969993829727173
0.02301078848540783 0.9945546388626099 0.9991596341133118 0.9951937794685364 0.9939000010490417 0.9945464730262756 0.018698133528232574 0.9973021745681763 0.9995107054710388 0.9975985884666443 0.996999979019165 0.9972991943359375
0.02103877067565918 0.9952165484428406 0.9992807507514954 0.996192455291748 0.994225025177002 0.9952077865600586 0.016495611518621445 0.996802568435669 0.9995692372322083 0.9969987869262695 0.9965999722480774 0.9967993497848511
0.021796448156237602 0.9949668049812317 0.999284029006958 0.9957929253578186 0.9941250085830688 0.9949582815170288 0.016003601253032684 0.9975019693374634 0.9995576739311218 0.9977986812591553 0.9972000122070312 0.9974992275238037
0.020623888820409775 0.9952290654182434 0.9993815422058105 0.9962174296379089 0.994225025177002 0.9952201843261719 0.015751181170344353 0.9965028166770935 0.9997087121009827 0.9981938600540161 0.9947999715805054 0.9964940547943115
0.021205130964517593 0.9950292110443115 0.9993388056755066 0.9957934617996216 0.9942499995231628 0.9950211644172668 0.016565833240747452 0.9971023201942444 0.9995620250701904 0.998196005821228 0.9959999918937683 0.997096836566925
0.019077787175774574 0.9957535862922668 0.9994317293167114 0.996668815612793 0.994825005531311 0.9957460165023804 0.015578330494463444 0.9973021745681763 0.9995969533920288 0.9977977871894836 0.9968000054359436 0.9972986578941345
0.019490258768200874 0.9955912232398987 0.9994243383407593 0.9964438676834106 0.9947249889373779 0.995583713054657 0.015306352637708187 0.9973021745681763 0.9995149970054626 0.9977977871894836 0.9968000054359436 0.9972986578941345
0.019406314939260483 0.9957785606384277 0.9993553161621094 0.996470034122467 0.995074987411499 0.9957720637321472 0.016342919319868088 0.996802568435669 0.9995503425598145 0.9979951977729797 0.9955999851226807 0.996796190738678
0.019027847796678543 0.9959659576416016 0.9993637204170227 0.9965956807136536 0.9953250288963318 0.9959599375724792 0.016124771907925606 0.9974020719528198 0.9995766878128052 0.9977982640266418 0.996999979019165 0.9973990321159363
0.01888774335384369 0.9960283637046814 0.9993753433227539 0.9969692230224609 0.995074987411499 0.9960211515426636 0.014529986307024956 0.9975019693374634 0.9995166659355164 0.9981974959373474 0.9968000054359436 0.9974982738494873
0.017687680199742317 0.9961032867431641 0.9994745850563049 0.9968950152397156 0.9952999949455261 0.9960968494415283 0.016994502395391464 0.9976019263267517 0.9994807839393616 0.9972022175788879 0.9980000257492065 0.9976009130477905
0.017378848046064377 0.9963530898094177 0.9994702339172363 0.9972450137138367 0.9954500198364258 0.996346652507782 0.014061306603252888 0.9974020719528198 0.9996131658554077 0.9983968138694763 0.996399998664856 0.9973974227905273
0.016728362068533897 0.9965279698371887 0.9995712637901306 0.9971464276313782 0.9958999752998352 0.9965227842330933 0.013519029133021832 0.9975019693374634 0.9996234178543091 0.9977986812591553 0.9972000122070312 0.9974992275238037
0.017045218497514725 0.9962781667709351 0.9994891285896301 0.9970205426216125 0.9955250024795532 0.9962722063064575 0.013759600929915905 0.9975019693374634 0.9996211528778076 0.9979979991912842 0.996999979019165 0.9974987506866455
0.017049120739102364 0.9962656497955322 0.9995232820510864 0.9969955682754517 0.9955250024795532 0.9962597489356995 0.013018491677939892 0.9975019693374634 0.9996431469917297 0.9975995421409607 0.9973999857902527 0.9974997639656067
0.015870127826929092 0.9966403841972351 0.999572217464447 0.9971470832824707 0.9961249828338623 0.9966357350349426 0.014295853674411774 0.9978017807006836 0.9996911883354187 0.9979991912841797 0.9976000189781189 0.9977995753288269
0.015959259122610092 0.9966403841972351 0.9995469450950623 0.9974956512451172 0.9957749843597412 0.9966346025466919 0.011717399582266808 0.9976019263267517 0.9998591542243958 0.9979984164237976 0.9972000122070312 0.9975990056991577
0.015836680307984352 0.9964780211448669 0.9995397925376892 0.9972706437110901 0.9956750273704529 0.996472179889679 0.012355233542621136 0.9975019693374634 0.9995476603507996 0.9981974959373474 0.9968000054359436 0.9974982738494873
0.015623006969690323 0.9967153072357178 0.9995631575584412 0.997570812702179 0.9958500266075134 0.9967096447944641 0.012631046585738659 0.9977018237113953 0.9996602535247803 0.9972028136253357 0.998199999332428 0.997701108455658
0.015292206779122353 0.9967777132987976 0.9995357394218445 0.9973967671394348 0.996150016784668 0.9967730045318604 0.011183008551597595 0.9979016780853271 0.9998627305030823 0.9983984231948853 0.9973999857902527 0.9978989958763123
0.014446299523115158 0.9968651533126831 0.999672532081604 0.9973723292350769 0.9963499903678894 0.996860921382904 0.012299556285142899 0.9979016780853271 0.9997409582138062 0.9979996085166931 0.9977999925613403 0.9978998303413391
0.014800582081079483 0.9970400333404541 0.9995965957641602 0.9977717399597168 0.9962999820709229 0.9970353245735168 0.01169055700302124 0.998101532459259 0.9996622800827026 0.9978013038635254 0.9983999729156494 0.9981005191802979
0.014356566593050957 0.9969525933265686 0.9996494054794312 0.9975968599319458 0.9962999820709229 0.9969480037689209 0.011002358049154282 0.998101532459259 0.999866247177124 0.9980003833770752 0.998199999332428 0.9981001615524292
0.014166280627250671 0.9971524477005005 0.9995945692062378 0.9977971315383911 0.9965000152587891 0.9971481561660767 0.011418393813073635 0.9978017807006836 0.9997731447219849 0.9972033500671387 0.9983999729156494 0.9978013038635254
0.013704109005630016 0.9969525933265686 0.9996288418769836 0.9976217746734619 0.996275007724762 0.9969480037689209 0.011853686533868313 0.9982014298439026 0.9996724724769592 0.9980008006095886 0.9983999729156494 0.9982003569602966
0.013596688397228718 0.9971149563789368 0.9996750354766846 0.9975229501724243 0.9966999888420105 0.9971113204956055 0.011262533254921436 0.998101532459259 0.9996681809425354 0.9981996417045593 0.9980000257492065 0.9980998039245605
0.013733047060668468 0.9970025420188904 0.9996080994606018 0.9975721836090088 0.9964249730110168 0.9969983100891113 0.010604653507471085 0.9982014298439026 0.9998617172241211 0.998199999332428 0.998199999332428 0.998199999332428
0.013462787494063377 0.9973022937774658 0.9996287226676941 0.9977977871894836 0.9968000054359436 0.9972986578941345 0.01013267319649458 0.998101532459259 0.9999644160270691 0.998598575592041 0.9976000189781189 0.9980989694595337
0.013304134830832481 0.9972148537635803 0.9996652603149414 0.9978223443031311 0.9965999722480774 0.9972107410430908 0.010208605788648129 0.9980015754699707 0.9998736381530762 0.9981992840766907 0.9977999925613403 0.9979995489120483
0.012885135598480701 0.9973897337913513 0.9997345805168152 0.9978480339050293 0.9969249963760376 0.9973862767219543 0.010002818889915943 0.9982014298439026 0.9999746084213257 0.998199999332428 0.998199999332428 0.998199999332428
0.012748803943395615 0.9972648024559021 0.9997255802154541 0.9978973269462585 0.9966250061988831 0.9972607493400574 0.009486725553870201 0.998101532459259 0.9999768733978271 0.9980003833770752 0.998199999332428 0.9981001615524292
0.012071688659489155 0.9975645542144775 0.9997079372406006 0.9981478452682495 0.9969750046730042 0.9975610375404358 0.010833594016730785 0.9979016780853271 0.9995781779289246 0.9972038865089417 0.9986000061035156 0.9979014992713928
0.012422541156411171 0.9973647594451904 0.9997282028198242 0.9980472922325134 0.9966750144958496 0.9973606467247009 0.009224985726177692 0.9983013868331909 0.9999832510948181 0.9983996748924255 0.998199999332428 0.9982998371124268
0.012200008146464825 0.9975520968437195 0.9997144341468811 0.9982475638389587 0.9968500137329102 0.9975482821464539 0.01017183717340231 0.9982014298439026 0.9997799396514893 0.9978017807006836 0.9986000061035156 0.9982007741928101
0.01220652088522911 0.9974896311759949 0.9997124075889587 0.9979979395866394 0.9969750046730042 0.9974862337112427 0.009229335933923721 0.9982014298439026 0.99997878074646 0.9983993768692017 0.9980000257492065 0.9981997013092041
0.011445765383541584 0.9976394772529602 0.9997639656066895 0.9982727766036987 0.996999979019165 0.9976359605789185 0.00964183546602726 0.9982014298439026 0.9998799562454224 0.9978017807006836 0.9986000061035156 0.9982007741928101
0.01142982579767704 0.9977394342422485 0.9997121691703796 0.9981734156608582 0.9973000288009644 0.9977365732192993 0.010138043202459812 0.9979016780853271 0.9996806979179382 0.9976014494895935 0.998199999332428 0.9979006052017212
0.012062893249094486 0.9974396824836731 0.9997171759605408 0.997972846031189 0.9969000220298767 0.9974361658096313 0.009834684431552887 0.9982014298439026 0.9997757077217102 0.9983993768692017 0.9980000257492065 0.9981997013092041
0.011065484024584293 0.9977644085884094 0.999758780002594 0.99834805727005 0.9971749782562256 0.9977611899375916 0.009358149953186512 0.9982014298439026 0.9999777674674988 0.9980008006095886 0.9983999729156494 0.9982003569602966
0.011326083913445473 0.9978143572807312 0.9997801184654236 0.9981487393379211 0.9974750280380249 0.9978117346763611 0.00906670093536377 0.9983013868331909 0.9999794363975525 0.9983996748924255 0.998199999332428 0.9982998371124268
0.011572872288525105 0.997651994228363 0.9997128844261169 0.9980983138084412 0.9972000122070312 0.9976488947868347 0.009546147659420967 0.9982014298439026 0.9998807907104492 0.9978017807006836 0.9986000061035156 0.9982007741928101
0.011274466291069984 0.997864305973053 0.9997419714927673 0.9984731078147888 0.9972500205039978 0.9978611469268799 0.009600771591067314 0.9983013868331909 0.9998781681060791 0.9985991716384888 0.9980000257492065 0.9982994794845581
0.010761012323200703 0.9981390833854675 0.9997694492340088 0.9986985325813293 0.9975749850273132 0.9981364607810974 0.008899704553186893 0.9982014298439026 0.9999837279319763 0.9983993768692017 0.9980000257492065 0.9981997013092041
0.011129895225167274 0.9976894855499268 0.9997459053993225 0.9981981515884399 0.9971749782562256 0.9976862668991089 0.01012190617620945 0.9982014298439026 0.999682605266571 0.9978017807006836 0.9986000061035156 0.9982007741928101
0.010805204510688782 0.9978518486022949 0.9997987151145935 0.9982735514640808 0.9974250197410583 0.9978491067886353 0.009623915888369083 0.998501181602478 0.9997828602790833 0.9984003305435181 0.9986000061035156 0.9985001683235168
0.01131034642457962 0.9977893829345703 0.999691367149353 0.9981985092163086 0.9973750114440918 0.9977865815162659 0.008952970616519451 0.9980015754699707 0.9999826550483704 0.997800886631012 0.998199999332428 0.9980003833770752
0.010668743401765823 0.9979767203330994 0.9998141527175903 0.9982739686965942 0.9976750016212463 0.9979743361473083 0.008912340737879276 0.9982014298439026 0.9999820590019226 0.9983993768692017 0.9980000257492065 0.9981997013092041
0.010658779181540012 0.9979267716407776 0.9997750520706177 0.998448371887207 0.9973999857902527 0.9979239106178284 0.008696982637047768 0.9983013868331909 0.9999874830245972 0.9983996748924255 0.998199999332428 0.9982998371124268
0.010597318410873413 0.9980266690254211 0.9997612237930298 0.9984237551689148 0.9976249933242798 0.9980242848396301 0.008433117531239986 0.9982014298439026 0.9999829530715942 0.998199999332428 0.998199999332428 0.998199999332428
0.010627774521708488 0.9979142546653748 0.9997603297233582 0.9983236193656921 0.9975000023841858 0.9979116320610046 0.009107832796871662 0.998501181602478 0.9999859929084778 0.9984003305435181 0.9986000061035156 0.9985001683235168
0.010446985252201557 0.9979767203330994 0.9997643232345581 0.9982988834381104 0.9976500272750854 0.9979743361473083 0.008977305144071579 0.9984012842178345 0.9999811053276062 0.9983999729156494 0.9983999729156494 0.9983999729156494
0.010728557594120502 0.9981141090393066 0.9997727870941162 0.9985986351966858 0.9976249933242798 0.9981115460395813 0.008843095041811466 0.9982014298439026 0.9999803900718689 0.998199999332428 0.998199999332428 0.998199999332428
0.010349811054766178 0.9980142116546631 0.9997518658638 0.9986233115196228 0.9973999857902527 0.9980112910270691 0.007866187952458858 0.9984012842178345 0.9999910593032837 0.9985994100570679 0.998199999332428 0.9983996152877808
0.010261932387948036 0.9980891346931458 0.9998140931129456 0.9985237121582031 0.9976500272750854 0.99808669090271 0.008208598010241985 0.9984012842178345 0.9999877214431763 0.9985994100570679 0.998199999332428 0.9983996152877808
0.010374910198152065 0.9980266690254211 0.9997504949569702 0.9984486699104309 0.9976000189781189 0.9980241656303406 0.008096576668322086 0.998501181602478 0.9999914169311523 0.9987992644309998 0.998199999332428 0.9984995126724243
0.00992212351411581 0.9981265664100647 0.9997801184654236 0.9985986948013306 0.9976500272750854 0.9981241226196289 0.008059961721301079 0.9986011385917664 0.999986469745636 0.9989991784095764 0.998199999332428 0.9985994100570679
0.009940744377672672 0.998039186000824 0.9998047351837158 0.9984736442565918 0.9976000189781189 0.9980365633964539 0.008368120528757572 0.998501181602478 0.9999864101409912 0.9984003305435181 0.9986000061035156 0.9985001683235168
0.01033814623951912 0.9979267716407776 0.9997746348381042 0.998348593711853 0.9975000023841858 0.9979240894317627 0.008159012533724308 0.9984012842178345 0.9999900460243225 0.9987990260124207 0.9980000257492065 0.9983993768692017
0.010162065736949444 0.9980142116546631 0.9997574090957642 0.9985484480857849 0.9974750280380249 0.9980114698410034 0.009220650419592857 0.9984012842178345 0.9999825954437256 0.9982007145881653 0.9986000061035156 0.9984003305435181
0.009331884793937206 0.9982514977455139 0.9998325705528259 0.9984742999076843 0.9980250000953674 0.9982496500015259 0.008384804241359234 0.9983013868331909 0.999985933303833 0.9983996748924255 0.998199999332428 0.9982998371124268
0.009473836049437523 0.998263955116272 0.9998221397399902 0.9986739158630371 0.9978500008583069 0.9982618093490601 0.008022192865610123 0.9984012842178345 0.9999872446060181 0.9983999729156494 0.9983999729156494 0.9983999729156494
0.009412998333573341 0.9983139038085938 0.9998345971107483 0.9987988471984863 0.997825026512146 0.9983116984367371 0.00839040707796812 0.9983013868331909 0.9999855160713196 0.9983996748924255 0.998199999332428 0.9982998371124268
0.00961640477180481 0.9982889294624329 0.9998188614845276 0.9986739754676819 0.9979000091552734 0.9982869029045105 0.008419685997068882 0.9984012842178345 0.9999831914901733 0.9985994100570679 0.998199999332428 0.9983996152877808
0.009520696476101875 0.9983639121055603 0.9998036623001099 0.9988988041877747 0.997825026512146 0.9983615875244141 0.00969759002327919 0.9982014298439026 0.9996864199638367 0.9976028800010681 0.9987999796867371 0.9982010722160339
0.009381230920553207 0.9983639121055603 0.999808669090271 0.9986991286277771 0.9980250000953674 0.9983619451522827 0.009696558117866516 0.998101532459259 0.9995831251144409 0.998598575592041 0.9976000189781189 0.9980989694595337
0.009507331065833569 0.9982015490531921 0.9997825026512146 0.9987486004829407 0.9976500272750854 0.9981989860534668 0.008132395334541798 0.9982014298439026 0.9999872446060181 0.9980008006095886 0.9983999729156494 0.9982003569602966
0.009539864957332611 0.998263955116272 0.9998465180397034 0.9985990524291992 0.9979249835014343 0.9982618689537048 0.009385917335748672 0.9983013868331909 0.9998868703842163 0.9982003569602966 0.9983999729156494 0.9983001351356506
0.009429295547306538 0.9982015490531921 0.9998477697372437 0.9985489845275879 0.9978500008583069 0.9981994032859802 0.007334296125918627 0.998501181602478 0.9999918341636658 0.9987992644309998 0.998199999332428 0.9984995126724243
0.009314174763858318 0.9983014464378357 0.9997982382774353 0.9986490607261658 0.99795001745224 0.9982993602752686 0.007221695501357317 0.998501181602478 0.9999915957450867 0.9987992644309998 0.998199999332428 0.9984995126724243
0.009128899313509464 0.9984762668609619 0.9997850060462952 0.9988241791725159 0.9981250166893005 0.9984744787216187 0.00761063490062952 0.9986011385917664 0.9999929070472717 0.9989991784095764 0.998199999332428 0.9985994100570679
0.00939013622701168 0.998263955116272 0.9998077750205994 0.9986739158630371 0.9978500008583069 0.9982618093490601 0.007986105047166348 0.9984012842178345 0.9999872446060181 0.9985994100570679 0.998199999332428 0.9983996152877808
0.008988932706415653 0.9985387325286865 0.9998144507408142 0.9990490078926086 0.9980250000953674 0.9985367655754089 0.007861345075070858 0.9984012842178345 0.9999892115592957 0.9983999729156494 0.9983999729156494 0.9983999729156494
0.00906501803547144 0.9984013438224792 0.9998599290847778 0.9987241625785828 0.998075008392334 0.9983994364738464 0.007250942289829254 0.9986011385917664 0.9999926686286926 0.9986000061035156 0.9986000061035156 0.9986000061035156
0.00878499448299408 0.998438835144043 0.9998613595962524 0.9987991452217102 0.998075008392334 0.9984369874000549 0.009946146048605442 0.9983013868331909 0.9997851848602295 0.998001217842102 0.9986000061035156 0.9983005523681641
0.00907110795378685 0.9981640577316284 0.9998490214347839 0.9985488653182983 0.9977750182151794 0.998161792755127 0.007265965919941664 0.998501181602478 0.9999923706054688 0.9989989995956421 0.9980000257492065 0.9984992742538452
0.009192527271807194 0.998263955116272 0.9998265504837036 0.9986489415168762 0.9978749752044678 0.9982618093490601 0.00832268688827753 0.9986011385917664 0.9999873042106628 0.9984006285667419 0.9987999796867371 0.9986002445220947
0.00924142450094223 0.9983389377593994 0.9998595118522644 0.9986990690231323 0.9979749917984009 0.998336911201477 0.0097587825730443 0.9984012842178345 0.9995818734169006 0.9983999729156494 0.9983999729156494 0.9983999729156494
0.0089069539681077 0.9981765747070312 0.9998528957366943 0.9985489249229431 0.9977999925613403 0.9981743693351746 0.007678515277802944 0.9984012842178345 0.9999892115592957 0.9985994100570679 0.998199999332428 0.9983996152877808
0.009218491613864899 0.9984762668609619 0.9997475147247314 0.9989240169525146 0.9980250000953674 0.9984743595123291 0.009494309313595295 0.9983013868331909 0.9998791217803955 0.9982003569602966 0.9983999729156494 0.9983001351356506
0.008591687306761742 0.9984013438224792 0.9998647570610046 0.9988240003585815 0.9979749917984009 0.9983993172645569 0.009090211242437363 0.9982014298439026 0.9998854994773865 0.9980008006095886 0.9983999729156494 0.9982003569602966
0.00887569785118103 0.9984638094902039 0.9998612999916077 0.9989240169525146 0.9980000257492065 0.9984617829322815 0.007829291746020317 0.9982014298439026 0.9999876618385315 0.9980008006095886 0.9983999729156494 0.9982003569602966
0.008366811089217663 0.9985762238502502 0.9999251961708069 0.9989242553710938 0.9982249736785889 0.9985744953155518 0.008472228422760963 0.998101532459259 0.9997849464416504 0.9980003833770752 0.998199999332428 0.9981001615524292
0.008310067467391491 0.9984887838363647 0.9999045133590698 0.9988491535186768 0.9981250166893005 0.9984869360923767 0.008345984853804111 0.9984012842178345 0.9999881982803345 0.9982007145881653 0.9986000061035156 0.9984003305435181
0.00838420633226633 0.9984013438224792 0.9998660087585449 0.9987241625785828 0.998075008392334 0.9983994364738464 0.00802774727344513 0.9987010359764099 0.9999878406524658 0.9986003041267395 0.9987999796867371 0.9987001419067383
0.008375090546905994 0.9984762668609619 0.9999138116836548 0.9989240169525146 0.9980250000953674 0.9984743595123291 0.007814652286469936 0.9984012842178345 0.9998894929885864 0.9985994100570679 0.998199999332428 0.9983996152877808
0.00848930049687624 0.998626172542572 0.999850332736969 0.9989243745803833 0.998324990272522 0.9986245632171631 0.00685255229473114 0.9987010359764099 0.9999942183494568 0.9989994168281555 0.9983999729156494 0.9986996650695801
0.008958231657743454 0.9984762668609619 0.9998729825019836 0.9988491535186768 0.9980999827384949 0.9984744191169739 0.006812176667153835 0.9986011385917664 0.9999935626983643 0.9986000061035156 0.9986000061035156 0.9986000061035156
0.008054343052208424 0.9984887838363647 0.9999045729637146 0.9988741278648376 0.9980999827384949 0.9984869360923767 0.007959847338497639 0.9986011385917664 0.9999865889549255 0.9987995028495789 0.9983999729156494 0.998599648475647
0.008179526776075363 0.9985013008117676 0.9998698234558105 0.9989490509033203 0.9980499744415283 0.9984992742538452 0.0068541038781404495 0.9989008903503418 0.9999925494194031 0.9989997744560242 0.9987999796867371 0.9988998770713806
0.00827493891119957 0.9984762668609619 0.9998771548271179 0.9987742900848389 0.9981750249862671 0.9984745979309082 0.007804505992680788 0.998501181602478 0.9998905062675476 0.9984003305435181 0.9986000061035156 0.9985001683235168
0.008264717645943165 0.9986761212348938 0.9998522996902466 0.9990992546081543 0.9982500076293945 0.9986744523048401 0.007548291701823473 0.9983013868331909 0.9998902082443237 0.9982003569602966 0.9983999729156494 0.9983001351356506
0.008179957047104836 0.9985637068748474 0.9998453259468079 0.9989491701126099 0.9981750249862671 0.9985619187355042 0.007327643688768148 0.9984012842178345 0.9999909996986389 0.9983999729156494 0.9983999729156494 0.9983999729156494
0.008029522374272346 0.9987385869026184 0.9998432397842407 0.9989495277404785 0.9985250234603882 0.9987372159957886 0.00771357724443078 0.9984012842178345 0.9998916387557983 0.9983999729156494 0.9983999729156494 0.9983999729156494
0.008063949644565582 0.9986136555671692 0.9998417496681213 0.9989992380142212 0.9982249736785889 0.9986119866371155 0.007616422604769468 0.998501181602478 0.9999911785125732 0.9987992644309998 0.998199999332428 0.9984995126724243
0.007718527689576149 0.9985762238502502 0.9998952746391296 0.9989742040634155 0.9981750249862671 0.998574435710907 0.007956883870065212 0.9984012842178345 0.9999879598617554 0.9989988207817078 0.9977999925613403 0.9983990788459778
0.008288899436593056 0.9984887838363647 0.9998556971549988 0.9988241791725159 0.9981499910354614 0.9984869360923767 0.0073691620491445065 0.9984012842178345 0.9999896287918091 0.9987990260124207 0.9980000257492065 0.9983993768692017
0.007925659418106079 0.9988009929656982 0.9998078942298889 0.9991493821144104 0.998449981212616 0.9987995624542236 0.007399261929094791 0.9987010359764099 0.9999934434890747 0.9991992115974426 0.998199999332428 0.9986993670463562
0.008231288753449917 0.9985013008117676 0.9998554587364197 0.9987992644309998 0.998199999332428 0.9984995126724243 0.0069589815102517605 0.9986011385917664 0.9999914169311523 0.9987995028495789 0.9983999729156494 0.998599648475647
0.007813384756445885 0.9985387325286865 0.9999439716339111 0.9988992214202881 0.9981750249862671 0.998537003993988 0.008011279627680779 0.998501181602478 0.9997873902320862 0.9987992644309998 0.998199999332428 0.9984995126724243
0.008220008574426174 0.9985512495040894 0.9998664855957031 0.9987494945526123 0.9983500242233276 0.99854975938797 0.007301601115614176 0.9988009333610535 0.9999940395355225 0.9995993375778198 0.9980000257492065 0.9987990260124207
0.00793910026550293 0.9986011981964111 0.9998793005943298 0.9990241527557373 0.9981750249862671 0.9985994100570679 0.0067464737221598625 0.9988009333610535 0.9999942779541016 0.9989995956420898 0.9986000061035156 0.998799741268158
0.008174696005880833 0.998626172542572 0.9998446106910706 0.9989492893218994 0.9983000159263611 0.9986245036125183 0.008443931117653847 0.998501181602478 0.9996919631958008 0.9997994899749756 0.9972000122070312 0.9984980225563049
0.007902118377387524 0.9986386299133301 0.9998961687088013 0.998999297618866 0.9982749819755554 0.9986370205879211 0.007683977484703064 0.9988009333610535 0.9997915029525757 0.9993993043899536 0.998199999332428 0.9987992644309998
0.007644003722816706 0.9986761212348938 0.9998846650123596 0.998949408531189 0.9983999729156494 0.9986746311187744 0.007073909975588322 0.9987010359764099 0.9999943375587463 0.9986003041267395 0.9987999796867371 0.9987001419067383
0.008083576336503029 0.9985262751579285 0.9999153017997742 0.9989241361618042 0.9981250166893005 0.9985244274139404 0.007438030559569597 0.9988009333610535 0.9999901652336121 0.9989995956420898 0.9986000061035156 0.998799741268158
0.007855743169784546 0.9986886382102966 0.999843418598175 0.9990493059158325 0.998324990272522 0.9986870288848877 0.006676391698420048 0.9988009333610535 0.9998944401741028 0.9987999796867371 0.9987999796867371 0.9987999796867371
0.007680763956159353 0.9987136125564575 0.9999203681945801 0.9990743398666382 0.9983500242233276 0.9987120628356934 0.0073066651821136475 0.9986011385917664 0.9999896287918091 0.9987995028495789 0.9983999729156494 0.998599648475647
0.007656524423509836 0.9986886382102966 0.9998949766159058 0.9989743828773499 0.9983999729156494 0.9986871480941772 0.0071894703432917595 0.9986011385917664 0.9999908804893494 0.9989991784095764 0.998199999332428 0.9985994100570679
0.007639134302735329 0.9985762238502502 0.999885618686676 0.9989242553710938 0.9982249736785889 0.9985744953155518 0.006336830090731382 0.9988009333610535 0.9999949932098389 0.9989995956420898 0.9986000061035156 0.998799741268158
0.007862739264965057 0.9986511468887329 0.999893069267273 0.998999297618866 0.9983000159263611 0.998649537563324 0.007303514517843723 0.9986011385917664 0.9999918341636658 0.9984006285667419 0.9987999796867371 0.9986002445220947
0.008088558912277222 0.9986386299133301 0.9998425245285034 0.9989743232727051 0.9983000159263611 0.9986370205879211 0.005984761752188206 0.9987010359764099 0.9999957084655762 0.998799741268158 0.9986000061035156 0.9986998438835144
0.008148822002112865 0.9985886812210083 0.9998407959938049 0.9989991784095764 0.9981750249862671 0.9985869526863098 0.0067107765935361385 0.9987010359764099 0.9999925494194031 0.9989994168281555 0.9983999729156494 0.9986996650695801
0.007968015037477016 0.9986761212348938 0.9998440742492676 0.9989244341850281 0.9984250068664551 0.9986746311187744 0.005911197047680616 0.9990007877349854 0.9999971389770508 0.9993995428085327 0.9986000061035156 0.9989995956420898
0.007544105406850576 0.9987010955810547 0.9998833537101746 0.9990742802619934 0.998324990272522 0.9986994862556458 0.006442133337259293 0.9987010359764099 0.9999938011169434 0.998799741268158 0.9986000061035156 0.9986998438835144
0.007760433945804834 0.9986011981964111 0.9998700618743896 0.9990741014480591 0.9981250166893005 0.9985993504524231 0.007205928675830364 0.9988009333610535 0.9999872446060181 0.9989995956420898 0.9986000061035156 0.998799741268158
0.007617286406457424 0.9987136125564575 0.9998700022697449 0.9990993142127991 0.998324990272522 0.9987119436264038 0.006813326850533485 0.9987010359764099 0.9999916553497314 0.998799741268158 0.9986000061035156 0.9986998438835144
0.00784287415444851 0.9986386299133301 0.9999167323112488 0.9990741610527039 0.998199999332428 0.9986369013786316 0.006541324779391289 0.9987010359764099 0.9999914169311523 0.9986003041267395 0.9987999796867371 0.9987001419067383
0.007106226868927479 0.9988759756088257 0.9998862743377686 0.9992494583129883 0.9984999895095825 0.9988746047019958 0.00611988827586174 0.9986011385917664 0.9999948740005493 0.9982014298439026 0.9990000128746033 0.9986005425453186
0.00756936427205801 0.9987136125564575 0.9998970627784729 0.9989495277404785 0.9984750151634216 0.9987121820449829 0.0064182160422205925 0.9988009333610535 0.9999927282333374 0.9991993308067322 0.9983999729156494 0.9987994432449341
0.007462183013558388 0.9987010955810547 0.9998716115951538 0.9989744424819946 0.9984250068664551 0.9986996650695801 0.007756731938570738 0.9988009333610535 0.9996892213821411 0.9993993043899536 0.998199999332428 0.9987992644309998
0.007352545391768217 0.9987385869026184 0.9998969435691833 0.9990993738174438 0.9983749985694885 0.9987370371818542 0.006473044399172068 0.9987010359764099 0.9999918937683105 0.9991992115974426 0.998199999332428 0.9986993670463562
0.007455134764313698 0.9987760186195374 0.9999087452888489 0.9991244077682495 0.9984250068664551 0.9987745881080627 0.006939368788152933 0.9986011385917664 0.9999911189079285 0.9987995028495789 0.9983999729156494 0.998599648475647
0.0075663430616259575 0.9986386299133301 0.9999196529388428 0.998999297618866 0.9982749819755554 0.9986370205879211 0.006221972871571779 0.9988009333610535 0.999995231628418 0.9993993043899536 0.998199999332428 0.9987992644309998
0.0070229824632406235 0.9988135099411011 0.9999141693115234 0.9990994930267334 0.9985250234603882 0.9988121390342712 0.007322764024138451 0.9988009333610535 0.999691367149353 0.9991993308067322 0.9983999729156494 0.9987994432449341
0.006829101126641035 0.9989508986473083 0.9999013543128967 0.9993744492530823 0.9985250234603882 0.9989494681358337 0.007193930447101593 0.9987010359764099 0.9999898076057434 0.998799741268158 0.9986000061035156 0.9986998438835144
0.0074814907275140285 0.9986886382102966 0.9998729228973389 0.9991242289543152 0.9982500076293945 0.9986869096755981 0.006774263456463814 0.9984012842178345 0.9999917149543762 0.9985994100570679 0.998199999332428 0.9983996152877808
0.006942973006516695 0.9989758729934692 0.9998631477355957 0.999374508857727 0.99857497215271 0.9989745616912842 0.00806619692593813 0.998501181602478 0.9998892545700073 0.9984003305435181 0.9986000061035156 0.9985001683235168
0.00751426862552762 0.9987260699272156 0.9998326301574707 0.9989994764328003 0.998449981212616 0.9987246990203857 0.007934524677693844 0.9986011385917664 0.9996904134750366 0.9997994899749756 0.9973999857902527 0.9985982775688171
0.007296944502741098 0.9987510442733765 0.9998979568481445 0.9990993738174438 0.9983999729156494 0.9987495541572571 0.006899083498865366 0.998501181602478 0.9999938607215881 0.999198853969574 0.9977999925613403 0.9984989762306213
0.006611768156290054 0.9989259243011475 0.9999150633811951 0.9991496205329895 0.9987000226974487 0.9989247918128967 0.007161727640777826 0.9988009333610535 0.999987006187439 0.9995993375778198 0.9980000257492065 0.9987990260124207
0.006962127052247524 0.9988260269165039 0.9998986721038818 0.9991244673728943 0.9985250234603882 0.9988247156143188 0.0070294542238116264 0.998501181602478 0.9998922348022461 0.9989989995956421 0.9980000257492065 0.9984992742538452
0.007210279814898968 0.9987635612487793 0.999910295009613 0.9991243481636047 0.9983999729156494 0.9987620711326599 0.0073995948769152164 0.9987010359764099 0.99998939037323 0.9993991851806641 0.9980000257492065 0.9986991286277771
0.0074039422906935215 0.9987635612487793 0.9998836517333984 0.9991742968559265 0.9983500242233276 0.9987620115280151 0.006765633821487427 0.9989008903503418 0.9998931288719177 0.9986008405685425 0.9991999864578247 0.9989003539085388
0.007071844767779112 0.9989009499549866 0.9998729825019836 0.9993743896484375 0.9984250068664551 0.998899519443512 0.007492811884731054 0.998501181602478 0.9999894499778748 0.999198853969574 0.9977999925613403 0.9984989762306213
0.00750016188248992 0.9987385869026184 0.9998592138290405 0.9989745020866394 0.9984999895095825 0.9987372159957886 0.006542023736983538 0.9986011385917664 0.9998945593833923 0.9987995028495789 0.9983999729156494 0.998599648475647
0.0070201032795012 0.9988009929656982 0.9999222755432129 0.9991993308067322 0.9983999729156494 0.9987994432449341 0.006672631949186325 0.9988009333610535 0.9998934268951416 0.9987999796867371 0.9987999796867371 0.9987999796867371
0.007242252584546804 0.9987385869026184 0.999896764755249 0.9991493225097656 0.998324990272522 0.9987369775772095 0.00738145736977458 0.9984012842178345 0.9998934864997864 0.9980015754699707 0.9987999796867371 0.9984005689620972
0.006561624817550182 0.9989758729934692 0.9999026656150818 0.9992495775222778 0.9987000226974487 0.9989746809005737 0.0066068717278540134 0.9988009333610535 0.9998944401741028 0.9986005425453186 0.9990000128746033 0.9988002181053162
0.006748339626938105 0.9988510012626648 0.9999122023582458 0.9991495013237 0.9985499978065491 0.9988496899604797 0.006605062168091536 0.9989008903503418 0.999893307685852 0.9993994235992432 0.9983999729156494 0.9988994598388672
0.006179379764944315 0.9990882873535156 0.9999164342880249 0.9994745850563049 0.9987000226974487 0.9990870952606201 0.0063645923510193825 0.9986011385917664 0.9998948574066162 0.9984006285667419 0.9987999796867371 0.9986002445220947
0.006862157955765724 0.9989134073257446 0.9998510479927063 0.9992245435714722 0.9986000061035156 0.9989121556282043 0.0060187699273228645 0.9991007447242737 0.9998955726623535 0.9993996620178223 0.9987999796867371 0.9990996718406677
0.0073097748681902885 0.9988260269165039 0.9998829364776611 0.9991744160652161 0.9984750151634216 0.9988245964050293 0.007911523804068565 0.9982014298439026 0.9997913837432861 0.9978017807006836 0.9986000061035156 0.9982007741928101
0.0066221351735293865 0.9988260269165039 0.999925434589386 0.9991744160652161 0.9984750151634216 0.9988245964050293 0.007709718309342861 0.9989008903503418 0.9996902942657471 0.9993994235992432 0.9983999729156494 0.9988994598388672
0.0066140200942754745 0.9989508986473083 0.9999017715454102 0.9992246031761169 0.9986749887466431 0.9989497065544128 0.00629233755171299 0.9989008903503418 0.999992311000824 0.9991995096206665 0.9986000061035156 0.9988996982574463
0.0071248202584683895 0.9988510012626648 0.9998602867126465 0.9990995526313782 0.9986000061035156 0.9988497495651245 0.0066638910211622715 0.9989008903503418 0.9999930262565613 0.9995994567871094 0.998199999332428 0.9988992810249329
0.006521024741232395 0.9989633560180664 0.9999149441719055 0.9992495775222778 0.9986749887466431 0.9989622235298157 0.006323349196463823 0.9989008903503418 0.9999910593032837 0.9991995096206665 0.9986000061035156 0.9988996982574463
0.006788812577724457 0.9989009499549866 0.9998383522033691 0.999099612236023 0.9987000226974487 0.9988998174667358 0.007121299393475056 0.998501181602478 0.999794602394104 0.9978030920028687 0.9991999864578247 0.9985010027885437
0.006845772732049227 0.9988634586334229 0.9998990893363953 0.9991744756698608 0.9985499978065491 0.998862087726593 0.005955349188297987 0.9990007877349854 0.999894917011261 0.9991996884346008 0.9987999796867371 0.9989997744560242
0.006878412328660488 0.9988884329795837 0.9998758435249329 0.9991495609283447 0.9986249804496765 0.9988871812820435 0.007019181735813618 0.9988009333610535 0.9998880624771118 0.9991993308067322 0.9983999729156494 0.9987994432449341
0.006407537963241339 0.9989134073257446 0.9999269843101501 0.9991496205329895 0.9986749887466431 0.9989122152328491 0.005752727389335632 0.9989008903503418 0.999994695186615 0.9989997744560242 0.9987999796867371 0.9988998770713806
0.006697363685816526 0.9988634586334229 0.9999269247055054 0.9991495013237 0.99857497215271 0.998862087726593 0.006258802488446236 0.9989008903503418 0.9999911189079285 0.9991995096206665 0.9986000061035156 0.9988996982574463
0.006220570299774408 0.9990757703781128 0.9999268651008606 0.9994245767593384 0.9987249970436096 0.9990746378898621 0.006730157416313887 0.9988009333610535 0.9998927116394043 0.9987999796867371 0.9987999796867371 0.9987999796867371
0.007284634280949831 0.9986886382102966 0.9998587369918823 0.9988746047019958 0.9984999895095825 0.9986872673034668 0.006312830373644829 0.9989008903503418 0.9998950958251953 0.9988002181053162 0.9990000128746033 0.9989001154899597
0.006644395180046558 0.9987760186195374 0.9999263286590576 0.9989995360374451 0.9985499978065491 0.9987747073173523 0.00618974631652236 0.9990007877349854 0.9998943209648132 0.9991996884346008 0.9987999796867371 0.9989997744560242
0.0066648442298173904 0.9988759756088257 0.9998759031295776 0.999324381351471 0.9984250068664551 0.9988745450973511 0.006579296197742224 0.9989008903503418 0.9998931884765625 0.9991995096206665 0.9986000061035156 0.9988996982574463
0.006464732810854912 0.9988759756088257 0.9999396800994873 0.999099612236023 0.9986500144004822 0.9988747835159302 0.005591553635895252 0.9990007877349854 0.9998965263366699 0.9990000128746033 0.9990000128746033 0.9990000128746033
0.006279941648244858 0.999025821685791 0.9999027252197266 0.9992746114730835 0.9987750053405762 0.9990247488021851 0.005625654477626085 0.9990007877349854 0.9999949932098389 0.9990000128746033 0.9990000128746033 0.9990000128746033
0.006320494692772627 0.9990507960319519 0.9998646378517151 0.9992496967315674 0.9988499879837036 0.9990497827529907 0.005776498932391405 0.9990007877349854 0.9999931454658508 0.9990000128746033 0.9990000128746033 0.9990000128746033
0.006452661007642746 0.9990383386611938 0.9999130964279175 0.9992247223854065 0.9988499879837036 0.9990372657775879 0.006379632744938135 0.9987010359764099 0.9998953342437744 0.9984009861946106 0.9990000128746033 0.9987004399299622
0.006341216620057821 0.9990507960319519 0.99990314245224 0.99932461977005 0.9987750053405762 0.9990497827529907 0.006943886633962393 0.9986011385917664 0.999895453453064 0.9984006285667419 0.9987999796867371 0.9986002445220947
0.00599419791251421 0.9991007447242737 0.9999043941497803 0.9991998672485352 0.9990000128746033 0.999099850654602 0.006055198144167662 0.9989008903503418 0.9998949766159058 0.9988002181053162 0.9990000128746033 0.9989001154899597
0.006556273903697729 0.999013364315033 0.9999017119407654 0.9992995858192444 0.9987249970436096 0.9990122318267822 0.005695831496268511 0.9990007877349854 0.9999943971633911 0.9990000128746033 0.9990000128746033 0.9990000128746033
0.007125468924641609 0.9988634586334229 0.9998850226402283 0.9992493987083435 0.9984750151634216 0.9988620281219482 0.0072112856432795525 0.9989008903503418 0.9998956322669983 0.9982025027275085 0.9995999932289124 0.9989007711410522
0.006550782360136509 0.9989383816719055 0.9998772144317627 0.9992495179176331 0.9986249804496765 0.9989371299743652 0.0066760228946805 0.9987010359764099 0.9998929500579834 0.9989994168281555 0.9983999729156494 0.9986996650695801
