loss_s0105 accuracy_s0105 val_auc_s0105 precision_s0105 recall_s0105 f1_score_s0105 val_loss_s0105 val_accuracy_s0105 val_val_auc_s0105 val_precision_s0105 val_recall_s0105 val_f1_score_s0105
0.12130055576562881 0.9612357020378113 0.993876576423645 0.9877816438674927 0.9337499737739563 0.9600061178207397 0.026573872193694115 0.9934223890304565 0.9987344145774841 0.9947854280471802 0.9919999837875366 0.9933907389640808
0.031992681324481964 0.9913303256034851 0.9986603260040283 0.9920380711555481 0.9905499815940857 0.9912934303283691 0.025284186005592346 0.9954155683517456 0.9983762502670288 0.9932298064231873 0.9976000189781189 0.995410144329071
0.028750216588377953 0.9924015998840332 0.9987545609474182 0.993188738822937 0.9915500283241272 0.9923686981201172 0.02140715904533863 0.9956148862838745 0.998465359210968 0.9940191507339478 0.9972000122070312 0.9956070184707642
0.02809569239616394 0.992974579334259 0.9987435936927795 0.9939873814582825 0.9919000267982483 0.9929426312446594 0.022418245673179626 0.9956148862838745 0.9983237981796265 0.994413435459137 0.9968000054359436 0.9956052899360657
0.024778246879577637 0.9938963651657104 0.9988582730293274 0.994889497756958 0.9928500056266785 0.9938686490058899 0.02266712673008442 0.9942196607589722 0.9987845420837402 0.9955876469612122 0.9927999973297119 0.9941918849945068
0.02254464477300644 0.9940707683563232 0.9991396069526672 0.9951393008232117 0.9929500222206116 0.9940434694290161 0.024225732311606407 0.9964122176170349 0.9984297156333923 0.9944223165512085 0.9983999729156494 0.9964072108268738
0.024144310504198074 0.9940458536148071 0.9989108443260193 0.9950398206710815 0.9929999709129333 0.9940189123153687 0.021656068041920662 0.9960135817527771 0.9984029531478882 0.9944178462028503 0.9976000189781189 0.996006429195404
0.02149195969104767 0.9943696856498718 0.9990817904472351 0.9952414631843567 0.9934499859809875 0.99434494972229 0.0256157536059618 0.9958142042160034 0.9986330270767212 0.9940215349197388 0.9976000189781189 0.9958075881004333
0.019785884767770767 0.9949925541877747 0.9991490244865417 0.995842695236206 0.9940999746322632 0.9949706196784973 0.019543729722499847 0.9960135817527771 0.9989317059516907 0.9956035017967224 0.996399998664856 0.996001660823822
0.020304566249251366 0.9949178099632263 0.9992077350616455 0.9957427382469177 0.9940500259399414 0.9948956370353699 0.01931150257587433 0.9952162504196167 0.9989773631095886 0.9955964684486389 0.9947999715805054 0.9951980113983154
0.01882004551589489 0.9954160451889038 0.999229907989502 0.9962435960769653 0.9945499897003174 0.9953960180282593 0.020405318588018417 0.9942196607589722 0.9986439347267151 0.9955876469612122 0.9927999973297119 0.9941918849945068
0.01825760118663311 0.9953911304473877 0.9993616938591003 0.9964423775672913 0.9943000078201294 0.9953699707984924 0.01946399174630642 0.9940203428268433 0.9988309741020203 0.9955858588218689 0.9923999905586243 0.9939903616905212
0.018205709755420685 0.995839536190033 0.999270498752594 0.9966444373130798 0.9950000047683716 0.9958215355873108 0.022915367037057877 0.9938210248947144 0.998618483543396 0.9959823489189148 0.991599977016449 0.9937863349914551
0.016907906159758568 0.995690107345581 0.9993499517440796 0.9967927932739258 0.9945499897003174 0.9956701397895813 0.018946068361401558 0.9964122176170349 0.998795747756958 0.9952114820480347 0.9976000189781189 0.9964043498039246
0.016067199409008026 0.996288001537323 0.999333918094635 0.9971948266029358 0.9953500032424927 0.996271550655365 0.01807153970003128 0.9956148862838745 0.9990423917770386 0.9959967732429504 0.995199978351593 0.9955981969833374
0.016205590218305588 0.9960139393806458 0.9993723034858704 0.9966456294059753 0.9953500032424927 0.995997428894043 0.017799265682697296 0.9960135817527771 0.9990693926811218 0.9959999918937683 0.9959999918937683 0.9959999918937683
0.015274484641849995 0.9964125752449036 0.9993923306465149 0.997046172618866 0.9957500100135803 0.9963976740837097 0.01874147541821003 0.9970101714134216 0.9991094470024109 0.9952172040939331 0.9987999796867371 0.9970054030418396
0.015177811495959759 0.996288001537323 0.999453067779541 0.9970952272415161 0.9954500198364258 0.9962719678878784 0.020470911636948586 0.9968108534812927 0.9990898966789246 0.9944267272949219 0.9991999864578247 0.9968076348304749
0.014511983841657639 0.9967114925384521 0.9994800686836243 0.9972967505455017 0.9961000084877014 0.9966980218887329 0.01734171062707901 0.9960135817527771 0.999085545539856 0.9956035017967224 0.996399998664856 0.996001660823822
0.014633888378739357 0.9964873194694519 0.9994116425514221 0.9973453283309937 0.9955999851226807 0.9964718818664551 0.0202163252979517 0.9964122176170349 0.9990953803062439 0.9940286874771118 0.9987999796867371 0.9964086413383484
0.014931200072169304 0.9964873194694519 0.9994415044784546 0.9974450469017029 0.9955000281333923 0.9964715838432312 0.01705678552389145 0.9974088072776794 0.9991363286972046 0.9956157803535461 0.9991999864578247 0.9974046349525452
0.013042525388300419 0.9964624047279358 0.999659538269043 0.9972953796386719 0.9955999851226807 0.996446967124939 0.01703355833888054 0.9968108534812927 0.9991515874862671 0.9952152967453003 0.9983999729156494 0.9968050718307495
0.013080569915473461 0.9971599578857422 0.9995079040527344 0.9979467391967773 0.9963499903678894 0.9971477389335632 0.0168897844851017 0.9968108534812927 0.999157726764679 0.9952152967453003 0.9983999729156494 0.9968050718307495
0.012431126087903976 0.9972347021102905 0.9995622634887695 0.9981964826583862 0.9962499737739563 0.9972222447395325 0.017621735110878944 0.9970101714134216 0.9991743564605713 0.9952172040939331 0.9987999796867371 0.9970054030418396
0.012208151631057262 0.9971350431442261 0.9996199607849121 0.9978967308998108 0.9963499903678894 0.9971227645874023 0.01598937250673771 0.9970101714134216 0.9993318915367126 0.9971988797187805 0.9968000054359436 0.9969993829727173
0.012581738643348217 0.9971848726272583 0.999640703201294 0.9980465769767761 0.9962999820709229 0.997172474861145 0.015219599939882755 0.9974088072776794 0.9991185069084167 0.9968038201332092 0.9980000257492065 0.9974015355110168
0.011601980775594711 0.9974090456962585 0.9995742440223694 0.9981971383094788 0.9965999722480774 0.9973978996276855 0.01570817083120346 0.9978074431419373 0.9993520379066467 0.9968063831329346 0.9987999796867371 0.9978021383285522
0.010564506985247135 0.9975336194038391 0.9996753931045532 0.998347282409668 0.9966999888420105 0.9975229501724243 0.015781207010149956 0.9980067610740662 0.9993698596954346 0.9972044825553894 0.9987999796867371 0.9980015754699707
0.011341807432472706 0.9973841309547424 0.99958336353302 0.9982469081878662 0.9965000152587891 0.9973726868629456 0.0145651176571846 0.9982060790061951 0.9993684887886047 0.9972056150436401 0.9991999864578247 0.998201847076416
0.00997990183532238 0.9978325963020325 0.999727725982666 0.9984979629516602 0.9971500039100647 0.9978235960006714 0.01918892376124859 0.9974088072776794 0.999385416507721 0.9956157803535461 0.9991999864578247 0.9974046349525452
0.01001127902418375 0.997732937335968 0.9997481107711792 0.9983978271484375 0.9970499873161316 0.997723400592804 0.014322745613753796 0.9980067610740662 0.9993762373924255 0.9968076348304749 0.9991999864578247 0.9980023503303528
0.010296625085175037 0.9977827668190002 0.9997411966323853 0.9981984496116638 0.9973499774932861 0.9977740049362183 0.01362667977809906 0.9982060790061951 0.9993811249732971 0.9976028800010681 0.9987999796867371 0.9982010722160339
0.010424547828733921 0.9980069994926453 0.9996153712272644 0.9985983371734619 0.9973999857902527 0.9979987740516663 0.014738865196704865 0.9976081252098083 0.9993762373924255 0.9972022175788879 0.9980000257492065 0.9976009130477905
0.009575506672263145 0.9979820847511292 0.9997209906578064 0.9985483288764954 0.9973999857902527 0.9979737997055054 0.01551375724375248 0.9980067610740662 0.9993796348571777 0.9968076348304749 0.9991999864578247 0.9980023503303528
0.008831046521663666 0.998131513595581 0.9997878074645996 0.9985986948013306 0.9976500272750854 0.9981241226196289 0.020770881325006485 0.9972094893455505 0.9993877410888672 0.9952191114425659 0.9991999864578247 0.9972055554389954
0.009787609800696373 0.9980069994926453 0.9996715784072876 0.9987481236457825 0.9972500205039978 0.9979985356330872 0.015416997484862804 0.9978074431419373 0.9995713829994202 0.9979991912841797 0.9976000189781189 0.9977995753288269
0.009040744975209236 0.9979073405265808 0.9998352527618408 0.9983984231948853 0.9973999857902527 0.9978989958763123 0.01676127314567566 0.9970101714134216 0.9993686676025391 0.9983955025672913 0.9955999851226807 0.9969958066940308
0.009158192202448845 0.9979322552680969 0.9997861981391907 0.9986480474472046 0.9972000122070312 0.9979235529899597 0.017115812748670578 0.9978074431419373 0.9993940591812134 0.996410071849823 0.9991999864578247 0.9978030920028687
0.008530695922672749 0.9983059167861938 0.9997200965881348 0.9986490607261658 0.99795001745224 0.9982993602752686 0.019908800721168518 0.9976081252098083 0.9993869066238403 0.9960127472877502 0.9991999864578247 0.9976038336753845
0.009236378595232964 0.9981065988540649 0.9997348785400391 0.9986485242843628 0.9975500106811523 0.9980989694595337 0.015129542909562588 0.9986047148704529 0.9993897080421448 0.9980024099349976 0.9991999864578247 0.9986008405685425
0.008651127107441425 0.9983059167861938 0.9997401237487793 0.9988487362861633 0.9977499842643738 0.9982990026473999 0.013886182568967342 0.9980067610740662 0.9993765950202942 0.9980000257492065 0.9980000257492065 0.9980000257492065
0.008365037851035595 0.9982311725616455 0.9997397661209106 0.9986488223075867 0.9977999925613403 0.9982242584228516 0.01570926420390606 0.9982060790061951 0.9993924498558044 0.9976028800010681 0.9987999796867371 0.9982010722160339
0.008683796972036362 0.9983806610107422 0.9996874332427979 0.9988988637924194 0.9978500008583069 0.9983741641044617 0.015679068863391876 0.9982060790061951 0.9993863105773926 0.9972056150436401 0.9991999864578247 0.998201847076416
0.00817303266376257 0.9982810020446777 0.9998210072517395 0.998549222946167 0.9980000257492065 0.998274564743042 0.01943138614296913 0.9976081252098083 0.9993863105773926 0.9964086413383484 0.9987999796867371 0.9976028800010681
0.008465004153549671 0.9983557462692261 0.9997599720954895 0.9986990690231323 0.9980000257492065 0.9983494281768799 0.016064932569861412 0.9974088072776794 0.9993799328804016 0.9979975819587708 0.9968000054359436 0.9973984360694885
0.007867848500609398 0.9982810020446777 0.9997748136520386 0.9988486766815186 0.9976999759674072 0.9982739686965942 0.017281552776694298 0.9980067610740662 0.9993897676467896 0.9968076348304749 0.9991999864578247 0.9980023503303528
0.00827877875417471 0.9981564283370972 0.9996725916862488 0.9985488653182983 0.9977499842643738 0.9981493353843689 0.014412741176784039 0.9982060790061951 0.9995871186256409 0.9972056150436401 0.9991999864578247 0.998201847076416
0.0070638507604599 0.9987045526504517 0.9997765421867371 0.9991492629051208 0.9982500076293945 0.998699426651001 0.014937939122319221 0.998405396938324 0.9993939399719238 0.9976038336753845 0.9991999864578247 0.9984012842178345
0.007849912159144878 0.9983557462692261 0.9997475147247314 0.9986990690231323 0.9980000257492065 0.9983494281768799 0.01430074404925108 0.9988040924072266 0.9993905425071716 0.9984012842178345 0.9991999864578247 0.9988004565238953
0.00695475609973073 0.9985052347183228 0.9998788237571716 0.9988991022109985 0.9980999827384949 0.9984993934631348 0.01601417176425457 0.9982060790061951 0.9993903636932373 0.9972056150436401 0.9991999864578247 0.998201847076416
0.0075051914900541306 0.9984803199768066 0.999849259853363 0.9989989399909973 0.99795001745224 0.9984741806983948 0.015642797574400902 0.998405396938324 0.9993923902511597 0.9980015754699707 0.9987999796867371 0.9984005689620972
0.007477287668734789 0.9984304904937744 0.9998508095741272 0.9986993074417114 0.9981499910354614 0.9984245300292969 0.015168121084570885 0.9986047148704529 0.9993879199028015 0.9984006285667419 0.9987999796867371 0.9986002445220947
0.007031997200101614 0.998779296875 0.999756932258606 0.9988498091697693 0.9987000226974487 0.9987749457359314 0.01686491072177887 0.9978074431419373 0.9993967413902283 0.996410071849823 0.9991999864578247 0.9978030920028687
0.0075732008554041386 0.99833083152771 0.9998270869255066 0.9986990094184875 0.99795001745224 0.9983243942260742 0.0191650427877903 0.9976081252098083 0.9993889331817627 0.9960127472877502 0.9991999864578247 0.9976038336753845
0.006858494132757187 0.9986298084259033 0.9998070001602173 0.999049186706543 0.998199999332428 0.9986244440078735 0.015533494763076305 0.998405396938324 0.9993961453437805 0.9976038336753845 0.9991999864578247 0.9984012842178345
0.006801511161029339 0.998555064201355 0.9999028444290161 0.9987993836402893 0.9983000159263611 0.9985496401786804 0.016556262969970703 0.998405396938324 0.999394416809082 0.9976038336753845 0.9991999864578247 0.9984012842178345
0.0068820021115243435 0.9983806610107422 0.9998605251312256 0.9988988637924194 0.9978500008583069 0.9983741641044617 0.016780609264969826 0.9982060790061951 0.9993860125541687 0.9972056150436401 0.9991999864578247 0.998201847076416
0.007387299090623856 0.9983806610107422 0.9998266100883484 0.998998761177063 0.9977499842643738 0.9983740448951721 0.014648975804448128 0.9986047148704529 0.9993924498558044 0.9984006285667419 0.9987999796867371 0.9986002445220947
0.00664094602689147 0.9986796379089355 0.9998070001602173 0.9987497925758362 0.9986000061035156 0.9986749291419983 0.014055090956389904 0.9988040924072266 0.9993945956230164 0.9984012842178345 0.9991999864578247 0.9988004565238953
0.007183138281106949 0.9985799789428711 0.9998056292533875 0.9990490674972534 0.9980999827384949 0.9985743165016174 0.015337727963924408 0.9986047148704529 0.9993928074836731 0.9980024099349976 0.9991999864578247 0.9986008405685425
0.007546322885900736 0.9984803199768066 0.9996734261512756 0.9989489912986755 0.9980000257492065 0.9984742999076843 0.016329361125826836 0.9980067610740662 0.9993666410446167 0.9968076348304749 0.9991999864578247 0.9980023503303528
0.007161929737776518 0.9985799789428711 0.9998296499252319 0.9989492297172546 0.998199999332428 0.9985744953155518 0.018096905201673508 0.9978074431419373 0.9993932247161865 0.996410071849823 0.9991999864578247 0.9978030920028687
0.007538356352597475 0.9983806610107422 0.9998737573623657 0.9988489151000977 0.9979000091552734 0.9983742833137512 0.01550636999309063 0.998405396938324 0.9993939399719238 0.9976038336753845 0.9991999864578247 0.9984012842178345
0.006962412036955357 0.998555064201355 0.9998077750205994 0.9988992214202881 0.998199999332428 0.9985495209693909 0.01878388784825802 0.9974088072776794 0.9993976354598999 0.9956157803535461 0.9991999864578247 0.9974046349525452
0.007106652017682791 0.9985052347183228 0.9997811317443848 0.9986994862556458 0.9983000159263611 0.9984996914863586 0.01442241482436657 0.9980067610740662 0.999382495880127 0.9980000257492065 0.9980000257492065 0.9980000257492065
0.006205847021192312 0.9988291263580322 0.9998852610588074 0.9991494417190552 0.9984999895095825 0.9988245964050293 0.013997367583215237 0.998405396938324 0.9995896816253662 0.9983999729156494 0.9983999729156494 0.9983999729156494
0.006649165879935026 0.9986298084259033 0.9998811483383179 0.9989492893218994 0.9983000159263611 0.9986245036125183 0.015977686271071434 0.9980067610740662 0.9993983507156372 0.9964115023612976 0.9995999932289124 0.9980031847953796
0.006932991556823254 0.9985052347183228 0.9998319149017334 0.9989989995956421 0.9980000257492065 0.9984992742538452 0.019011810421943665 0.9976081252098083 0.9993640184402466 0.9964086413383484 0.9987999796867371 0.9976028800010681
0.006959422025829554 0.9986048936843872 0.9998517632484436 0.9988993406295776 0.9983000159263611 0.9985995888710022 0.015074114315211773 0.9986047148704529 0.9993976950645447 0.9980024099349976 0.9991999864578247 0.9986008405685425
0.006351165473461151 0.9987045526504517 0.9999085068702698 0.9990992546081543 0.9983000159263611 0.9986994862556458 0.013229102827608585 0.9988040924072266 0.9995917081832886 0.9984012842178345 0.9991999864578247 0.9988004565238953
0.006136805284768343 0.9988291263580322 0.9999105334281921 0.9992993474006653 0.9983500242233276 0.998824417591095 0.014064561575651169 0.9988040924072266 0.9993935227394104 0.9984012842178345 0.9991999864578247 0.9988004565238953
0.00842142291367054 0.9982560873031616 0.9997391700744629 0.9989485144615173 0.9975500106811523 0.9982487559318542 0.018275808542966843 0.9976081252098083 0.9993889927864075 0.9964086413383484 0.9987999796867371 0.9976028800010681
0.006488556507974863 0.9987543821334839 0.9998339414596558 0.9991493225097656 0.9983500242233276 0.9987495541572571 0.016084792092442513 0.998405396938324 0.9993947744369507 0.9976038336753845 0.9991999864578247 0.9984012842178345
0.006133288145065308 0.998779296875 0.9998606443405151 0.9991993308067322 0.9983500242233276 0.998774528503418 0.0165031049400568 0.9982060790061951 0.9993954300880432 0.9972056150436401 0.9991999864578247 0.998201847076416
0.006187800783663988 0.9988042116165161 0.999858021736145 0.9991993308067322 0.9983999729156494 0.9987994432449341 0.016627134755253792 0.9980067610740662 0.9993950724601746 0.9968076348304749 0.9991999864578247 0.9980023503303528
0.0063800145871937275 0.9986796379089355 0.9999088048934937 0.9991492033004761 0.998199999332428 0.9986743927001953 0.016584280878305435 0.998405396938324 0.9991857409477234 0.9983999729156494 0.9983999729156494 0.9983999729156494
0.005939783528447151 0.9989038109779358 0.9998142123222351 0.9993494153022766 0.998449981212616 0.998899519443512 0.016210421919822693 0.998405396938324 0.9993987679481506 0.9972066879272461 0.9995999932289124 0.998401939868927
0.0057668499648571014 0.9988291263580322 0.9999625086784363 0.999199390411377 0.998449981212616 0.9988245368003845 0.015312391333281994 0.9982060790061951 0.9993945956230164 0.9980008006095886 0.9983999729156494 0.9982003569602966
0.0061752041801810265 0.998779296875 0.9998847842216492 0.9990494847297668 0.9984999895095825 0.9987746477127075 0.013382893055677414 0.9982060790061951 0.999589741230011 0.9980008006095886 0.9983999729156494 0.9982003569602966
0.005564942490309477 0.9990532994270325 0.9998142123222351 0.9994495511054993 0.9986500144004822 0.9990496039390564 0.01395581103861332 0.9980067610740662 0.9993935823440552 0.9972044825553894 0.9987999796867371 0.9980015754699707
0.0069640870206058025 0.9986796379089355 0.9998545050621033 0.9991492033004761 0.998199999332428 0.9986743927001953 0.014791805297136307 0.998405396938324 0.9993946552276611 0.9976038336753845 0.9991999864578247 0.9984012842178345
0.00575915165245533 0.998953640460968 0.9997893571853638 0.9992995262145996 0.9986000061035156 0.9989495873451233 0.011861409060657024 0.9988040924072266 0.9993952512741089 0.9984012842178345 0.9991999864578247 0.9988004565238953
0.005835316143929958 0.9989287257194519 0.999837338924408 0.9991995692253113 0.9986500144004822 0.998924732208252 0.014207258820533752 0.9988040924072266 0.9993928074836731 0.9987999796867371 0.9987999796867371 0.9987999796867371
0.006500175688415766 0.9987294673919678 0.9998573064804077 0.9990493655204773 0.9983999729156494 0.9987245798110962 0.013790790922939777 0.9988040924072266 0.9993953108787537 0.9984012842178345 0.9991999864578247 0.9988004565238953
0.006160253658890724 0.9988291263580322 0.9997849464416504 0.9992493391036987 0.9983999729156494 0.9988244771957397 0.016228072345256805 0.9988040924072266 0.9993977546691895 0.9980031847953796 0.9995999932289124 0.9988009333610535
0.005564965307712555 0.9989785552024841 0.9999108910560608 0.9992995262145996 0.9986500144004822 0.998974621295929 0.017165806144475937 0.998405396938324 0.9993988871574402 0.9972066879272461 0.9995999932289124 0.998401939868927
0.006709722802042961 0.9986547231674194 0.9997560381889343 0.9991990923881531 0.9980999827384949 0.9986492395401001 0.017006313428282738 0.9982060790061951 0.9993954300880432 0.9976028800010681 0.9987999796867371 0.9982010722160339
0.006375290919095278 0.9987543821334839 0.9998355507850647 0.9991493225097656 0.9983500242233276 0.9987495541572571 0.018609296530485153 0.9976081252098083 0.9993916749954224 0.9960127472877502 0.9991999864578247 0.9976038336753845
0.005246942397207022 0.9991031289100647 0.999937891960144 0.9993996620178223 0.9987999796867371 0.9990996718406677 0.01407947950065136 0.9988040924072266 0.9995973706245422 0.9984012842178345 0.9991999864578247 0.9988004565238953
0.006089568603783846 0.9987543821334839 0.9998617768287659 0.9991992712020874 0.9983000159263611 0.9987494945526123 0.013119706884026527 0.998405396938324 0.9995951056480408 0.9980015754699707 0.9987999796867371 0.9984005689620972
0.005659579299390316 0.9989287257194519 0.9998629689216614 0.9994994401931763 0.9983500242233276 0.9989244341850281 0.01674809865653515 0.9986047148704529 0.9993948340415955 0.9980024099349976 0.9991999864578247 0.9986008405685425
0.005387952085584402 0.9990283846855164 0.9998904466629028 0.9992496371269226 0.9987999796867371 0.9990247488021851 0.014578688889741898 0.9982060790061951 0.9995976090431213 0.9972056150436401 0.9991999864578247 0.998201847076416
0.005499252583831549 0.9991280436515808 0.999863862991333 0.9995496273040771 0.9987000226974487 0.9991246461868286 0.015506154857575893 0.9986047148704529 0.9993964433670044 0.9984006285667419 0.9987999796867371 0.9986002445220947
0.005766993388533592 0.9987294673919678 0.9998637437820435 0.9989495277404785 0.9984999895095825 0.9987246990203857 0.012146219611167908 0.9986047148704529 0.9995941519737244 0.9980024099349976 0.9991999864578247 0.9986008405685425
0.005492409225553274 0.9989785552024841 0.9998626708984375 0.9992495775222778 0.9987000226974487 0.9989746809005737 0.013683322817087173 0.9986047148704529 0.9993991851806641 0.9976047873497009 0.9995999932289124 0.9986013770103455
0.0059577119536697865 0.9989287257194519 0.9998371005058289 0.9992495179176331 0.9986000061035156 0.998924732208252 0.01371322013437748 0.998405396938324 0.9995924234390259 0.9983999729156494 0.9983999729156494 0.9983999729156494
0.0059229531325399876 0.9990034699440002 0.9998331665992737 0.9992496371269226 0.9987499713897705 0.9989997148513794 0.013389628380537033 0.9982060790061951 0.99959397315979 0.9972056150436401 0.9991999864578247 0.998201847076416
0.005960318725556135 0.9989038109779358 0.9997838735580444 0.9992494583129883 0.9985499978065491 0.9988996386528015 0.010803903453052044 0.9988040924072266 0.9995943307876587 0.9984012842178345 0.9991999864578247 0.9988004565238953
0.005567728541791439 0.998953640460968 0.9998399615287781 0.9992995262145996 0.9986000061035156 0.9989495873451233 0.017651841044425964 0.9980067610740662 0.9993972182273865 0.9968076348304749 0.9991999864578247 0.9980023503303528
0.0059785363264381886 0.9988042116165161 0.9998118877410889 0.9989497065544128 0.9986500144004822 0.9987998604774475 0.01240294799208641 0.9990034103393555 0.9995977878570557 0.998401939868927 0.9995999932289124 0.999000608921051
0.005233513191342354 0.9989038109779358 0.9998643398284912 0.9993494153022766 0.998449981212616 0.998899519443512 0.012044177390635014 0.998405396938324 0.9995891451835632 0.9987990260124207 0.9980000257492065 0.9983993768692017
0.0056719062849879265 0.9989038109779358 0.9998866319656372 0.9991995096206665 0.9986000061035156 0.9988996982574463 0.01042101252824068 0.9986047148704529 0.9995968341827393 0.9984006285667419 0.9987999796867371 0.9986002445220947
0.005236561875790358 0.9990283846855164 0.9998649954795837 0.9994495511054993 0.9986000061035156 0.9990246295928955 0.017831644043326378 0.998405396938324 0.9994006156921387 0.9968101978302002 1.0 0.9984025359153748
0.005561672151088715 0.9990283846855164 0.9997891187667847 0.9993495941162109 0.9987000226974487 0.9990246891975403 0.015552270226180553 0.998405396938324 0.9995965361595154 0.9976038336753845 0.9991999864578247 0.9984012842178345
0.005716513376682997 0.9988788962364197 0.9998372793197632 0.9992494583129883 0.9984999895095825 0.9988746047019958 0.01620013266801834 0.9988040924072266 0.9995903968811035 0.9984012842178345 0.9991999864578247 0.9988004565238953
0.005046545993536711 0.998953640460968 0.9998902082443237 0.9992495775222778 0.9986500144004822 0.9989497065544128 0.0127491420134902 0.9986047148704529 0.99959796667099 0.9976047873497009 0.9995999932289124 0.9986013770103455
0.0054640923626720905 0.9990283846855164 0.9999133944511414 0.9993995428085327 0.9986500144004822 0.9990246891975403 0.011508976109325886 0.9982060790061951 0.9995974898338318 0.9972056150436401 0.9991999864578247 0.998201847076416
0.004877719562500715 0.9991529583930969 0.9998921155929565 0.9994996786117554 0.9987999796867371 0.999149739742279 0.01373959705233574 0.9982060790061951 0.9995970129966736 0.9980008006095886 0.9983999729156494 0.9982003569602966
0.005636515561491251 0.9990283846855164 0.9997626543045044 0.999499499797821 0.9985499978065491 0.999024510383606 0.013984249904751778 0.9988040924072266 0.9995972514152527 0.9984012842178345 0.9991999864578247 0.9988004565238953
0.005270711611956358 0.9989785552024841 0.999939501285553 0.9993495345115662 0.9986000061035156 0.9989745616912842 0.01313299871981144 0.9988040924072266 0.9995971322059631 0.9984012842178345 0.9991999864578247 0.9988004565238953
0.0054084016010165215 0.9991031289100647 0.9998143911361694 0.999449610710144 0.9987499713897705 0.9990996718406677 0.013966276310384274 0.998405396938324 0.9995968341827393 0.9980015754699707 0.9987999796867371 0.9984005689620972
0.005492042284458876 0.9990283846855164 0.99983811378479 0.9993495941162109 0.9987000226974487 0.9990246891975403 0.012442531064152718 0.9988040924072266 0.9993979334831238 0.9980031847953796 0.9995999932289124 0.9988009333610535
0.005731592886149883 0.9989038109779358 0.9998366832733154 0.9993494153022766 0.998449981212616 0.998899519443512 0.017026061192154884 0.998405396938324 0.9995842576026917 0.9983999729156494 0.9983999729156494 0.9983999729156494
0.005901271943002939 0.998953640460968 0.999860942363739 0.9992495775222778 0.9986500144004822 0.9989497065544128 0.012724481523036957 0.9982060790061951 0.9993972778320312 0.9972056150436401 0.9991999864578247 0.998201847076416
0.004804643802344799 0.9992775321006775 0.9999169707298279 0.9995997548103333 0.9989500045776367 0.9992747902870178 0.016189780086278915 0.9986047148704529 0.9993995428085327 0.9976047873497009 0.9995999932289124 0.9986013770103455
0.004987419117242098 0.9991031289100647 0.999843418598175 0.999449610710144 0.9987499713897705 0.9990996718406677 0.016432231292128563 0.998405396938324 0.9993999004364014 0.9972066879272461 0.9995999932289124 0.998401939868927
0.0049696872010827065 0.9993024468421936 0.9998396039009094 0.9996497631072998 0.9989500045776367 0.9992997646331787 0.023133985698223114 0.9976081252098083 0.9993995428085327 0.9956175088882446 0.9995999932289124 0.9976047277450562
0.004795876331627369 0.9991280436515808 0.9998905658721924 0.9994996190071106 0.9987499713897705 0.9991246461868286 0.011655984446406364 0.9982060790061951 0.9995870590209961 0.9991983771324158 0.9972000122070312 0.9981982111930847
0.00591960409656167 0.998953640460968 0.9998360872268677 0.9994494318962097 0.998449981212616 0.998949408531189 0.013180856592953205 0.9986047148704529 0.9993977546691895 0.9976047873497009 0.9995999932289124 0.9986013770103455
0.005219238810241222 0.9991031289100647 0.9998888969421387 0.9993996620178223 0.9987999796867371 0.9990996718406677 0.015053817071020603 0.9990034103393555 0.9995955228805542 0.9988004565238953 0.9991999864578247 0.9990001916885376
0.005263462662696838 0.9989785552024841 0.9998644590377808 0.9993994832038879 0.9985499978065491 0.9989745616912842 0.01656521111726761 0.998405396938324 0.9995976686477661 0.9976038336753845 0.9991999864578247 0.9984012842178345
0.005326069891452789 0.9990532994270325 0.9998627305030823 0.9993996024131775 0.9987000226974487 0.999049723148346 0.01367504894733429 0.9988040924072266 0.9993980526924133 0.9984012842178345 0.9991999864578247 0.9988004565238953
0.005325532052665949 0.9989785552024841 0.9998407363891602 0.9992495775222778 0.9987000226974487 0.9989746809005737 0.012904663570225239 0.9988040924072266 0.9995959997177124 0.9984012842178345 0.9991999864578247 0.9988004565238953
0.005287882871925831 0.9991280436515808 0.9998148679733276 0.9994496703147888 0.9987999796867371 0.9991247057914734 0.0134241608902812 0.9990034103393555 0.9995980858802795 0.9988004565238953 0.9991999864578247 0.9990001916885376
0.004725599195808172 0.9993024468421936 0.9999403953552246 0.9995497465133667 0.9990500211715698 0.9992998242378235 0.01316569373011589 0.9982060790061951 0.9995908737182617 0.9972056150436401 0.9991999864578247 0.998201847076416
0.004877127707004547 0.9992775321006775 0.9999397397041321 0.9994997978210449 0.9990500211715698 0.9992748498916626 0.014374940656125546 0.9988040924072266 0.9994000196456909 0.9980031847953796 0.9995999932289124 0.9988009333610535
0.005480807740241289 0.9990782141685486 0.9998608827590942 0.9995495676994324 0.9986000061035156 0.9990745782852173 0.014416645281016827 0.9986047148704529 0.9995976090431213 0.9980024099349976 0.9991999864578247 0.9986008405685425
0.004725574515759945 0.9992027878761292 0.9999154210090637 0.9994497299194336 0.9989500045776367 0.9991998076438904 0.01741405948996544 0.9986047148704529 0.9993995428085327 0.9980024099349976 0.9991999864578247 0.9986008405685425
0.0051679834723472595 0.9991280436515808 0.9998868107795715 0.9994496703147888 0.9987999796867371 0.9991247057914734 0.01915009878575802 0.9982060790061951 0.9993994832038879 0.9968089461326599 0.9995999932289124 0.9982025027275085
0.005030705593526363 0.9991529583930969 0.9998652935028076 0.9994496703147888 0.9988499879837036 0.9991497993469238 0.013277222402393818 0.9988040924072266 0.9995942711830139 0.9984012842178345 0.9991999864578247 0.9988004565238953
0.004596181213855743 0.9992775321006775 0.9999149441719055 0.9995497465133667 0.9990000128746033 0.9992748498916626 0.014595207758247852 0.9986047148704529 0.9995989203453064 0.9980024099349976 0.9991999864578247 0.9986008405685425
0.004610734060406685 0.9992775321006775 0.9998913407325745 0.9996497631072998 0.9988999962806702 0.999274730682373 0.012380067259073257 0.9990034103393555 0.9995990991592407 0.998401939868927 0.9995999932289124 0.999000608921051
0.005653303116559982 0.9989287257194519 0.9998636245727539 0.9992495179176331 0.9986000061035156 0.998924732208252 0.014327106066048145 0.9988040924072266 0.9995986223220825 0.9984012842178345 0.9991999864578247 0.9988004565238953
0.004586623981595039 0.9992775321006775 0.9998908638954163 0.9995997548103333 0.9989500045776367 0.9992747902870178 0.01404697448015213 0.9988040924072266 0.99959796667099 0.9987999796867371 0.9987999796867371 0.9987999796867371
0.005118066444993019 0.9990782141685486 0.9999107718467712 0.9993496537208557 0.9987999796867371 0.9990747570991516 0.015302074141800404 0.9988040924072266 0.9995956420898438 0.9984012842178345 0.9991999864578247 0.9988004565238953
0.004336332902312279 0.9992526173591614 0.9999426603317261 0.9994997382164001 0.9990000128746033 0.9992498159408569 0.016330117359757423 0.9988040924072266 0.9995999336242676 0.9976057410240173 1.0 0.9988014101982117
0.004634678829461336 0.9992526173591614 0.9998403191566467 0.999649703502655 0.9988499879837036 0.9992497563362122 0.014159543439745903 0.9990034103393555 0.9995996356010437 0.998401939868927 0.9995999932289124 0.999000608921051
0.004060991574078798 0.9992526173591614 0.9999692440032959 0.9994497895240784 0.9990500211715698 0.9992498755455017 0.012619617395102978 0.9992027282714844 0.9995996952056885 0.9991999864578247 0.9991999864578247 0.9991999864578247
0.0058875433169305325 0.9988788962364197 0.9998611211776733 0.9993493556976318 0.9983999729156494 0.9988744258880615 0.009994030930101871 0.9988040924072266 0.9993942975997925 0.9991993308067322 0.9983999729156494 0.9987994432449341
0.004688652232289314 0.9991280436515808 0.999917209148407 0.9994996190071106 0.9987499713897705 0.9991246461868286 0.010871626436710358 0.9990034103393555 0.9995970726013184 0.9988004565238953 0.9991999864578247 0.9990001916885376
0.004441929515451193 0.999177873134613 0.9999178051948547 0.9993497729301453 0.9990000128746033 0.9991748929023743 0.01896125078201294 0.998405396938324 0.9995564818382263 0.9976038336753845 0.9991999864578247 0.9984012842178345
0.005072340369224548 0.999177873134613 0.999836266040802 0.9995496869087219 0.9987999796867371 0.9991747140884399 0.01513515692204237 0.9990034103393555 0.9995987415313721 0.9988004565238953 0.9991999864578247 0.9990001916885376
0.004747641272842884 0.9992027878761292 0.9998427629470825 0.9995996952056885 0.9987999796867371 0.999199628829956 0.01488204300403595 0.9986047148704529 0.9995988011360168 0.9976047873497009 0.9995999932289124 0.9986013770103455
0.004483566153794527 0.9992027878761292 0.9998927116394043 0.9994996786117554 0.9988999962806702 0.9991996884346008 0.014599563553929329 0.9988040924072266 0.9995976090431213 0.9984012842178345 0.9991999864578247 0.9988004565238953
0.0049317036755383015 0.9991529583930969 0.9998883605003357 0.9995996356010437 0.9987000226974487 0.9991496801376343 0.017020361497998238 0.9986047148704529 0.9996005296707153 0.9972078204154968 1.0 0.9986019134521484
0.004631406627595425 0.9992775321006775 0.9998407959938049 0.9995497465133667 0.9990000128746033 0.9992748498916626 0.017369702458381653 0.998405396938324 0.9995981454849243 0.9976038336753845 0.9991999864578247 0.9984012842178345
0.004934598691761494 0.9992775321006775 0.9998148083686829 0.9995497465133667 0.9990000128746033 0.9992748498916626 0.015160712413489819 0.9986047148704529 0.9995999336242676 0.9972078204154968 1.0 0.9986019134521484
0.004543315153568983 0.999177873134613 0.9999420046806335 0.999399721622467 0.9989500045776367 0.9991748929023743 0.01655389554798603 0.9988040924072266 0.9995929598808289 0.9984012842178345 0.9991999864578247 0.9988004565238953
0.004723595920950174 0.9991031289100647 0.9999381303787231 0.999449610710144 0.9987499713897705 0.9990996718406677 0.01553270686417818 0.9986047148704529 0.9995986223220825 0.9980024099349976 0.9991999864578247 0.9986008405685425
0.004689888097345829 0.9991280436515808 0.9999404549598694 0.9994496703147888 0.9987999796867371 0.9991247057914734 0.014791231602430344 0.9990034103393555 0.9995953440666199 0.9988004565238953 0.9991999864578247 0.9990001916885376
0.004756385460495949 0.9991031289100647 0.9999406933784485 0.999449610710144 0.9987499713897705 0.9990996718406677 0.019275695085525513 0.9982060790061951 0.9995885491371155 0.9972056150436401 0.9991999864578247 0.998201847076416
0.005285451654344797 0.9990532994270325 0.9998641014099121 0.9993996024131775 0.9987000226974487 0.999049723148346 0.01414303109049797 0.9988040924072266 0.9995985627174377 0.9980031847953796 0.9995999932289124 0.9988009333610535
0.00465416768565774 0.999177873134613 0.9999166131019592 0.9994496703147888 0.9988999962806702 0.9991747736930847 0.013421851210296154 0.9986047148704529 0.9995989799499512 0.9980024099349976 0.9991999864578247 0.9986008405685425
0.005464904475957155 0.9990283846855164 0.9999098777770996 0.9993495941162109 0.9987000226974487 0.9990246891975403 0.014024641364812851 0.9988040924072266 0.9995971322059631 0.9984012842178345 0.9991999864578247 0.9988004565238953
0.004593035206198692 0.9992526173591614 0.9998672008514404 0.999649703502655 0.9988499879837036 0.9992497563362122 0.013737298548221588 0.9988040924072266 0.9995972514152527 0.9984012842178345 0.9991999864578247 0.9988004565238953
0.0050766984932124615 0.9991031289100647 0.9998390674591064 0.9994996190071106 0.9987000226974487 0.999099612236023 0.015317070297896862 0.9990034103393555 0.999599039554596 0.998401939868927 0.9995999932289124 0.999000608921051
0.004422689788043499 0.9992775321006775 0.9998931884765625 0.9996497631072998 0.9988999962806702 0.999274730682373 0.013208248652517796 0.9988040924072266 0.9995982050895691 0.9987999796867371 0.9987999796867371 0.9987999796867371
0.004754456225782633 0.9992277026176453 0.9998903870582581 0.9996997117996216 0.9987499713897705 0.9992246031761169 0.013749228790402412 0.9988040924072266 0.9995987415313721 0.9984012842178345 0.9991999864578247 0.9988004565238953
0.004217640031129122 0.9994270205497742 0.9998940825462341 0.9996998310089111 0.9991499781608582 0.9994247555732727 0.013871889561414719 0.9988040924072266 0.9995993971824646 0.9987999796867371 0.9987999796867371 0.9987999796867371
0.004473279230296612 0.9992526173591614 0.9998936653137207 0.999649703502655 0.9988499879837036 0.9992497563362122 0.016010571271181107 0.9988040924072266 0.9995940327644348 0.9984012842178345 0.9991999864578247 0.9988004565238953
0.00403582863509655 0.9994021058082581 0.9999673366546631 0.9996498227119446 0.9991499781608582 0.9993998408317566 0.016093114390969276 0.9992027282714844 0.9996007680892944 0.9984025359153748 1.0 0.9992005825042725
0.005252745933830738 0.9990532994270325 0.9998118281364441 0.9994495511054993 0.9986500144004822 0.9990496039390564 0.01408218964934349 0.9982060790061951 0.9995973110198975 0.9972056150436401 0.9991999864578247 0.998201847076416
0.00514477351680398 0.9990782141685486 0.9998401403427124 0.9993996024131775 0.9987499713897705 0.9990746974945068 0.012250419706106186 0.9986047148704529 0.9995995163917542 0.9976047873497009 0.9995999932289124 0.9986013770103455
0.003900685580447316 0.9993771910667419 0.9999697208404541 0.9997498393058777 0.9990000128746033 0.9993747472763062 0.012680329382419586 0.9982060790061951 0.9995974898338318 0.9972056150436401 0.9991999864578247 0.998201847076416
0.003854054491966963 0.9993024468421936 0.999945342540741 0.9996497631072998 0.9989500045776367 0.9992997646331787 0.015308551490306854 0.9992027282714844 0.9996005296707153 0.9984025359153748 1.0 0.9992005825042725
0.004310382064431906 0.9993771910667419 0.9998916387557983 0.9996998310089111 0.9990500211715698 0.9993748068809509 0.014492137357592583 0.9988040924072266 0.9995978474617004 0.9984012842178345 0.9991999864578247 0.9988004565238953
0.004461256787180901 0.9992027878761292 0.9999438524246216 0.9994996786117554 0.9988999962806702 0.9991996884346008 0.014016279019415379 0.9990034103393555 0.9995999932289124 0.9988004565238953 0.9991999864578247 0.9990001916885376
0.004208209924399853 0.9992775321006775 0.9998688101768494 0.9994997978210449 0.9990500211715698 0.9992748498916626 0.013823185116052628 0.9990034103393555 0.9996010065078735 0.9980040192604065 1.0 0.9990010261535645
0.004571087658405304 0.9994021058082581 0.9998413324356079 0.9996998310089111 0.9991000294685364 0.9993999004364014 0.014926879666745663 0.9990034103393555 0.9995988607406616 0.998401939868927 0.9995999932289124 0.999000608921051
0.004550428595393896 0.9992526173591614 0.9999406933784485 0.9995996952056885 0.9988999962806702 0.9992497563362122 0.013296007178723812 0.9990034103393555 0.9995983242988586 0.9988004565238953 0.9991999864578247 0.9990001916885376
0.004385185427963734 0.9992526173591614 0.9999169707298279 0.999649703502655 0.9988499879837036 0.9992497563362122 0.01721280813217163 0.9990034103393555 0.999599814414978 0.9980040192604065 1.0 0.9990010261535645
0.004128383006900549 0.9992027878761292 0.9999945163726807 0.9995496869087219 0.9988499879837036 0.9991996884346008 0.018202247098088264 0.9986047148704529 0.999596893787384 0.9976047873497009 0.9995999932289124 0.9986013770103455
0.005034707952290773 0.9990532994270325 0.9998902678489685 0.9994995594024658 0.9986000061035156 0.9990496039390564 0.012466602958738804 0.9990034103393555 0.9996002316474915 0.998401939868927 0.9995999932289124 0.999000608921051
0.004540546331554651 0.999177873134613 0.9999163150787354 0.9994996786117554 0.9988499879837036 0.9991747736930847 0.012785762548446655 0.9986047148704529 0.9995971322059631 0.9984006285667419 0.9987999796867371 0.9986002445220947
0.004281465895473957 0.9993024468421936 0.9998934268951416 0.9995997548103333 0.9990000128746033 0.9992998242378235 0.014645183458924294 0.9994020462036133 0.9996000528335571 0.9992003440856934 0.9995999932289124 0.9994001388549805
0.005139276385307312 0.9991280436515808 0.9998893141746521 0.9995496273040771 0.9987000226974487 0.9991246461868286 0.010957309976220131 0.9994020462036133 0.9995999932289124 0.9988014101982117 1.0 0.9994003176689148
0.00406587403267622 0.9993771910667419 0.9999178647994995 0.9996998310089111 0.9990500211715698 0.9993748068809509 0.012908217497169971 0.9990034103393555 0.9996000528335571 0.9991996884346008 0.9987999796867371 0.9989997744560242
0.004429146181792021 0.9992027878761292 0.9999657273292542 0.9994996786117554 0.9988999962806702 0.9991996884346008 0.00909337867051363 0.9990034103393555 0.9995965361595154 0.9988004565238953 0.9991999864578247 0.9990001916885376
0.004986116662621498 0.9990034699440002 0.9999150633811951 0.9992995858192444 0.9987000226974487 0.9989996552467346 0.014032477512955666 0.998405396938324 0.9996008276939392 0.9968101978302002 1.0 0.9984025359153748
0.004383007995784283 0.9992277026176453 0.9999411702156067 0.9994997382164001 0.9989500045776367 0.9992247819900513 0.015045619569718838 0.9982060790061951 0.99959796667099 0.9964129328727722 1.0 0.9982032179832458
0.004399197641760111 0.9992775321006775 0.9999169707298279 0.9996497631072998 0.9988999962806702 0.999274730682373 0.010538705624639988 0.9988040924072266 0.9995994567871094 0.9980031847953796 0.9995999932289124 0.9988009333610535
0.00455473642796278 0.9992277026176453 0.9999148845672607 0.9995996952056885 0.9988499879837036 0.9992247223854065 0.012957350350916386 0.9988040924072266 0.999599277973175 0.9984012842178345 0.9991999864578247 0.9988004565238953
0.004329550080001354 0.9993024468421936 0.9999428987503052 0.9996497631072998 0.9989500045776367 0.9992997646331787 0.012963862158358097 0.9994020462036133 0.9995995163917542 0.9988014101982117 1.0 0.9994003176689148
0.004609550349414349 0.9990283846855164 0.9999423623085022 0.9993495941162109 0.9987000226974487 0.9990246891975403 0.012215178459882736 0.9986047148704529 0.9995960593223572 0.9980024099349976 0.9991999864578247 0.9986008405685425
0.005089438520371914 0.9991529583930969 0.9999357461929321 0.9995996356010437 0.9987000226974487 0.9991496801376343 0.017162512987852097 0.9986047148704529 0.9995868802070618 0.9980024099349976 0.9991999864578247 0.9986008405685425
0.0046794964000582695 0.999177873134613 0.9998921155929565 0.9994496703147888 0.9988999962806702 0.9991747736930847 0.014231071807444096 0.9992027282714844 0.9995993971824646 0.9991999864578247 0.9991999864578247 0.9991999864578247
0.004326552618294954 0.9992775321006775 0.9999421834945679 0.9994997978210449 0.9990500211715698 0.9992748498916626 0.011560262180864811 0.9992027282714844 0.9995990991592407 0.9988009333610535 0.9995999932289124 0.9992002844810486
0.004666379652917385 0.9990782141685486 0.9999663829803467 0.9995995759963989 0.9985499978065491 0.9990745186805725 0.010746000334620476 0.9988040924072266 0.9995989799499512 0.9980031847953796 0.9995999932289124 0.9988009333610535
0.0041713956743478775 0.9993024468421936 0.9999680519104004 0.9996497631072998 0.9989500045776367 0.9992997646331787 0.011449662037193775 0.9990034103393555 0.9995990991592407 0.9988004565238953 0.9991999864578247 0.9990001916885376
0.004397958051413298 0.9994768500328064 0.9997913837432861 0.9997998476028442 0.9991499781608582 0.999474823474884 0.015380476601421833 0.9992027282714844 0.9995998740196228 0.9988009333610535 0.9995999932289124 0.9992002844810486
0.004660737235099077 0.9991529583930969 0.9998680353164673 0.9995496273040771 0.9987499713897705 0.9991496205329895 0.011275522410869598 0.998405396938324 0.9995887875556946 0.9987990260124207 0.9980000257492065 0.9983993768692017
0.004962013568729162 0.9992027878761292 0.9998659491539001 0.999649703502655 0.9987499713897705 0.9991995692253113 0.013811515644192696 0.9986047148704529 0.9995995163917542 0.9976047873497009 0.9995999932289124 0.9986013770103455
0.005228444468230009 0.9991280436515808 0.9998149275779724 0.9993996620178223 0.9988499879837036 0.9991247653961182 0.013710197061300278 0.9988040924072266 0.9995996356010437 0.9980031847953796 0.9995999932289124 0.9988009333610535
0.0041777342557907104 0.9993771910667419 0.9999423623085022 0.9996998310089111 0.9990500211715698 0.9993748068809509 0.013334753923118114 0.9988040924072266 0.9995998740196228 0.9980031847953796 0.9995999932289124 0.9988009333610535
0.003967056516557932 0.9993273615837097 0.9999432563781738 0.9996497631072998 0.9990000128746033 0.9993247389793396 0.011169112287461758 0.9990034103393555 0.9995987415313721 0.9991996884346008 0.9987999796867371 0.9989997744560242
0.0042190211825072765 0.9993273615837097 0.9999188780784607 0.9995997548103333 0.9990500211715698 0.9993247389793396 0.015335368923842907 0.9990034103393555 0.9995970726013184 0.9988004565238953 0.9991999864578247 0.9990001916885376
0.004462196491658688 0.9993273615837097 0.9998667240142822 0.9996997714042664 0.9989500045776367 0.9993246793746948 0.016446290537714958 0.998405396938324 0.9996007084846497 0.9968101978302002 1.0 0.9984025359153748
0.004241994582116604 0.9993024468421936 0.9999411702156067 0.9995497465133667 0.9990500211715698 0.9992998242378235 0.01717737875878811 0.9988040924072266 0.999599277973175 0.9980031847953796 0.9995999932289124 0.9988009333610535
0.004177294205874205 0.9993024468421936 0.999943196773529 0.9996997714042664 0.9988999962806702 0.9992997646331787 0.014252659864723682 0.998405396938324 0.9995979070663452 0.9972066879272461 0.9995999932289124 0.998401939868927
0.004254394210875034 0.9993273615837097 0.9999428391456604 0.9995997548103333 0.9990500211715698 0.9993247389793396 0.017585696652531624 0.9988040924072266 0.9994006752967834 0.9980031847953796 0.9995999932289124 0.9988009333610535
