loss_s0128 accuracy_s0128 val_auc_s0128 precision_s0128 recall_s0128 f1_score_s0128 val_loss_s0128 val_accuracy_s0128 val_val_auc_s0128 val_precision_s0128 val_recall_s0128 val_f1_score_s0128
0.29591304063796997 0.907316267490387 0.9612005352973938 0.9197567701339722 0.8923249840736389 0.9058331847190857 0.13277971744537354 0.9667266011238098 0.9886841773986816 0.9535471200942993 0.9811999797821045 0.9671759605407715
0.11333675682544708 0.9672653079032898 0.9903191328048706 0.9650633335113525 0.9695749878883362 0.9673138856887817 0.08933886885643005 0.9777178168296814 0.9949647188186646 0.9678746461868286 0.9882000088691711 0.9779316782951355
0.08063134551048279 0.9765698909759521 0.9948112964630127 0.9750298857688904 0.9781500101089478 0.9765875339508057 0.0812985822558403 0.9833133220672607 0.9969224333763123 0.9774748086929321 0.9894000291824341 0.9834012985229492
0.0631699413061142 0.9823899865150452 0.9964601993560791 0.9823267459869385 0.9824249744415283 0.9823758602142334 0.07878132164478302 0.984912097454071 0.9976314902305603 0.9752989411354065 0.9950000047683716 0.9850509166717529
0.05303932726383209 0.9859494566917419 0.9972870945930481 0.9863144159317017 0.9855499863624573 0.9859320521354675 0.08393243700265884 0.9722222089767456 0.9979144334793091 0.9510890245437622 0.9955999851226807 0.9728356599807739
0.047587309032678604 0.9874107241630554 0.9977982640266418 0.9879122972488403 0.9868749976158142 0.9873934388160706 0.038582805544137955 0.9927058219909668 0.9985528588294983 0.9931932091712952 0.9922000169754028 0.9926963448524475
0.04309023544192314 0.9886596202850342 0.9981689453125 0.9894331097602844 0.98785001039505 0.9886409044265747 0.08757814764976501 0.9582334160804749 0.9980809688568115 0.9267883896827698 0.9950000047683716 0.9596835970878601
0.03992702066898346 0.9897212386131287 0.9982296228408813 0.9902149438858032 0.9891999959945679 0.9897072315216064 0.0973464846611023 0.9526379108428955 0.9981138706207275 0.9164519906044006 0.9959999918937683 0.9545716047286987
0.038969527930021286 0.9899210929870605 0.9983095526695251 0.9901943802833557 0.9896249771118164 0.9899096488952637 0.05914468318223953 0.9757194519042969 0.9983901381492615 0.958373486995697 0.9945999979972839 0.9761507511138916
0.03579765930771828 0.990620493888855 0.9985902905464172 0.9915094971656799 0.9897000193595886 0.9906039237976074 0.0769207626581192 0.962330162525177 0.9983885884284973 0.9326221346855164 0.9965999722480774 0.9635502099990845
0.033762127161026 0.9917070269584656 0.9986897110939026 0.9924632906913757 0.9909250140190125 0.9916935563087463 0.066529780626297 0.9694244861602783 0.9984930753707886 0.9451820850372314 0.9965999722480774 0.9702103137969971
0.033559996634721756 0.9918819069862366 0.9987634420394897 0.9924659729003906 0.9912750124931335 0.991870105266571 0.06367376446723938 0.9698241353034973 0.9981836080551147 0.9465779662132263 0.9958000183105469 0.9705652594566345
0.030940841883420944 0.9921317100524902 0.99884432554245 0.9930371046066284 0.9911999702453613 0.992117702960968 0.038987938314676285 0.9948041439056396 0.998696506023407 0.9930251240730286 0.9965999722480774 0.9948093295097351
0.03060627542436123 0.9924938678741455 0.9988448619842529 0.9934126734733582 0.9915500283241272 0.992480456829071 0.022003276273608208 0.9958033561706543 0.9991511702537537 0.9963956475257874 0.995199978351593 0.9957974553108215
0.029321560636162758 0.992943525314331 0.9989838600158691 0.9937398433685303 0.9921249747276306 0.9929317235946655 0.06375014781951904 0.9695243835449219 0.9983933568000793 0.9448550343513489 0.9972000122070312 0.9703220725059509
0.028023378923535347 0.9933556318283081 0.999009370803833 0.9938685894012451 0.9928249716758728 0.9933464527130127 0.031744781881570816 0.9965028166770935 0.9986251592636108 0.9965993165969849 0.996399998664856 0.9964995980262756
0.026880383491516113 0.993567943572998 0.999045729637146 0.9944401383399963 0.9926750063896179 0.993556797504425 0.03237737715244293 0.9962030649185181 0.9987772107124329 0.9962000250816345 0.9962000250816345 0.9962000250816345
0.02728182077407837 0.9934305548667908 0.9990118145942688 0.993844747543335 0.9929999709129333 0.9934221506118774 0.0242622010409832 0.9961031079292297 0.9991101622581482 0.9958025217056274 0.996399998664856 0.9961012005805969
0.026636440306901932 0.9936679005622864 0.9990637898445129 0.9943669438362122 0.9929500222206116 0.9936579465866089 0.029885917901992798 0.9960032105445862 0.9989989399909973 0.9950099587440491 0.996999979019165 0.9960039854049683
0.025278236716985703 0.9938552379608154 0.9992637038230896 0.9946909546852112 0.9929999709129333 0.9938446879386902 0.03885342925786972 0.9943045377731323 0.9987409114837646 0.9906690716743469 0.9980000257492065 0.9943209886550903
0.024293996393680573 0.9940176010131836 0.9992090463638306 0.9947422742843628 0.993274986743927 0.9940080642700195 0.03563213720917702 0.9961031079292297 0.9988821148872375 0.9950109720230103 0.9972000122070312 0.9961042404174805
0.024064278230071068 0.9942173957824707 0.9992285370826721 0.9949673414230347 0.9934499859809875 0.994208037853241 0.019306132569909096 0.9964028596878052 0.9991700053215027 0.9975942373275757 0.995199978351593 0.9963956475257874
0.02322850003838539 0.9945171475410461 0.9992082118988037 0.995193362236023 0.9938250184059143 0.994508683681488 0.019447267055511475 0.9966027140617371 0.9992707967758179 0.9960048198699951 0.9972000122070312 0.9966020584106445
0.022635625675320625 0.9944047331809998 0.9992942810058594 0.9949196577072144 0.9938750267028809 0.9943970441818237 0.04192376509308815 0.9850119948387146 0.9988034963607788 0.9738178849220276 0.9968000054359436 0.9851749539375305
0.021021466702222824 0.9951915740966797 0.9992853403091431 0.9959686398506165 0.9944000244140625 0.9951837658882141 0.024182653054594994 0.9965028166770935 0.9992345571517944 0.9960039854049683 0.996999979019165 0.9965017437934875
0.021283529698848724 0.994929313659668 0.9993254542350769 0.9953956007957458 0.9944499731063843 0.9949225783348083 0.028379429131746292 0.9969024658203125 0.9987917542457581 0.9962053298950195 0.9976000189781189 0.9969021677970886
0.02116204798221588 0.9950916767120361 0.9993587136268616 0.9955458641052246 0.9946249723434448 0.9950852394104004 0.01991080678999424 0.9964028596878052 0.9993916153907776 0.9956070184707642 0.9972000122070312 0.9964028596878052
0.020053843036293983 0.9953539371490479 0.9993817806243896 0.9959699511528015 0.9947249889373779 0.9953470826148987 0.020648546516895294 0.9967026114463806 0.9992848038673401 0.9960055947303772 0.9973999857902527 0.9967023134231567
0.019984330981969833 0.9953039884567261 0.9993740916252136 0.9959943890571594 0.9945999979972839 0.9952967166900635 0.01609949767589569 0.9964028596878052 0.9995853304862976 0.9962015151977539 0.9965999722480774 0.996400773525238
0.020107150077819824 0.9954913258552551 0.9994208812713623 0.9961448907852173 0.994825005531311 0.9954845309257507 0.016646405681967735 0.9967026114463806 0.9995234608650208 0.9967993497848511 0.9965999722480774 0.9966996312141418
0.020159156993031502 0.9953165054321289 0.9994829893112183 0.995994508266449 0.9946249723434448 0.9953092932701111 0.017065897583961487 0.9967026114463806 0.999545156955719 0.9960055947303772 0.9973999857902527 0.9967023134231567
0.018454287201166153 0.9958785176277161 0.9995227456092834 0.9963713884353638 0.9953749775886536 0.9958729147911072 0.01966870203614235 0.9965028166770935 0.9994977116584778 0.9960039854049683 0.996999979019165 0.9965017437934875
0.018984464928507805 0.9957161545753479 0.9994571805000305 0.9961962699890137 0.9952250123023987 0.9957104325294495 0.018619470298290253 0.9967026114463806 0.9995457530021667 0.9966006875038147 0.9968000054359436 0.9967002868652344
0.018135827034711838 0.9957535862922668 0.9994544982910156 0.9962710738182068 0.9952250123023987 0.9957478046417236 0.019134245812892914 0.9961031079292297 0.9996601343154907 0.9942219853401184 0.9980000257492065 0.9961073994636536
0.017362724989652634 0.9958535432815552 0.9995704293251038 0.9961724877357483 0.9955250024795532 0.9958485960960388 0.015793483704328537 0.9965028166770935 0.9996059536933899 0.9952124357223511 0.9977999925613403 0.996504545211792
0.017419379204511642 0.9959659576416016 0.9996259212493896 0.9963719844818115 0.9955499768257141 0.9959608316421509 0.017013873904943466 0.9964028596878052 0.999579668045044 0.9956070184707642 0.9972000122070312 0.9964028596878052
0.017058953642845154 0.9960033893585205 0.9995787739753723 0.9964219331741333 0.9955750107765198 0.9959982633590698 0.015563479624688625 0.9970024228096008 0.9994196891784668 0.9979959726333618 0.9959999918937683 0.9969969987869263
0.017900366336107254 0.9958535432815552 0.9995288848876953 0.9963712096214294 0.9953250288963318 0.9958478808403015 0.013956223614513874 0.9969024658203125 0.999813973903656 0.9971983432769775 0.9965999722480774 0.9968991279602051
0.016335992142558098 0.9962282180786133 0.9995312690734863 0.9966720342636108 0.9957749843597412 0.9962233304977417 0.013843802735209465 0.9967026114463806 0.9996294975280762 0.9969981908798218 0.996399998664856 0.9966989755630493
0.01616125926375389 0.9965903759002686 0.9995749592781067 0.9970472455024719 0.9961249828338623 0.9965859055519104 0.013288081623613834 0.9970024228096008 0.9996412396430969 0.9971988797187805 0.9968000054359436 0.9969993829727173
0.015245680697262287 0.9965279698371887 0.9996334910392761 0.9968230724334717 0.9962249994277954 0.996523916721344 0.01663520559668541 0.9965028166770935 0.9997047781944275 0.9954100847244263 0.9976000189781189 0.9965038895606995
0.01659623719751835 0.9965903759002686 0.9995701909065247 0.9969975352287292 0.9961749911308289 0.9965860843658447 0.013959474861621857 0.9973021745681763 0.999710202217102 0.9972005486488342 0.9973999857902527 0.9973002672195435
0.01565064676105976 0.9966403841972351 0.9996239542961121 0.9970973134040833 0.9961749911308289 0.996635913848877 0.013711776584386826 0.9974020719528198 0.9996227622032166 0.9973999857902527 0.9973999857902527 0.9973999857902527
0.015363053418695927 0.9965779185295105 0.9996646046638489 0.9969725608825684 0.9961749911308289 0.9965735673904419 0.01280741486698389 0.9973021745681763 0.9997539520263672 0.9972005486488342 0.9973999857902527 0.9973002672195435
0.015451664105057716 0.9965903759002686 0.9996135830879211 0.9970472455024719 0.9961249828338623 0.9965859055519104 0.012763130478560925 0.9974020719528198 0.9997453093528748 0.9977982640266418 0.996999979019165 0.9973990321159363
0.01560252346098423 0.9965404272079468 0.9995693564414978 0.9971714019775391 0.9958999752998352 0.9965353608131409 0.012923684902489185 0.9972022175788879 0.9997392296791077 0.9972000122070312 0.9972000122070312 0.9972000122070312
0.014746974222362041 0.9966903328895569 0.9996646642684937 0.9970976114273071 0.996275007724762 0.9966861009597778 0.013858876191079617 0.9972022175788879 0.9995471835136414 0.9985960721969604 0.9958000183105469 0.9971960783004761
0.014125579036772251 0.9969775676727295 0.9996863007545471 0.9974475502967834 0.9965000152587891 0.9969735741615295 0.012495487928390503 0.9973021745681763 0.9998376369476318 0.9975985884666443 0.996999979019165 0.9972991943359375
0.014556596986949444 0.9969650506973267 0.9995912313461304 0.9974226355552673 0.9965000152587891 0.9969610571861267 0.012165859341621399 0.9973021745681763 0.9998530149459839 0.9981967806816101 0.996399998664856 0.9972976446151733
0.014027227647602558 0.9970150589942932 0.9996728301048279 0.9972984194755554 0.9967250227928162 0.9970116019248962 0.011913116089999676 0.9975019693374634 0.9998571872711182 0.9977986812591553 0.9972000122070312 0.9974992275238037
0.014203897677361965 0.9969650506973267 0.9996710419654846 0.9973479509353638 0.9965749979019165 0.9969612956047058 0.011620242148637772 0.9978017807006836 0.9997678399085999 0.9977999925613403 0.9977999925613403 0.9977999925613403
0.014060698449611664 0.9971274137496948 0.9996487498283386 0.997498095035553 0.996749997138977 0.9971238374710083 0.01197768747806549 0.9978017807006836 0.9997687339782715 0.9979991912841797 0.9976000189781189 0.9977995753288269
0.013878660276532173 0.9969026446342468 0.999729335308075 0.9971734285354614 0.9966250061988831 0.9968991279602051 0.012555522844195366 0.9974020719528198 0.99955815076828 0.9983968138694763 0.996399998664856 0.9973974227905273
0.01353917084634304 0.9969525933265686 0.9997816681861877 0.9975221753120422 0.9963750243186951 0.9969483017921448 0.011338583193719387 0.9977018237113953 0.9998627305030823 0.9981982111930847 0.9972000122070312 0.9976988434791565
0.013538400642573833 0.9970150589942932 0.9997441172599792 0.9973233342170715 0.9966999888420105 0.9970115423202515 0.011483614332973957 0.9975019693374634 0.9998673796653748 0.997201681137085 0.9977999925613403 0.9975007176399231
0.01333241630345583 0.9972273707389832 0.9997037649154663 0.9977974891662598 0.996649980545044 0.997223436832428 0.01221552025526762 0.9974020719528198 0.999753475189209 0.9970024228096008 0.9977999925613403 0.9974010586738586
0.012755656614899635 0.9973772168159485 0.9997236728668213 0.9977483153343201 0.996999979019165 0.9973739385604858 0.011930673383176327 0.9980015754699707 0.9997663497924805 0.997800886631012 0.998199999332428 0.9980003833770752
0.013342983089387417 0.9971399307250977 0.9996736645698547 0.9974732995033264 0.9968000054359436 0.9971365332603455 0.011802717112004757 0.9976019263267517 0.9997609853744507 0.9981978535652161 0.996999979019165 0.9975985884666443
0.012778064236044884 0.9973022937774658 0.9997192621231079 0.9976732730865479 0.9969249963760376 0.9972990155220032 0.010883732698857784 0.9983013868331909 0.9998700618743896 0.9987987875938416 0.9977999925613403 0.9982991218566895
0.012359549291431904 0.9974771738052368 0.9997308850288391 0.9978234767913818 0.9971250295639038 0.9974741339683533 0.012122259475290775 0.9979016780853271 0.9997607469558716 0.9983984231948853 0.9973999857902527 0.9978989958763123
0.01240413635969162 0.9974896311759949 0.999731183052063 0.9978235363960266 0.9971500039100647 0.9974866509437561 0.01087836641818285 0.998101532459259 0.9997755885124207 0.9987983107566833 0.9973999857902527 0.998098611831665
0.012534735724329948 0.9973272681236267 0.9996786713600159 0.9976982474327087 0.9969499707221985 0.9973239898681641 0.012110138311982155 0.9979016780853271 0.9997736215591431 0.9978004693984985 0.9980000257492065 0.9979002475738525
0.012790175154805183 0.9975021481513977 0.9997069239616394 0.997948169708252 0.9970499873161316 0.9974988698959351 0.011251116171479225 0.9980015754699707 0.999862015247345 0.9981992840766907 0.9977999925613403 0.9979995489120483
0.01193524431437254 0.9974771738052368 0.9997641444206238 0.9978234767913818 0.9971250295639038 0.9974741339683533 0.011492744088172913 0.9982014298439026 0.9995694160461426 0.9987985491752625 0.9976000189781189 0.998198926448822
0.01223096065223217 0.9975895285606384 0.9997216463088989 0.9980731010437012 0.9970999956130981 0.9975863099098206 0.011101959273219109 0.9973021745681763 0.9997743964195251 0.9972005486488342 0.9973999857902527 0.9973002672195435
0.011833910830318928 0.9976645112037659 0.9997014999389648 0.9981980919837952 0.9971250295639038 0.9976612329483032 0.010341914370656013 0.998101532459259 0.9998757243156433 0.998399019241333 0.9977999925613403 0.9980993866920471
0.011506468057632446 0.9975645542144775 0.9997795224189758 0.9978985786437988 0.9972249865531921 0.9975616335868835 0.01015513390302658 0.9984012842178345 0.9997813105583191 0.9985994100570679 0.998199999332428 0.9983996152877808
0.010844625532627106 0.997826874256134 0.9998207092285156 0.998173713684082 0.9974750280380249 0.9978242516517639 0.011068000458180904 0.9977018237113953 0.9997758269309998 0.9974015355110168 0.9980000257492065 0.9977006316184998
0.011519119143486023 0.9978018403053284 0.999713659286499 0.9982234835624695 0.9973750114440918 0.9977990388870239 0.010401290841400623 0.9982014298439026 0.9998739361763 0.9987985491752625 0.9976000189781189 0.998198926448822
0.011298197321593761 0.9977768659591675 0.999792754650116 0.9983231425285339 0.9972249865531921 0.9977737665176392 0.011313801631331444 0.9976019263267517 0.999772310256958 0.9974010586738586 0.9977999925613403 0.9976004362106323
0.011290820315480232 0.9978892803192139 0.9997533559799194 0.9981988668441772 0.9975749850273132 0.9978868365287781 0.010044537484645844 0.998501181602478 0.9997830986976624 0.9985997080802917 0.9983999729156494 0.9984998106956482
0.010927439667284489 0.9977019429206848 0.9998216032981873 0.9979240894317627 0.9974750280380249 0.997699499130249 0.010107651352882385 0.9984012842178345 0.9997848868370056 0.9983999729156494 0.9983999729156494 0.9983999729156494
0.011298037134110928 0.997826874256134 0.9997789263725281 0.9982485175132751 0.9973999857902527 0.9978240728378296 0.010147841647267342 0.9980015754699707 0.999872624874115 0.9980000257492065 0.9980000257492065 0.9980000257492065
0.011081832461059093 0.9977144598960876 0.999733567237854 0.9980985522270203 0.9973250031471252 0.9977115988731384 0.009935201145708561 0.9983013868331909 0.9998785853385925 0.9987987875938416 0.9977999925613403 0.9982991218566895
0.010398953221738338 0.9977768659591675 0.9997882843017578 0.9982982277870178 0.9972500205039978 0.9977738857269287 0.010608241893351078 0.998501181602478 0.9997797608375549 0.9984003305435181 0.9986000061035156 0.9985001683235168
0.011562060564756393 0.9974521398544312 0.9997256398200989 0.9978981018066406 0.996999979019165 0.9974488615989685 0.010237758047878742 0.9982014298439026 0.9998810887336731 0.9983993768692017 0.9980000257492065 0.9981997013092041
0.010814879089593887 0.9979392290115356 0.9997691512107849 0.9985232353210449 0.9973499774932861 0.9979363083839417 0.009864241816103458 0.998101532459259 0.9998793005943298 0.998399019241333 0.9977999925613403 0.9980993866920471
0.011015022173523903 0.9977644085884094 0.9998414516448975 0.998248279094696 0.9972749948501587 0.9977614283561707 0.009588582441210747 0.9983013868331909 0.9998822808265686 0.9983996748924255 0.998199999332428 0.9982998371124268
0.010446087457239628 0.9978892803192139 0.9998127222061157 0.9982487559318542 0.9975249767303467 0.9978867173194885 0.010292934253811836 0.998501181602478 0.9997799396514893 0.9984003305435181 0.9986000061035156 0.9985001683235168
0.01044339407235384 0.9978892803192139 0.9997994899749756 0.9983983635902405 0.9973750114440918 0.9978864789009094 0.011514884419739246 0.9984012842178345 0.9997729063034058 0.9983999729156494 0.9983999729156494 0.9983999729156494
0.010470540262758732 0.9978768229484558 0.999872088432312 0.9982486963272095 0.9975000023841858 0.9978741407394409 0.010098353959619999 0.9982014298439026 0.9995818734169006 0.9987985491752625 0.9976000189781189 0.998198926448822
0.010896519757807255 0.9979392290115356 0.9997918605804443 0.9984733462333679 0.9973999857902527 0.9979364275932312 0.010592378675937653 0.9980015754699707 0.9997732639312744 0.9985983371734619 0.9973999857902527 0.9979987740516663
0.010217586532235146 0.9979892373085022 0.9998031854629517 0.9985234141349792 0.9974499940872192 0.9979864358901978 0.009407867677509785 0.9984012842178345 0.9998809099197388 0.9985994100570679 0.998199999332428 0.9983996152877808
0.010232046246528625 0.9979267716407776 0.9998270869255066 0.9982737898826599 0.9975749850273132 0.997924268245697 0.008827455341815948 0.9984012842178345 0.9998854398727417 0.9985994100570679 0.998199999332428 0.9983996152877808
0.009972918778657913 0.998039186000824 0.9998311996459961 0.9983489513397217 0.9977250099182129 0.9980368614196777 0.009917712770402431 0.9978017807006836 0.9998782277107239 0.9974020719528198 0.998199999332428 0.9978008270263672
0.010075187310576439 0.9981765747070312 0.9998394846916199 0.998673677444458 0.9976750016212463 0.9981741309165955 0.009128722362220287 0.9984012842178345 0.9998816847801208 0.9989988207817078 0.9977999925613403 0.9983990788459778
0.010292920283973217 0.9979892373085022 0.9997525811195374 0.9984984397888184 0.9974750280380249 0.9979864954948425 0.008825117722153664 0.9984012842178345 0.9998816847801208 0.9987990260124207 0.9980000257492065 0.9983993768692017
0.009655430912971497 0.9980641603469849 0.9998239278793335 0.9982742667198181 0.9978500008583069 0.9980620741844177 0.009768656454980373 0.9982014298439026 0.9997791051864624 0.9987985491752625 0.9976000189781189 0.998198926448822
0.010383933782577515 0.9980641603469849 0.9998108744621277 0.9985485672950745 0.9975749850273132 0.9980615377426147 0.008857905864715576 0.9984012842178345 0.9998845458030701 0.9983999729156494 0.9983999729156494 0.9983999729156494
0.009944506920874119 0.9979392290115356 0.9998534917831421 0.9983735680580139 0.9975000023841858 0.9979366064071655 0.00869898870587349 0.9986011385917664 0.9998835325241089 0.9989991784095764 0.998199999332428 0.9985994100570679
0.010040001943707466 0.9981516003608704 0.9998270273208618 0.9985737800598145 0.9977250099182129 0.9981492161750793 0.00887102261185646 0.9980015754699707 0.9998854398727417 0.997800886631012 0.998199999332428 0.9980003833770752
0.010441324673593044 0.9980016946792603 0.9997855424880981 0.9983987212181091 0.9976000189781189 0.9979991912841797 0.00984877347946167 0.9982014298439026 0.9998720288276672 0.998199999332428 0.998199999332428 0.998199999332428
0.009847825393080711 0.9981265664100647 0.9998068809509277 0.9983492493629456 0.9979000091552734 0.9981245994567871 0.008427849039435387 0.998501181602478 0.9998855590820312 0.9987992644309998 0.998199999332428 0.9984995126724243
0.009849702939391136 0.9979767203330994 0.9997929334640503 0.9984235763549805 0.9975249767303467 0.9979740381240845 0.008498276583850384 0.998501181602478 0.9998863339424133 0.9987992644309998 0.998199999332428 0.9984995126724243
0.009717891924083233 0.9980641603469849 0.9998428225517273 0.9985236525535583 0.9976000189781189 0.9980615973472595 0.008204393088817596 0.9987010359764099 0.9998875856399536 0.9989994168281555 0.9983999729156494 0.9986996650695801
0.009860781952738762 0.9983139038085938 0.999778687953949 0.9986241459846497 0.9980000257492065 0.9983119368553162 0.00908746663480997 0.998501181602478 0.9998818635940552 0.9987992644309998 0.998199999332428 0.9984995126724243
0.009679076261818409 0.9979517459869385 0.999857485294342 0.9983486533164978 0.9975500106811523 0.9979491233825684 0.00845389161258936 0.998501181602478 0.9998870491981506 0.9987992644309998 0.998199999332428 0.9984995126724243
0.009192184545099735 0.9983763694763184 0.9998219013214111 0.9985993504524231 0.9981499910354614 0.9983745813369751 0.009270119480788708 0.9986011385917664 0.9998797178268433 0.9989991784095764 0.998199999332428 0.9985994100570679
0.009204870089888573 0.9982015490531921 0.999887228012085 0.9985240697860718 0.9978749752044678 0.998199462890625 0.008562235161662102 0.9986011385917664 0.9998878836631775 0.9984006285667419 0.9987999796867371 0.9986002445220947
0.008990277536213398 0.9981890320777893 0.9998752474784851 0.998573899269104 0.9977999925613403 0.9981868267059326 0.008486686274409294 0.9984012842178345 0.9998892545700073 0.9983999729156494 0.9983999729156494 0.9983999729156494
0.009031945839524269 0.9983639121055603 0.9998480081558228 0.9988488554954529 0.9978749752044678 0.9983616471290588 0.007986386306583881 0.998501181602478 0.9998889565467834 0.9987992644309998 0.998199999332428 0.9984995126724243
0.009260952472686768 0.9981265664100647 0.9998854994773865 0.9984240531921387 0.997825026512146 0.9981244802474976 0.008162461221218109 0.9987010359764099 0.9998890161514282 0.998799741268158 0.9986000061035156 0.9986998438835144
0.009213374927639961 0.9982889294624329 0.9998496770858765 0.9985243082046509 0.9980499744415283 0.9982870817184448 0.009543013758957386 0.9982014298439026 0.999879777431488 0.9987985491752625 0.9976000189781189 0.998198926448822
0.009172464720904827 0.9981640577316284 0.9998741745948792 0.9985488653182983 0.9977750182151794 0.998161792755127 0.008314255625009537 0.9986011385917664 0.9998871088027954 0.9987995028495789 0.9983999729156494 0.998599648475647
0.008911600336432457 0.9983389377593994 0.9998148083686829 0.9987489581108093 0.9979249835014343 0.9983368515968323 0.008664713241159916 0.9986011385917664 0.9997900724411011 0.9984006285667419 0.9987999796867371 0.9986002445220947
0.009332303889095783 0.9982015490531921 0.9998236298561096 0.9985240697860718 0.9978749752044678 0.998199462890625 0.008254044689238071 0.998501181602478 0.999883770942688 0.9987992644309998 0.998199999332428 0.9984995126724243
0.008644341491162777 0.9984887838363647 0.9998538494110107 0.9988491535186768 0.9981250166893005 0.9984869360923767 0.0074013033881783485 0.9987010359764099 0.9998922348022461 0.998799741268158 0.9986000061035156 0.9986998438835144
0.008428052999079227 0.9984887838363647 0.9998434782028198 0.9986745119094849 0.9983000159263611 0.9984872937202454 0.007936879061162472 0.9987010359764099 0.9998883008956909 0.998799741268158 0.9986000061035156 0.9986998438835144
0.008909162133932114 0.9983264207839966 0.9998498558998108 0.9987988471984863 0.9978500008583069 0.9983242154121399 0.008933046832680702 0.998501181602478 0.9998883008956909 0.9978030920028687 0.9991999864578247 0.9985010027885437
0.008660395629703999 0.998438835144043 0.9998396635055542 0.9987242817878723 0.9981499910354614 0.9984370470046997 0.007999896071851254 0.9987010359764099 0.9997921586036682 0.9986003041267395 0.9987999796867371 0.9987001419067383
0.008840248920023441 0.9983014464378357 0.9998524188995361 0.9986490607261658 0.99795001745224 0.9982993602752686 0.008346863090991974 0.9983013868331909 0.9998875856399536 0.9991985559463501 0.9973999857902527 0.9982984662055969
0.008489793166518211 0.9984138607978821 0.999855101108551 0.9986992478370667 0.9981250166893005 0.9984120726585388 0.007686729542911053 0.998501181602478 0.9998898506164551 0.9984003305435181 0.9986000061035156 0.9985001683235168
0.00845483597368002 0.9982889294624329 0.9998657703399658 0.998649001121521 0.9979249835014343 0.9982869029045105 0.00908481702208519 0.9987010359764099 0.9995853304862976 0.9993991851806641 0.9980000257492065 0.9986991286277771
0.008900262415409088 0.9983264207839966 0.9998255968093872 0.9986740946769714 0.9979749917984009 0.998324453830719 0.008742210455238819 0.9984012842178345 0.9999816417694092 0.9993987679481506 0.9973999857902527 0.9983983635902405
0.008692009374499321 0.9984263181686401 0.9998396635055542 0.9988240599632263 0.9980250000953674 0.9984243512153625 0.008098392747342587 0.9987010359764099 0.9998867511749268 0.998799741268158 0.9986000061035156 0.9986998438835144
0.008657940663397312 0.998451292514801 0.9998502731323242 0.9987991452217102 0.9980999827384949 0.998449444770813 0.008834785781800747 0.9986011385917664 0.9997878074645996 0.9984006285667419 0.9987999796867371 0.9986002445220947
0.008585194125771523 0.9985013008117676 0.9998771548271179 0.9987992644309998 0.998199999332428 0.9984995126724243 0.00830903835594654 0.9987010359764099 0.9998880624771118 0.9993991851806641 0.9980000257492065 0.9986991286277771
0.008647168055176735 0.9983389377593994 0.9998639822006226 0.9985494017601013 0.9981250166893005 0.9983372092247009 0.007759443949908018 0.9986011385917664 0.9998909831047058 0.9986000061035156 0.9986000061035156 0.9986000061035156
0.00817914493381977 0.9986386299133301 0.9998793601989746 0.9987746477127075 0.9984999895095825 0.998637318611145 0.007697630673646927 0.9986011385917664 0.9998908638954163 0.9986000061035156 0.9986000061035156 0.9986000061035156
0.008165333420038223 0.9985637068748474 0.9998793601989746 0.9988493323326111 0.9982749819755554 0.9985620379447937 0.008203977718949318 0.9984012842178345 0.9998894333839417 0.9983999729156494 0.9983999729156494 0.9983999729156494
0.008905206806957722 0.9983888864517212 0.9998498558998108 0.9988988637924194 0.9978749752044678 0.9983866214752197 0.007481198292225599 0.9988009333610535 0.999893307685852 0.9986005425453186 0.9990000128746033 0.9988002181053162
0.008103915490210056 0.9985637068748474 0.9998828768730164 0.9987495541572571 0.9983749985694885 0.998562216758728 0.008290725760161877 0.9986011385917664 0.9996891021728516 0.9995992183685303 0.9976000189781189 0.998598575592041
0.008193593472242355 0.998451292514801 0.9998824596405029 0.9986743927001953 0.9982249736785889 0.9984496235847473 0.0070564658381044865 0.9988009333610535 0.9998921751976013 0.9989995956420898 0.9986000061035156 0.998799741268158
0.008308133110404015 0.9984013438224792 0.9998424053192139 0.9987491369247437 0.9980499744415283 0.9983994364738464 0.007175799459218979 0.9987010359764099 0.9998926520347595 0.9989994168281555 0.9983999729156494 0.9986996650695801
0.008133410476148129 0.9986511468887329 0.9998202919960022 0.9989244341850281 0.9983749985694885 0.9986495971679688 0.007211024407297373 0.9988009333610535 0.9998915791511536 0.9989995956420898 0.9986000061035156 0.998799741268158
0.008184323087334633 0.9985512495040894 0.9998791813850403 0.9989491701126099 0.9981499910354614 0.9985494613647461 0.007709556724876165 0.9988009333610535 0.9998897910118103 0.9991993308067322 0.9983999729156494 0.9987994432449341
0.008041615597903728 0.9985637068748474 0.9998583197593689 0.9989741444587708 0.9981499910354614 0.9985618591308594 0.007192270830273628 0.9987010359764099 0.9998914003372192 0.998799741268158 0.9986000061035156 0.9986998438835144
0.00815316941589117 0.9985637068748474 0.999904453754425 0.9988992810249329 0.9982249736785889 0.9985620379447937 0.007291494403034449 0.9988009333610535 0.999890923500061 0.9987999796867371 0.9987999796867371 0.9987999796867371
0.008394135162234306 0.9985387325286865 0.9998272657394409 0.9987993836402893 0.9982749819755554 0.9985371232032776 0.0073017398826777935 0.9987010359764099 0.9998916387557983 0.9989994168281555 0.9983999729156494 0.9986996650695801
0.00810422096401453 0.9985762238502502 0.9998686909675598 0.9989742040634155 0.9981750249862671 0.998574435710907 0.007404844276607037 0.998501181602478 0.9998905062675476 0.9984003305435181 0.9986000061035156 0.9985001683235168
0.008482309989631176 0.9986011981964111 0.9998188614845276 0.9990491271018982 0.9981499910354614 0.9985994100570679 0.006741675548255444 0.9988009333610535 0.9998944997787476 0.9986005425453186 0.9990000128746033 0.9988002181053162
0.007947727106511593 0.9986511468887329 0.9998695254325867 0.998999297618866 0.9983000159263611 0.998649537563324 0.0074089812114834785 0.9988009333610535 0.9998925924301147 0.9987999796867371 0.9987999796867371 0.9987999796867371
0.00821364764124155 0.9986511468887329 0.9998173713684082 0.998999297618866 0.9983000159263611 0.998649537563324 0.006961060222238302 0.9990007877349854 0.9998910427093506 0.9993995428085327 0.9986000061035156 0.9989995956420898
0.007613233756273985 0.9986136555671692 0.9998718500137329 0.9988494515419006 0.9983749985694885 0.9986121654510498 0.00659615732729435 0.9990007877349854 0.9998941421508789 0.9993995428085327 0.9986000061035156 0.9989995956420898
0.007632894907146692 0.9987760186195374 0.9998593330383301 0.999024510383606 0.9985250234603882 0.9987747073173523 0.008358165621757507 0.9986011385917664 0.9997853636741638 0.9986000061035156 0.9986000061035156 0.9986000061035156
0.007917497307062149 0.9987136125564575 0.9998319745063782 0.9989744424819946 0.998449981212616 0.9987121820449829 0.00757593521848321 0.9988009333610535 0.9998935461044312 0.9986005425453186 0.9990000128746033 0.9988002181053162
0.008667717687785625 0.998451292514801 0.999864399433136 0.9987991452217102 0.9980999827384949 0.998449444770813 0.006973835173994303 0.9988009333610535 0.999893844127655 0.9986005425453186 0.9990000128746033 0.9988002181053162
0.00806305930018425 0.9985262751579285 0.9998564124107361 0.9988242983818054 0.9982249736785889 0.9985244870185852 0.006987215019762516 0.9988009333610535 0.9999914765357971 0.9989995956420898 0.9986000061035156 0.998799741268158
0.007926187478005886 0.9985137581825256 0.9998703002929688 0.9988492131233215 0.9981750249862671 0.9985119700431824 0.006062949076294899 0.9991007447242737 0.9999937415122986 0.9991998672485352 0.9990000128746033 0.999099850654602
0.00795795489102602 0.9984887838363647 0.9998933672904968 0.9988991022109985 0.998075008392334 0.9984869360923767 0.006586592644453049 0.9989008903503418 0.9998934864997864 0.9989997744560242 0.9987999796867371 0.9988998770713806
0.007589502260088921 0.9986761212348938 0.9998722076416016 0.9990243315696716 0.998324990272522 0.9986745715141296 0.007033856585621834 0.9989008903503418 0.9998925924301147 0.9988002181053162 0.9990000128746033 0.9989001154899597
0.007509961724281311 0.9987885355949402 0.9998860359191895 0.998974621295929 0.9986000061035156 0.9987872838973999 0.00727309612557292 0.9989008903503418 0.9998908042907715 0.9993994235992432 0.9983999729156494 0.9988994598388672
0.008238536305725574 0.9985137581825256 0.9998794198036194 0.9989241361618042 0.9980999827384949 0.9985119104385376 0.007366739213466644 0.9986011385917664 0.999888002872467 0.9995992183685303 0.9976000189781189 0.998598575592041
0.007712871767580509 0.9986386299133301 0.999869704246521 0.9989243745803833 0.9983500242233276 0.9986371397972107 0.00702650984749198 0.9989008903503418 0.999793291091919 0.9989997744560242 0.9987999796867371 0.9988998770713806
0.007558888755738735 0.9987136125564575 0.9998467564582825 0.9991492629051208 0.9982749819755554 0.9987119436264038 0.007397175766527653 0.9986011385917664 0.9999910593032837 0.9995992183685303 0.9976000189781189 0.998598575592041
0.007909654639661312 0.998626172542572 0.999845564365387 0.9988744258880615 0.9983749985694885 0.9986246824264526 0.007746892515569925 0.9987010359764099 0.9995908141136169 0.9989994168281555 0.9983999729156494 0.9986996650695801
0.007677797693759203 0.9985013008117676 0.9999073147773743 0.9988991022109985 0.9980999827384949 0.9984993934631348 0.007695313077419996 0.998501181602478 0.9997925162315369 0.9984003305435181 0.9986000061035156 0.9985001683235168
0.008061427623033524 0.9985262751579285 0.9998802542686462 0.9988242983818054 0.9982249736785889 0.9985244870185852 0.008688844740390778 0.9984012842178345 0.9998805522918701 0.9989988207817078 0.9977999925613403 0.9983990788459778
0.0073837595991790295 0.9988260269165039 0.9998847246170044 0.9991744160652161 0.9984750151634216 0.9988245964050293 0.008140788413584232 0.9986011385917664 0.9997884035110474 0.9989991784095764 0.998199999332428 0.9985994100570679
0.00768181262537837 0.9987510442733765 0.9998571276664734 0.999074399471283 0.9984250068664551 0.9987495541572571 0.007582579739391804 0.9987010359764099 0.9998908638954163 0.9991992115974426 0.998199999332428 0.9986993670463562
0.007589375600218773 0.9987760186195374 0.9998341798782349 0.9990494847297668 0.9984999895095825 0.9987746477127075 0.006789887323975563 0.9992006421089172 0.9998916387557983 0.9995996952056885 0.9987999796867371 0.999199628829956
0.007517804857343435 0.9988260269165039 0.9998467564582825 0.9990745186805725 0.99857497215271 0.9988247156143188 0.007301216013729572 0.9990007877349854 0.9998903870582581 0.9993995428085327 0.9986000061035156 0.9989995956420898
0.007565000560134649 0.9986511468887329 0.999883770942688 0.9988994598388672 0.9983999729156494 0.9986496567726135 0.006612459663301706 0.9990007877349854 0.9998940229415894 0.9993995428085327 0.9986000061035156 0.9989995956420898
0.007279431913048029 0.9988759756088257 0.9998978972434998 0.9991495609283447 0.9986000061035156 0.9988747239112854 0.007636904250830412 0.9989008903503418 0.9997881054878235 0.9991995096206665 0.9986000061035156 0.9988996982574463
0.00762255908921361 0.9987136125564575 0.9998947978019714 0.9990493655204773 0.9983749985694885 0.9987120628356934 0.00731036439538002 0.9989008903503418 0.9998905658721924 0.9989997744560242 0.9987999796867371 0.9988998770713806
0.0075789764523506165 0.9986386299133301 0.9998587369918823 0.9988994002342224 0.9983749985694885 0.9986371397972107 0.006562345661222935 0.9990007877349854 0.9998947381973267 0.9988004565238953 0.9991999864578247 0.9990001916885376
0.00752548361197114 0.9986761212348938 0.9999234676361084 0.9989244341850281 0.9984250068664551 0.9986746311187744 0.0070820036344230175 0.9988009333610535 0.9998922944068909 0.9989995956420898 0.9986000061035156 0.998799741268158
0.007545077241957188 0.9988009929656982 0.9998706579208374 0.9990994334220886 0.9984999895095825 0.9987996816635132 0.0065194242633879185 0.9988009333610535 0.9999925494194031 0.9993993043899536 0.998199999332428 0.9987992644309998
0.007082502357661724 0.9988884329795837 0.9998868703842163 0.9991745352745056 0.9986000061035156 0.9988871216773987 0.0063095614314079285 0.9989008903503418 0.9999950528144836 0.9991995096206665 0.9986000061035156 0.9988996982574463
0.007476349826902151 0.9987136125564575 0.999896228313446 0.9990993142127991 0.998324990272522 0.9987119436264038 0.008690484799444675 0.9988009333610535 0.9994924068450928 0.9995993375778198 0.9980000257492065 0.9987990260124207
0.0072368900291621685 0.998838484287262 0.9998854398727417 0.9990496039390564 0.9986249804496765 0.9988372325897217 0.006090146489441395 0.9990007877349854 0.9998955130577087 0.9991996884346008 0.9987999796867371 0.9989997744560242
0.0071931625716388226 0.9988884329795837 0.9998729228973389 0.999099612236023 0.9986749887466431 0.9988872408866882 0.00652413722127676 0.9987010359764099 0.9999935626983643 0.9989994168281555 0.9983999729156494 0.9986996650695801
0.007198868319392204 0.9987885355949402 0.9998840689659119 0.999249279499054 0.998324990272522 0.9987868666648865 0.007975040003657341 0.9988009333610535 0.9999851584434509 0.9993993043899536 0.998199999332428 0.9987992644309998
0.00717844208702445 0.9986886382102966 0.9998860955238342 0.9990742802619934 0.9983000159263611 0.9986869692802429 0.006965911015868187 0.9987010359764099 0.9999911785125732 0.999599277973175 0.9977999925613403 0.9986988306045532
0.007152463775128126 0.9987385869026184 0.9999464750289917 0.9990494251251221 0.9984250068664551 0.998737096786499 0.007445439230650663 0.9988009333610535 0.9999889135360718 0.9993993043899536 0.998199999332428 0.9987992644309998
0.007324990816414356 0.9987760186195374 0.9998594522476196 0.9991493821144104 0.9983999729156494 0.9987745881080627 0.00683716032654047 0.9989008903503418 0.9999886155128479 0.9991995096206665 0.9986000061035156 0.9988996982574463
0.007208505179733038 0.9987010955810547 0.9999122023582458 0.9989994168281555 0.9983999729156494 0.9986996650695801 0.006412297021597624 0.9988009333610535 0.9998939633369446 0.9986005425453186 0.9990000128746033 0.9988002181053162
0.007123277056962252 0.9987885355949402 0.999898374080658 0.999024510383606 0.9985499978065491 0.9987871646881104 0.006451515946537256 0.9989008903503418 0.9998942017555237 0.9988002181053162 0.9990000128746033 0.9989001154899597
0.0072184354066848755 0.9986886382102966 0.9998753070831299 0.9989244937896729 0.998449981212616 0.9986871480941772 0.006547083146870136 0.9990007877349854 0.9998922944068909 0.9993995428085327 0.9986000061035156 0.9989995956420898
0.007134678773581982 0.9987635612487793 0.9998871684074402 0.9989995360374451 0.9985250234603882 0.9987622499465942 0.006689825560897589 0.9986011385917664 0.9999920725822449 0.9991990327835083 0.9980000257492065 0.9985991716384888
0.007042587734758854 0.9988510012626648 0.9999226927757263 0.9991744756698608 0.9985250234603882 0.998849630355835 0.006944060325622559 0.9991007447242737 0.9999908804893494 0.9995995759963989 0.9986000061035156 0.9990994930267334
0.007284931838512421 0.9986511468887329 0.9998863339424133 0.9989244341850281 0.9983749985694885 0.9986495971679688 0.007873078808188438 0.9986011385917664 0.9995906949043274 0.9989991784095764 0.998199999332428 0.9985994100570679
0.00715336948633194 0.9988135099411011 0.9998487830162048 0.9990994930267334 0.9985250234603882 0.9988121390342712 0.006631037220358849 0.9989008903503418 0.9997959136962891 0.9988002181053162 0.9990000128746033 0.9989001154899597
0.00677303783595562 0.9989134073257446 0.9998751878738403 0.9993244409561157 0.9984999895095825 0.9989120364189148 0.007214691024273634 0.9986011385917664 0.9999899864196777 0.9991990327835083 0.9980000257492065 0.9985991716384888
0.007417808286845684 0.9986761212348938 0.9999210238456726 0.9990742802619934 0.9982749819755554 0.9986745119094849 0.0061976173892617226 0.9991007447242737 0.9999933242797852 0.9993996620178223 0.9987999796867371 0.9990996718406677
0.006644257809966803 0.9988759756088257 0.9999263286590576 0.999099612236023 0.9986500144004822 0.9988747835159302 0.007176368031650782 0.9988009333610535 0.9998896718025208 0.9989995956420898 0.9986000061035156 0.998799741268158
0.0067984191700816154 0.9989134073257446 0.9998867511749268 0.9993244409561157 0.9984999895095825 0.9989120364189148 0.00611887127161026 0.9990007877349854 0.9998942017555237 0.9990000128746033 0.9990000128746033 0.9990000128746033
0.007295119110494852 0.9987260699272156 0.9998955726623535 0.9990993142127991 0.9983500242233276 0.9987245202064514 0.006912676617503166 0.9989008903503418 0.9998894929885864 0.9991995096206665 0.9986000061035156 0.9988996982574463
0.006936585996299982 0.9988634586334229 0.9998738765716553 0.9991495013237 0.99857497215271 0.998862087726593 0.006984958425164223 0.9988009333610535 0.9998931884765625 0.9986005425453186 0.9990000128746033 0.9988002181053162
0.006971206050366163 0.9988510012626648 0.999897837638855 0.9992493987083435 0.998449981212616 0.9988495707511902 0.007034860551357269 0.9988009333610535 0.9998889565467834 0.9991993308067322 0.9983999729156494 0.9987994432449341
0.007005331572145224 0.9988260269165039 0.9999103546142578 0.9991744160652161 0.9984750151634216 0.9988245964050293 0.006886360235512257 0.9988009333610535 0.9999897480010986 0.9991993308067322 0.9983999729156494 0.9987994432449341
0.006692692171782255 0.9988759756088257 0.9999129176139832 0.9991245865821838 0.9986249804496765 0.9988747239112854 0.006602160632610321 0.9989008903503418 0.99989253282547 0.9989997744560242 0.9987999796867371 0.9988998770713806
0.0068266610614955425 0.9989508986473083 0.9999001622200012 0.9992495775222778 0.9986500144004822 0.9989497065544128 0.0060111153870821 0.9990007877349854 0.9998952150344849 0.9990000128746033 0.9990000128746033 0.9990000128746033
0.007257609162479639 0.9987760186195374 0.9998741745948792 0.9991743564605713 0.9983749985694885 0.9987745881080627 0.00606909766793251 0.9989008903503418 0.9999949336051941 0.9991995096206665 0.9986000061035156 0.9988996982574463
0.007150706835091114 0.9988135099411011 0.9998484253883362 0.9991494417190552 0.9984750151634216 0.9988121390342712 0.006727435160428286 0.9990007877349854 0.9999904036521912 0.9993995428085327 0.9986000061035156 0.9989995956420898
0.006665041670203209 0.9988634586334229 0.9999133348464966 0.9991994500160217 0.9985250234603882 0.998862087726593 0.007234334014356136 0.9983013868331909 0.9998931288719177 0.9976033568382263 0.9990000128746033 0.9983012080192566
0.007638745475560427 0.9987010955810547 0.9998315572738647 0.9990243911743164 0.9983749985694885 0.9986996650695801 0.006993923336267471 0.9988009333610535 0.9999893307685852 0.9989995956420898 0.9986000061035156 0.998799741268158
0.006964589469134808 0.9987885355949402 0.999851644039154 0.999024510383606 0.9985499978065491 0.9987871646881104 0.0063560474663972855 0.9990007877349854 0.9999918341636658 0.9991996884346008 0.9987999796867371 0.9989997744560242
0.006730527151376009 0.9987760186195374 0.9999257922172546 0.9991743564605713 0.9983749985694885 0.9987745881080627 0.006601672153919935 0.9988009333610535 0.99998939037323 0.9993993043899536 0.998199999332428 0.9987992644309998
0.007500611711293459 0.9986386299133301 0.9999067783355713 0.9989743232727051 0.9983000159263611 0.9986370205879211 0.007489052135497332 0.9989008903503418 0.9998825788497925 0.9991995096206665 0.9986000061035156 0.9988996982574463
0.006934178527444601 0.9988510012626648 0.9998614192008972 0.9991245269775391 0.99857497215271 0.9988496899604797 0.005974180065095425 0.9989008903503418 0.9999926090240479 0.9989997744560242 0.9987999796867371 0.9988998770713806
0.006986877415329218 0.9987885355949402 0.9998870491981506 0.9989995956420898 0.99857497215271 0.9987872242927551 0.006626402959227562 0.9988009333610535 0.9998920559883118 0.9991993308067322 0.9983999729156494 0.9987994432449341
0.007080817595124245 0.9987885355949402 0.999886155128479 0.9991743564605713 0.9983999729156494 0.998786985874176 0.007510737981647253 0.9989008903503418 0.999786913394928 0.9993994235992432 0.9983999729156494 0.9988994598388672
0.0065964097157120705 0.9989259243011475 0.9998880624771118 0.9993244409561157 0.9985250234603882 0.9989246129989624 0.006407495122402906 0.9988009333610535 0.9998930096626282 0.9987999796867371 0.9987999796867371 0.9987999796867371
0.00680426275357604 0.9989134073257446 0.9998733401298523 0.9991745948791504 0.9986500144004822 0.9989122152328491 0.005678250454366207 0.9991007447242737 0.9999950528144836 0.9995995759963989 0.9986000061035156 0.9990994930267334
0.006709668319672346 0.9989009499549866 0.9998998641967773 0.9991245865821838 0.9986749887466431 0.9988996982574463 0.006244984921067953 0.9990007877349854 0.9999940395355225 0.9995995163917542 0.9983999729156494 0.9989994168281555
0.006533701904118061 0.9988260269165039 0.9999400973320007 0.9990745186805725 0.99857497215271 0.9988247156143188 0.005897796247154474 0.9990007877349854 0.999994158744812 0.9993995428085327 0.9986000061035156 0.9989995956420898
0.006762080825865269 0.9989259243011475 0.9998753666877747 0.9991995692253113 0.9986500144004822 0.998924732208252 0.005906749051064253 0.9992006421089172 0.9998952150344849 0.9993997812271118 0.9990000128746033 0.9991998672485352
0.006914553232491016 0.9988759756088257 0.9998615384101868 0.9990746378898621 0.9986749887466431 0.998874843120575 0.005876334384083748 0.9988009333610535 0.9999955892562866 0.9989995956420898 0.9986000061035156 0.998799741268158
0.006876196246594191 0.9989259243011475 0.999873697757721 0.999274492263794 0.99857497215271 0.9989246129989624 0.0056276400573551655 0.9990007877349854 0.9998956918716431 0.9990000128746033 0.9990000128746033 0.9990000128746033
