loss_s0129 accuracy_s0129 val_auc_s0129 precision_s0129 recall_s0129 f1_score_s0129 val_loss_s0129 val_accuracy_s0129 val_val_auc_s0129 val_precision_s0129 val_recall_s0129 val_f1_score_s0129
0.2751348316669464 0.9135984182357788 0.9639052152633667 0.9064926505088806 0.9221749901771545 0.9142665266990662 0.14656482636928558 0.9631295204162598 0.9882075190544128 0.9446898698806763 0.9837999939918518 0.963848352432251
0.12707337737083435 0.9619198441505432 0.9882725477218628 0.9610921144485474 0.9627500176429749 0.9619203805923462 0.11831618845462799 0.9696242809295654 0.993354320526123 0.9532818794250488 0.9876000285148621 0.9701375365257263
0.09733300656080246 0.9714992046356201 0.9925062656402588 0.9709334373474121 0.9720500111579895 0.9714914560317993 0.09175506979227066 0.9777178168296814 0.9956483244895935 0.9673253893852234 0.9887999892234802 0.9779448509216309
0.08086816966533661 0.976982057094574 0.994408905506134 0.9768790602684021 0.9770500063896179 0.9769644737243652 0.10517966002225876 0.9767186045646667 0.9962139129638672 0.9607577919960022 0.9940000176429749 0.9770962595939636
0.06912734359502792 0.9807413816452026 0.9956734776496887 0.9807730913162231 0.9806749820709229 0.980724036693573 0.058869194239377975 0.9882094264030457 0.9972392320632935 0.9862549901008606 0.9901999831199646 0.9882235527038574
0.05934717878699303 0.9841009974479675 0.9967209696769714 0.9845114350318909 0.9836500287055969 0.9840805530548096 0.07107149064540863 0.9861111044883728 0.9975435733795166 0.9785391092300415 0.9940000176429749 0.9862089157104492
0.05373547226190567 0.9859619140625 0.997033417224884 0.9863390922546387 0.9855499863624573 0.9859444499015808 0.08068003505468369 0.9839128851890564 0.9976490139961243 0.9754372239112854 0.9927999973297119 0.9840420484542847
0.04861876368522644 0.9878353476524353 0.9975594878196716 0.9887046813964844 0.9869250059127808 0.9878140687942505 0.06066334620118141 0.9883093237876892 0.9981091618537903 0.9829871654510498 0.9937999844551086 0.988364040851593
0.04591831937432289 0.9879352450370789 0.9978094100952148 0.9884623289108276 0.987375020980835 0.9879183769226074 0.08334390819072723 0.9823141694068909 0.9980549216270447 0.9707202911376953 0.9945999979972839 0.9825150370597839
0.04432522505521774 0.9889469146728516 0.9978882074356079 0.990175187587738 0.9876750111579895 0.9889235496520996 0.07760071009397507 0.9845123887062073 0.9981760382652283 0.974906861782074 0.9945999979972839 0.98465496301651
0.04309966415166855 0.9890843033790588 0.9979067444801331 0.9902761578559875 0.98785001039505 0.9890615940093994 0.044766124337911606 0.9920064210891724 0.998296856880188 0.9921968579292297 0.9918000102043152 0.9919984340667725
0.04056139290332794 0.9901833534240723 0.9980359077453613 0.9914281368255615 0.9889000058174133 0.9901624917984009 0.033763691782951355 0.9932054281234741 0.9986687898635864 0.9924121499061584 0.9940000176429749 0.9932054877281189
0.039813194423913956 0.9902707934379578 0.9980950951576233 0.9913557767868042 0.9891499876976013 0.9902517199516296 0.03891623765230179 0.9927058219909668 0.9985697865486145 0.9920111894607544 0.993399977684021 0.9927051067352295
0.03869539126753807 0.9902832508087158 0.9981881976127625 0.9914790987968445 0.9890499711036682 0.990263044834137 0.048624590039253235 0.9907074570655823 0.9983910322189331 0.9876763820648193 0.9937999844551086 0.9907287359237671
0.0374145470559597 0.990845263004303 0.9981701970100403 0.9921046495437622 0.989549994468689 0.9908256530761719 0.04332996532320976 0.993405282497406 0.998613715171814 0.9932027459144592 0.9936000108718872 0.993401288986206
0.03629383444786072 0.991032600402832 0.9983747005462646 0.992082953453064 0.9899500012397766 0.9910153150558472 0.07545115798711777 0.9804156422615051 0.9981937408447266 0.9662266969680786 0.9955999851226807 0.9806934595108032
0.03616257384419441 0.9909327030181885 0.9984267950057983 0.9920320510864258 0.989799976348877 0.9909147620201111 0.10025399923324585 0.9446442723274231 0.9980530142784119 0.9035947918891907 0.9954000115394592 0.9472782611846924
0.03587330877780914 0.9913573265075684 0.9984524250030518 0.9929273724555969 0.9897500276565552 0.9913361072540283 0.06216450780630112 0.9888089299201965 0.9985264539718628 0.9828131198883057 0.9950000047683716 0.9888690114021301
0.034453149884939194 0.991419792175293 0.9986122250556946 0.9927799701690674 0.990024983882904 0.9914005398750305 0.06191050633788109 0.9876099228858948 0.9985252618789673 0.9797323942184448 0.9958000183105469 0.987700879573822
0.033423587679862976 0.9914572834968567 0.9985405802726746 0.9929288029670715 0.9899500012397766 0.9914371371269226 0.03844728320837021 0.993804931640625 0.9988075494766235 0.9936025738716125 0.9940000176429749 0.9938012361526489
0.033654309809207916 0.9914323091506958 0.9986987113952637 0.9929778575897217 0.9898499846458435 0.9914114475250244 0.028315747156739235 0.9947042465209961 0.9989649057388306 0.9957907199859619 0.9936000108718872 0.994694173336029
0.0326722115278244 0.992219090461731 0.9986042380332947 0.9933843016624451 0.9910249710083008 0.9922031760215759 0.027088677510619164 0.9943045377731323 0.9989737868309021 0.9953898787498474 0.9932000041007996 0.994293749332428
0.030858920887112617 0.9926437735557556 0.9987306594848633 0.9943057894706726 0.9909499883651733 0.9926251173019409 0.0391707718372345 0.9937050342559814 0.9987795948982239 0.9941942095756531 0.9932000041007996 0.9936968088150024
0.030821606516838074 0.9925938248634338 0.9987426996231079 0.9940325617790222 0.9911249876022339 0.9925767183303833 0.04324183613061905 0.9931055307388306 0.9988532066345215 0.9910376667976379 0.995199978351593 0.9931144714355469
0.03027462027966976 0.9927436709403992 0.998801052570343 0.9941086769104004 0.991349995136261 0.9927274584770203 0.027395280078053474 0.9945043921470642 0.9989987015724182 0.9967852234840393 0.9922000169754028 0.9944873452186584
0.02953176386654377 0.9926437735557556 0.9988956451416016 0.9938845634460449 0.9913750290870667 0.9926282167434692 0.029398765414953232 0.9950039982795715 0.9990206360816956 0.9955947399139404 0.9944000244140625 0.9949970245361328
0.028972970321774483 0.9930683970451355 0.998936116695404 0.9945585131645203 0.9915500283241272 0.9930519461631775 0.03349044919013977 0.9945043921470642 0.9989342093467712 0.9949949979782104 0.9940000176429749 0.9944972395896912
0.02831242047250271 0.9930558800697327 0.9990005493164062 0.9944592118263245 0.9916250109672546 0.993040144443512 0.03137749060988426 0.9947042465209961 0.9988976716995239 0.9957907199859619 0.9936000108718872 0.994694173336029
0.026621436700224876 0.99355548620224 0.9989179968833923 0.9947621822357178 0.9923250079154968 0.9935420155525208 0.023037197068333626 0.9945043921470642 0.9991073608398438 0.9983873963356018 0.9905999898910522 0.9944784045219421
0.026418117806315422 0.9935429692268372 0.9989447593688965 0.9948612451553345 0.9922000169754028 0.9935288429260254 0.02395208366215229 0.9955036044120789 0.9990690350532532 0.996791660785675 0.9941999912261963 0.9954941868782043
0.026317577809095383 0.9934055805206299 0.9990366101264954 0.9947109818458557 0.9920750260353088 0.993391215801239 0.03293721750378609 0.994904100894928 0.9989750981330872 0.9953954219818115 0.9944000244140625 0.9948974847793579
0.026885749772191048 0.9937178492546082 0.9990043640136719 0.9951608180999756 0.9922500252723694 0.993703305721283 0.033147893846035004 0.9954036474227905 0.9990114569664001 0.9955982565879822 0.995199978351593 0.9953990578651428
0.025507556274533272 0.9937178492546082 0.9991089105606079 0.9951856732368469 0.9922249913215637 0.9937031269073486 0.01872473582625389 0.9960032105445862 0.9992010593414307 0.9977920651435852 0.9941999912261963 0.9959928393363953
0.024786867201328278 0.9942173957824707 0.9991355538368225 0.995612621307373 0.9927999973297119 0.9942043423652649 0.022239839658141136 0.9956035017967224 0.9991009831428528 0.9969915747642517 0.9941999912261963 0.995593786239624
0.023838024586439133 0.9942049384117126 0.9992772936820984 0.9955130815505981 0.9928749799728394 0.9941922426223755 0.02007952891290188 0.9960032105445862 0.9991589784622192 0.9975922703742981 0.9944000244140625 0.9959936141967773
0.024188918992877007 0.994354784488678 0.9990800023078918 0.9955641031265259 0.9931250214576721 0.9943430423736572 0.02353566139936447 0.9963029623031616 0.9991648197174072 0.996597945690155 0.9959999918937683 0.9962988495826721
0.024530036374926567 0.9943298101425171 0.9991277456283569 0.995464563369751 0.9931750297546387 0.9943184852600098 0.019930221140384674 0.9959032535552979 0.9991744160652161 0.997791588306427 0.9940000176429749 0.9958921670913696
0.023577071726322174 0.9943298101425171 0.9991380572319031 0.995464563369751 0.9931750297546387 0.9943184852600098 0.01874604821205139 0.9966027140617371 0.9991916418075562 0.9975951910018921 0.9955999851226807 0.99659663438797
0.023471863940358162 0.9942923784255981 0.9991442561149597 0.9952656626701355 0.9933000206947327 0.9942818880081177 0.019838303327560425 0.9965028166770935 0.9991543889045715 0.9983938932418823 0.9945999979972839 0.996493399143219
0.022648580372333527 0.9948168992996216 0.9992480278015137 0.996239185333252 0.9933750033378601 0.9948049783706665 0.01836087368428707 0.9965028166770935 0.9991943836212158 0.9979940056800842 0.9950000047683716 0.996494710445404
0.021742817014455795 0.9949792623519897 0.9992806315422058 0.9960663318634033 0.9938750267028809 0.9949694871902466 0.017395975068211555 0.9967026114463806 0.9993196129798889 0.9979947805404663 0.9954000115394592 0.9966956973075867
0.022029303014278412 0.9948418736457825 0.9992772936820984 0.9958415627479553 0.9938250184059143 0.9948322772979736 0.020169109106063843 0.9965028166770935 0.9993138909339905 0.9973953366279602 0.9955999851226807 0.996496856212616
0.02155299298465252 0.9951041340827942 0.9993627071380615 0.9962413311004639 0.9939500093460083 0.995094358921051 0.02241484820842743 0.9965028166770935 0.9991981983184814 0.9965993165969849 0.996399998664856 0.9964995980262756
0.02132692001760006 0.9950667023658752 0.9992308616638184 0.9961913228034973 0.9939249753952026 0.9950568079948425 0.0171030405908823 0.9967026114463806 0.9993839859962463 0.9977951645851135 0.9955999851226807 0.996696412563324
0.02160824090242386 0.9948918223381042 0.9992477893829346 0.9960408210754395 0.9937250018119812 0.9948815703392029 0.017478661611676216 0.9960032105445862 0.9995745420455933 0.9985926747322083 0.993399977684021 0.9959895610809326
0.02104080468416214 0.9951791167259216 0.9993034601211548 0.9964409470558167 0.9939000010490417 0.9951688647270203 0.0164805818349123 0.9973021745681763 0.9994113445281982 0.9983964562416077 0.9962000250816345 0.9972969889640808
0.02071830816566944 0.9948793649673462 0.99931401014328 0.9961152672767639 0.9936249852180481 0.9948685169219971 0.018624713644385338 0.9969024658203125 0.9993588924407959 0.9975966215133667 0.9962000250816345 0.9968978762626648
0.020243778824806213 0.995328962802887 0.9993090629577637 0.9963922500610352 0.9942499995231628 0.9953199625015259 0.015297597274184227 0.9970024228096008 0.9995038509368896 0.9981956481933594 0.9958000183105469 0.9969964027404785
0.020494580268859863 0.9953914284706116 0.9992466568946838 0.9964175820350647 0.994350016117096 0.9953827261924744 0.01601080782711506 0.9973021745681763 0.9994490742683411 0.9983964562416077 0.9962000250816345 0.9972969889640808
0.019459592178463936 0.9954038858413696 0.9994178414344788 0.9966664910316467 0.9941250085830688 0.9953941106796265 0.01686004363000393 0.9972022175788879 0.9994248151779175 0.9983961582183838 0.9959999918937683 0.997196614742279
0.019510658457875252 0.9952040910720825 0.9994739294052124 0.9964659810066223 0.9939249753952026 0.9951938390731812 0.0166255421936512 0.9970024228096008 0.9993565082550049 0.9975970983505249 0.996399998664856 0.9969981908798218
0.019910726696252823 0.9954413771629333 0.9993354082107544 0.9965423345565796 0.9943249821662903 0.9954323768615723 0.015273244120180607 0.9972022175788879 0.9995921850204468 0.9985960721969604 0.9958000183105469 0.9971960783004761
0.018540034070611 0.9957910776138306 0.9994257688522339 0.9966939687728882 0.9948750138282776 0.9957836270332336 0.014726248569786549 0.9971023201942444 0.9994912147521973 0.9979963898658752 0.9962000250816345 0.9970974326133728
0.017878083512187004 0.9958660006523132 0.9995018839836121 0.9966944456100464 0.9950249791145325 0.9958589673042297 0.01854092814028263 0.9965028166770935 0.9993255734443665 0.9969969987869263 0.9959999918937683 0.9964982867240906
0.01829538121819496 0.9961532950401306 0.9993932247161865 0.997094452381134 0.995199978351593 0.9961463212966919 0.014181194826960564 0.9971023201942444 0.9996702671051025 0.998196005821228 0.9959999918937683 0.997096836566925
0.01903056912124157 0.9956662058830261 0.9994131922721863 0.9968425035476685 0.9944750070571899 0.9956573843955994 0.014194351620972157 0.9973021745681763 0.9995977878570557 0.9985963702201843 0.9959999918937683 0.9972964525222778
0.017962725833058357 0.996090829372406 0.9994441270828247 0.9970940947532654 0.995074987411499 0.9960834980010986 0.013699558563530445 0.9971023201942444 0.9997265338897705 0.9985957741737366 0.9955999851226807 0.9970957040786743
0.01776083931326866 0.9960033893585205 0.9994367361068726 0.9970188736915588 0.9949749708175659 0.995995819568634 0.014102298766374588 0.9972022175788879 0.9992350339889526 0.9983961582183838 0.9959999918937683 0.997196614742279
0.017165645956993103 0.9960533380508423 0.9995140433311462 0.9968200922012329 0.9952750205993652 0.9960469603538513 0.01382172480225563 0.9974020719528198 0.9996004104614258 0.9987966418266296 0.9959999918937683 0.9973963499069214
0.017762718722224236 0.9959534406661987 0.9994984269142151 0.9969688057899475 0.9949250221252441 0.9959458708763123 0.013159578666090965 0.9974020719528198 0.9997217059135437 0.9979975819587708 0.9968000054359436 0.9973984360694885
0.016831817105412483 0.9961407780647278 0.9994452595710754 0.9970197081565857 0.9952499866485596 0.9961340427398682 0.013378678821027279 0.9975019693374634 0.9996051788330078 0.9989969730377197 0.9959999918937683 0.9974961876869202
0.016462387517094612 0.9965029954910278 0.9995894432067871 0.9973953366279602 0.9955999851226807 0.996496856212616 0.012516660615801811 0.9972022175788879 0.9998337626457214 0.9985960721969604 0.9958000183105469 0.9971960783004761
0.0165316890925169 0.9965404272079468 0.9995566606521606 0.9975699782371521 0.9955000281333923 0.9965339303016663 0.012939359992742538 0.9974020719528198 0.9996377825737 0.9989967942237854 0.9958000183105469 0.9973958730697632
0.016133075580000877 0.9963156580924988 0.9994856715202332 0.997170090675354 0.9954500198364258 0.9963093400001526 0.012630021199584007 0.9972022175788879 0.9997406005859375 0.9987961649894714 0.9955999851226807 0.9971954822540283
0.016523228958249092 0.9964655041694641 0.9995198845863342 0.9974699020385742 0.9954500198364258 0.9964589476585388 0.012714891694486141 0.9974020719528198 0.9996410012245178 0.9991971254348755 0.9955999851226807 0.9973952770233154
0.01550145260989666 0.9965404272079468 0.999612033367157 0.9974453449249268 0.9956250190734863 0.9965344071388245 0.011918410658836365 0.9976019263267517 0.9997468590736389 0.9985972046852112 0.9965999722480774 0.9975975751876831
0.015079556033015251 0.9967277646064758 0.9996528625488281 0.9975957870483398 0.9958500266075134 0.9967221021652222 0.012290040031075478 0.9974020719528198 0.9995478391647339 0.9987966418266296 0.9959999918937683 0.9973963499069214
0.015357816591858864 0.9967902302742004 0.9995700120925903 0.9973719120025635 0.9962000250816345 0.9967856407165527 0.011109817773103714 0.998101532459259 0.9998652338981628 0.998598575592041 0.9976000189781189 0.9980989694595337
0.015005020424723625 0.996890127658844 0.9995926022529602 0.9977211952209473 0.9960500001907349 0.9968848824501038 0.011225756257772446 0.998101532459259 0.9999497532844543 0.9991982579231262 0.996999979019165 0.9980978965759277
0.014994298107922077 0.9967652559280396 0.9995984435081482 0.9974713921546936 0.9960500001907349 0.9967601895332336 0.011052163317799568 0.9980015754699707 0.9999553561210632 0.9991980791091919 0.9968000054359436 0.9979975819587708
0.014229209162294865 0.9969400763511658 0.9996798038482666 0.9976466298103333 0.9962249994277954 0.996935248374939 0.012307044118642807 0.9978017807006836 0.9997352957725525 0.9983980655670166 0.9972000122070312 0.9977986812591553
0.014255454763770103 0.9969151020050049 0.9996097683906555 0.9973476529121399 0.9964749813079834 0.9969111680984497 0.011351658962666988 0.9982014298439026 0.999751091003418 0.9989984035491943 0.9973999857902527 0.9981985688209534
0.014291015453636646 0.9968651533126831 0.9996517896652222 0.9976213574409485 0.9961000084877014 0.996860146522522 0.010986186563968658 0.9977018237113953 0.9999580979347229 0.9989973902702332 0.996399998664856 0.9976970553398132
0.014864396303892136 0.9966528415679932 0.9996076226234436 0.9972965121269226 0.9959999918937683 0.9966477751731873 0.018323935568332672 0.995303750038147 0.9992613792419434 0.9993950128555298 0.9911999702453613 0.9952806234359741
0.014552847482264042 0.9971149563789368 0.9995511174201965 0.9979216456413269 0.9962999820709229 0.99711012840271 0.01112196035683155 0.9980015754699707 0.9997607469558716 0.9987980723381042 0.9972000122070312 0.9979983568191528
0.013881790451705456 0.9972148537635803 0.9996597766876221 0.9979718923568726 0.9964500069618225 0.9972103238105774 0.01024757418781519 0.9980015754699707 0.9999656081199646 0.9987980723381042 0.9972000122070312 0.9979983568191528
0.013806450180709362 0.9971399307250977 0.9996628165245056 0.9979217052459717 0.9963499903678894 0.9971351623535156 0.010724934749305248 0.9978017807006836 0.9999639391899109 0.9989975690841675 0.9965999722480774 0.9977973103523254
0.013615495525300503 0.9970899820327759 0.9997016191482544 0.9977220892906189 0.9964500069618225 0.997085690498352 0.010646289214491844 0.998101532459259 0.9999618530273438 0.9991982579231262 0.996999979019165 0.9980978965759277
0.013859099708497524 0.9971524477005005 0.9996610879898071 0.997772216796875 0.99652498960495 0.9971482157707214 0.011084845289587975 0.9983013868331909 0.999756932258606 0.9987987875938416 0.9977999925613403 0.9982991218566895
0.013565925881266594 0.9973022937774658 0.9996601939201355 0.9978975057601929 0.9966999888420105 0.9972984194755554 0.009645541198551655 0.9984012842178345 0.9999724626541138 0.9989988207817078 0.9977999925613403 0.9983990788459778
0.012551694177091122 0.9975770711898804 0.9997068047523499 0.9982975125312805 0.9968500137329102 0.9975732564926147 0.009214264340698719 0.9982014298439026 0.999983549118042 0.9989984035491943 0.9973999857902527 0.9981985688209534
0.012512974441051483 0.9974896311759949 0.9996893405914307 0.9981724619865417 0.9968000054359436 0.9974857568740845 0.009476170875132084 0.9982014298439026 0.99997478723526 0.9991983771324158 0.9972000122070312 0.9981982111930847
0.012608100660145283 0.9973897337913513 0.9997043013572693 0.998147189617157 0.9966250061988831 0.9973855018615723 0.010142193175852299 0.9982014298439026 0.9999614953994751 0.9989984035491943 0.9973999857902527 0.9981985688209534
0.012552252039313316 0.9975895285606384 0.9996899366378784 0.9982725977897644 0.9969000220298767 0.9975858330726624 0.010464264079928398 0.9983013868331909 0.9998791217803955 0.998001217842102 0.9986000061035156 0.9983005523681641
0.012623334303498268 0.9974396824836731 0.999690592288971 0.9980226755142212 0.9968500137329102 0.997435986995697 0.009762044064700603 0.9983013868331909 0.9999682903289795 0.9987987875938416 0.9977999925613403 0.9982991218566895
0.012453047558665276 0.9975520968437195 0.9997380971908569 0.9979483485221863 0.9971500039100647 0.9975489974021912 0.009025565348565578 0.9980015754699707 0.9999861717224121 0.9991980791091919 0.9968000054359436 0.9979975819587708
0.01240972988307476 0.9973522424697876 0.9997029900550842 0.9979724884033203 0.9967250227928162 0.9973483085632324 0.009373056702315807 0.9986011385917664 0.9999700784683228 0.9991990327835083 0.9980000257492065 0.9985991716384888
0.012742158025503159 0.9973522424697876 0.999671220779419 0.9978229403495789 0.996874988079071 0.9973487257957458 0.00857838336378336 0.9987010359764099 0.9999822974205017 0.9993991851806641 0.9980000257492065 0.9986991286277771
0.012097683735191822 0.9974271655082703 0.9998073577880859 0.9980725049972534 0.9967749714851379 0.9974232912063599 0.009959193877875805 0.9984012842178345 0.9998725652694702 0.9987990260124207 0.9980000257492065 0.9983993768692017
0.011993613094091415 0.9975021481513977 0.9997377991676331 0.9980977177619934 0.9969000220298767 0.9974985122680664 0.00961995404213667 0.998501181602478 0.9999674558639526 0.9987992644309998 0.998199999332428 0.9984995126724243
0.011461721733212471 0.9976769685745239 0.9997417330741882 0.9983477592468262 0.996999979019165 0.9976733922958374 0.008980417624115944 0.998501181602478 0.9999810457229614 0.9985997080802917 0.9983999729156494 0.9984998106956482
0.012102254666388035 0.9976394772529602 0.9996809363365173 0.9981480836868286 0.9971250295639038 0.9976362586021423 0.009395081549882889 0.9984012842178345 0.9999685883522034 0.9991987347602844 0.9976000189781189 0.9983987212181091
0.011891352944076061 0.9975895285606384 0.9997298717498779 0.9981728792190552 0.996999979019165 0.9975860714912415 0.009681603871285915 0.9986011385917664 0.9999781847000122 0.9986000061035156 0.9986000061035156 0.9986000061035156
0.01164295058697462 0.9976769685745239 0.999797523021698 0.9982729554176331 0.9970750212669373 0.9976736307144165 0.010706252418458462 0.9978017807006836 0.9995760917663574 0.9989975690841675 0.9965999722480774 0.9977973103523254
0.012004067189991474 0.9974896311759949 0.9997366070747375 0.9980228543281555 0.9969499707221985 0.9974861145019531 0.008367098867893219 0.9986011385917664 0.9999861717224121 0.9987995028495789 0.9983999729156494 0.998599648475647
0.011433911509811878 0.9975770711898804 0.9997753500938416 0.9980980157852173 0.9970499873161316 0.997573733329773 0.008613793179392815 0.9986011385917664 0.9999811053276062 0.9991990327835083 0.9980000257492065 0.9985991716384888
0.011114446446299553 0.9978143572807312 0.9997804164886475 0.9982734322547913 0.9973499774932861 0.9978115558624268 0.009317992255091667 0.9984012842178345 0.9999778866767883 0.9985994100570679 0.998199999332428 0.9983996152877808
0.011192334815859795 0.9978143572807312 0.9997754693031311 0.9984230399131775 0.9972000122070312 0.9978111386299133 0.008505281992256641 0.9988009333610535 0.9999841451644897 0.9991993308067322 0.9983999729156494 0.9987994432449341
0.011339766904711723 0.997826874256134 0.9997535347938538 0.998522937297821 0.9971250295639038 0.9978235363960266 0.00838310644030571 0.9986011385917664 0.999984860420227 0.9987995028495789 0.9983999729156494 0.998599648475647
0.011455991305410862 0.9978018403053284 0.9997642636299133 0.9982483983039856 0.9973499774932861 0.9977990388870239 0.008721581660211086 0.9989008903503418 0.9999768733978271 0.9993994235992432 0.9983999729156494 0.9988994598388672
0.011045609600841999 0.9977768659591675 0.9998512864112854 0.9982234239578247 0.9973250031471252 0.9977740049362183 0.00816161185503006 0.9988009333610535 0.9999862313270569 0.9991993308067322 0.9983999729156494 0.9987994432449341
0.01077976357191801 0.9979017972946167 0.9997938871383667 0.9983734488487244 0.9974250197410583 0.9978989958763123 0.009087850339710712 0.9986011385917664 0.9999775290489197 0.9987995028495789 0.9983999729156494 0.998599648475647
0.011048589833080769 0.9975645542144775 0.9998170137405396 0.9979234933853149 0.9972000122070312 0.9975616335868835 0.008813519030809402 0.9986011385917664 0.9999812245368958 0.9989991784095764 0.998199999332428 0.9985994100570679
0.01100565493106842 0.9977644085884094 0.9997836947441101 0.9984478950500488 0.9970750212669373 0.9977609515190125 0.008028757758438587 0.9987010359764099 0.9999887347221375 0.9993991851806641 0.9980000257492065 0.9986991286277771
0.010861324146389961 0.9977644085884094 0.9997581839561462 0.9981984496116638 0.9973250031471252 0.9977615475654602 0.00801866129040718 0.9987010359764099 0.9999879598617554 0.9989994168281555 0.9983999729156494 0.9986996650695801
0.01088355015963316 0.9981265664100647 0.999680757522583 0.9985986948013306 0.9976500272750854 0.9981241226196289 0.008518329821527004 0.9984012842178345 0.9999865293502808 0.9987990260124207 0.9980000257492065 0.9983993768692017
0.010967531241476536 0.9978768229484558 0.9997480511665344 0.9983733892440796 0.9973750114440918 0.9978739619255066 0.00895615667104721 0.9984012842178345 0.9999793767929077 0.9991987347602844 0.9976000189781189 0.9983987212181091
0.010258826427161694 0.9980766177177429 0.999799907207489 0.998648464679718 0.9975000023841858 0.998073935508728 0.009570635855197906 0.9987010359764099 0.9995815753936768 0.9993991851806641 0.9980000257492065 0.9986991286277771
0.01032861415296793 0.9980016946792603 0.9997739195823669 0.9984236359596252 0.9975749850273132 0.9979991316795349 0.008484156802296638 0.9987010359764099 0.9999825358390808 0.9991992115974426 0.998199999332428 0.9986993670463562
0.011002575978636742 0.9977394342422485 0.9997910857200623 0.9982731342315674 0.9972000122070312 0.9977362751960754 0.007988682016730309 0.9988009333610535 0.9999824166297913 0.9991993308067322 0.9983999729156494 0.9987994432449341
0.009972944855690002 0.9981516003608704 0.9998109936714172 0.9986985921859741 0.9976000189781189 0.998149037361145 0.008797537535429 0.9986011385917664 0.9999796152114868 0.9987995028495789 0.9983999729156494 0.998599648475647
0.010217701084911823 0.9982015490531921 0.9997767210006714 0.9987735748291016 0.9976249933242798 0.9981989860534668 0.007964123971760273 0.9986011385917664 0.9999884366989136 0.9986000061035156 0.9986000061035156 0.9986000061035156
0.010235296562314034 0.9981390833854675 0.9997623562812805 0.9985238313674927 0.9977499842643738 0.9981368184089661 0.007302504498511553 0.9990007877349854 0.9999933838844299 0.9993995428085327 0.9986000061035156 0.9989995956420898
0.009862508624792099 0.9981640577316284 0.9998412728309631 0.9987735152244568 0.9975500106811523 0.9981613159179688 0.00852358527481556 0.998501181602478 0.9999871850013733 0.9984003305435181 0.9986000061035156 0.9985001683235168
0.010109547525644302 0.9980891346931458 0.9998502731323242 0.998399019241333 0.9977750182151794 0.9980869293212891 0.008640831336379051 0.9986011385917664 0.9999744892120361 0.9987995028495789 0.9983999729156494 0.998599648475647
0.010101268999278545 0.9980266690254211 0.9998365044593811 0.9985734224319458 0.9974750280380249 0.9980238676071167 0.007931106723845005 0.998501181602478 0.99998939037323 0.999198853969574 0.9977999925613403 0.9984989762306213
0.009562749415636063 0.9982389807701111 0.9998566508293152 0.9986738562583923 0.9977999925613403 0.9982367753982544 0.008692748844623566 0.9988009333610535 0.9999788403511047 0.9991993308067322 0.9983999729156494 0.9987994432449341
0.009945204481482506 0.9983014464378357 0.9997407793998718 0.9987239241600037 0.9978749752044678 0.9982991814613342 0.008344736881554127 0.9988009333610535 0.9999881386756897 0.9987999796867371 0.9987999796867371 0.9987999796867371
0.009640035219490528 0.9982764720916748 0.9998317360877991 0.9987737536430359 0.9977750182151794 0.9982741475105286 0.007979797199368477 0.9984012842178345 0.9999935626983643 0.999599039554596 0.9972000122070312 0.9983981251716614
0.010163934901356697 0.9981516003608704 0.9997967481613159 0.9987235069274902 0.9975749850273132 0.9981489181518555 0.008403449319303036 0.9984012842178345 0.999991238117218 0.999599039554596 0.9972000122070312 0.9983981251716614
0.009441344067454338 0.9983513951301575 0.9998213052749634 0.9988738298416138 0.997825026512146 0.998349130153656 0.007613550405949354 0.9988009333610535 0.9999882578849792 0.9991993308067322 0.9983999729156494 0.9987994432449341
0.009635642170906067 0.9982015490531921 0.9998058080673218 0.9985988736152649 0.9977999925613403 0.9981992840766907 0.007800487335771322 0.9988009333610535 0.9999865889549255 0.9991993308067322 0.9983999729156494 0.9987994432449341
0.009553618729114532 0.9980266690254211 0.9998323321342468 0.9984985589981079 0.9975500106811523 0.9980241060256958 0.008264195173978806 0.9984012842178345 0.9999921917915344 0.9980015754699707 0.9987999796867371 0.9984005689620972
0.009450334124267101 0.9983763694763184 0.999832808971405 0.9988489151000977 0.9979000091552734 0.9983742833137512 0.007497060112655163 0.9989008903503418 0.9999908208847046 0.9993994235992432 0.9983999729156494 0.9988994598388672
0.009554423391819 0.9981390833854675 0.9998084306716919 0.9987235069274902 0.9975500106811523 0.9981364011764526 0.008665946312248707 0.9988009333610535 0.9999765753746033 0.9989995956420898 0.9986000061035156 0.998799741268158
0.009623389691114426 0.9982514977455139 0.9998416304588318 0.9986738562583923 0.997825026512146 0.9982492923736572 0.007408760488033295 0.9988009333610535 0.9999900460243225 0.9991993308067322 0.9983999729156494 0.9987994432449341
0.010039567947387695 0.9981640577316284 0.9997885823249817 0.9986736178398132 0.9976500272750854 0.9981615543365479 0.008786849677562714 0.9983013868331909 0.9999785423278809 0.9982003569602966 0.9983999729156494 0.9983001351356506
0.009562311694025993 0.9981265664100647 0.9998540282249451 0.9986735582351685 0.9975749850273132 0.9981240034103394 0.0070421285927295685 0.9988009333610535 0.9999927878379822 0.9989995956420898 0.9986000061035156 0.998799741268158
0.009438373148441315 0.9982889294624329 0.9998331069946289 0.9987238645553589 0.9978500008583069 0.9982867240905762 0.00737669225782156 0.9990007877349854 0.9999932646751404 0.9991996884346008 0.9987999796867371 0.9989997744560242
0.009058273397386074 0.998438835144043 0.9998254776000977 0.9987741708755493 0.9980999827384949 0.9984369874000549 0.007218241225928068 0.9988009333610535 0.9999906420707703 0.9991993308067322 0.9983999729156494 0.9987994432449341
0.00950393732637167 0.9981516003608704 0.9998341202735901 0.9985737800598145 0.9977250099182129 0.9981492161750793 0.006674469448626041 0.9991007447242737 0.9999945759773254 0.9995995759963989 0.9986000061035156 0.9990994930267334
0.008956274949014187 0.9985013008117676 0.9998358488082886 0.9989240765571594 0.998075008392334 0.9984993934631348 0.009066810831427574 0.998501181602478 0.9996775984764099 0.9985997080802917 0.9983999729156494 0.9984998106956482
0.009381130337715149 0.9984013438224792 0.999809980392456 0.9987491369247437 0.9980499744415283 0.9983994364738464 0.007322152145206928 0.9990007877349854 0.9999922513961792 0.9995995163917542 0.9983999729156494 0.9989994168281555
0.008541933260858059 0.9985387325286865 0.9998281598091125 0.9990240335464478 0.9980499744415283 0.9985367655754089 0.007709471974521875 0.9988009333610535 0.9999903440475464 0.9991993308067322 0.9983999729156494 0.9987994432449341
0.009280845522880554 0.9983264207839966 0.999821126461029 0.9987738728523254 0.9978749752044678 0.9983242750167847 0.007259896490722895 0.9990007877349854 0.9999921917915344 0.9995995163917542 0.9983999729156494 0.9989994168281555
0.008683668449521065 0.9984138607978821 0.9998899102210999 0.9987990856170654 0.9980250000953674 0.9984119534492493 0.006970535032451153 0.9988009333610535 0.9999918937683105 0.9993993043899536 0.998199999332428 0.9987992644309998
0.009036972187459469 0.9982764720916748 0.9998340606689453 0.9985741376876831 0.9979749917984009 0.9982744455337524 0.007594835013151169 0.9989008903503418 0.9999880194664001 0.9993994235992432 0.9983999729156494 0.9988994598388672
0.008631532080471516 0.9983888864517212 0.9999017119407654 0.9988489151000977 0.9979249835014343 0.9983866810798645 0.007446381263434887 0.9989008903503418 0.9999840259552002 0.9993994235992432 0.9983999729156494 0.9988994598388672
0.008796129375696182 0.9984638094902039 0.9998496174812317 0.9989240169525146 0.9980000257492065 0.9984617829322815 0.008163916878402233 0.9987010359764099 0.9999735951423645 0.9989994168281555 0.9983999729156494 0.9986996650695801
0.009053307585418224 0.9981390833854675 0.9998993277549744 0.9986486434936523 0.9976249933242798 0.998136579990387 0.007977866567671299 0.998501181602478 0.9998833537101746 0.9985997080802917 0.9983999729156494 0.9984998106956482
0.008825588971376419 0.9984013438224792 0.9998503923416138 0.9989238977432251 0.9978749752044678 0.9983991384506226 0.006988999433815479 0.9990007877349854 0.999992311000824 0.9995995163917542 0.9983999729156494 0.9989994168281555
0.009121265262365341 0.9983639121055603 0.999823808670044 0.9988488554954529 0.9978749752044678 0.9983616471290588 0.007267463952302933 0.9988009333610535 0.9999912977218628 0.9991993308067322 0.9983999729156494 0.9987994432449341
0.008255455642938614 0.9985637068748474 0.9998636245727539 0.9991239905357361 0.9980000257492065 0.998561680316925 0.00729738175868988 0.9987010359764099 0.9999904632568359 0.9989994168281555 0.9983999729156494 0.9986996650695801
0.008514792658388615 0.9985262751579285 0.9998751282691956 0.9989241361618042 0.9981250166893005 0.9985244274139404 0.007485527079552412 0.9989008903503418 0.9999932050704956 0.9989997744560242 0.9987999796867371 0.9988998770713806
0.008712057955563068 0.9983763694763184 0.9998515844345093 0.9987989664077759 0.99795001745224 0.998374342918396 0.007123155053704977 0.9989008903503418 0.9999924898147583 0.9993994235992432 0.9983999729156494 0.9988994598388672
0.009223722852766514 0.9982889294624329 0.9998360872268677 0.998649001121521 0.9979249835014343 0.9982869029045105 0.0069059827364981174 0.9988009333610535 0.9999920725822449 0.9989995956420898 0.9986000061035156 0.998799741268158
0.008752160705626011 0.9985013008117676 0.9998266100883484 0.9988242387771606 0.9981750249862671 0.9984995126724243 0.007127277087420225 0.9990007877349854 0.9999927878379822 0.9993995428085327 0.9986000061035156 0.9989995956420898
0.008677775971591473 0.9984138607978821 0.9998503923416138 0.9989738464355469 0.9978500008583069 0.9984116554260254 0.007885225117206573 0.9986011385917664 0.9999801516532898 0.9987995028495789 0.9983999729156494 0.998599648475647
0.00860416516661644 0.9984638094902039 0.9998494386672974 0.9988740682601929 0.9980499744415283 0.9984618425369263 0.0071432036347687244 0.9986011385917664 0.9999926090240479 0.9987995028495789 0.9983999729156494 0.998599648475647
0.00863549392670393 0.9985387325286865 0.9998014569282532 0.9988992214202881 0.9981750249862671 0.998537003993988 0.0070983353070914745 0.9987010359764099 0.9999930262565613 0.998799741268158 0.9986000061035156 0.9986998438835144
0.008484051562845707 0.9984887838363647 0.9998517036437988 0.9989490509033203 0.9980250000953674 0.9984868764877319 0.007471218705177307 0.9988009333610535 0.9999887347221375 0.9991993308067322 0.9983999729156494 0.9987994432449341
0.008135630749166012 0.998438835144043 0.9998930096626282 0.998898983001709 0.9979749917984009 0.9984367489814758 0.006420615594834089 0.9990007877349854 0.9999950528144836 0.9993995428085327 0.9986000061035156 0.9989995956420898
0.00847274623811245 0.9986386299133301 0.9998121857643127 0.9989493489265442 0.998324990272522 0.9986370801925659 0.008371214382350445 0.9989008903503418 0.9996878504753113 0.9995994567871094 0.998199999332428 0.9988992810249329
0.008582983165979385 0.9984138607978821 0.9998663067817688 0.9988240003585815 0.9980000257492065 0.9984118342399597 0.007024322170764208 0.9989008903503418 0.9998947381973267 0.9989997744560242 0.9987999796867371 0.9988998770713806
0.008234514854848385 0.9986011981964111 0.9998421669006348 0.9990241527557373 0.9981750249862671 0.9985994100570679 0.007035098969936371 0.9989008903503418 0.9999889731407166 0.9993994235992432 0.9983999729156494 0.9988994598388672
0.00840140413492918 0.9986636638641357 0.9998237490653992 0.9990991950035095 0.9982249736785889 0.9986618757247925 0.0068702721036970615 0.9989008903503418 0.9999915361404419 0.9991995096206665 0.9986000061035156 0.9988996982574463
0.008579162880778313 0.9984762668609619 0.9998658299446106 0.998749315738678 0.998199999332428 0.9984745979309082 0.006368432193994522 0.9992006421089172 0.9999935626983643 0.9995996952056885 0.9987999796867371 0.999199628829956
0.007717780768871307 0.9987385869026184 0.9998698830604553 0.9991243481636047 0.9983500242233276 0.9987369775772095 0.0066282437182962894 0.9989008903503418 0.9999935030937195 0.9989997744560242 0.9987999796867371 0.9988998770713806
0.008264410309493542 0.9985137581825256 0.9998665452003479 0.9988492131233215 0.9981750249862671 0.9985119700431824 0.006574022583663464 0.9990007877349854 0.9999927282333374 0.9993995428085327 0.9986000061035156 0.9989995956420898
0.007899030111730099 0.9986511468887329 0.9998818635940552 0.9989743232727051 0.998324990272522 0.998649537563324 0.006184787023812532 0.9992006421089172 0.9999957084655762 0.9995996952056885 0.9987999796867371 0.999199628829956
0.008468182757496834 0.9985137581825256 0.9998745918273926 0.9989490509033203 0.998075008392334 0.9985118508338928 0.006271663121879101 0.9992006421089172 0.9999942183494568 0.9995996952056885 0.9987999796867371 0.999199628829956
0.008273765444755554 0.9985013008117676 0.9998546242713928 0.9989240765571594 0.998075008392334 0.9984993934631348 0.006307548377662897 0.9992006421089172 0.9999945759773254 0.9995996952056885 0.9987999796867371 0.999199628829956
0.007996705360710621 0.9986761212348938 0.9999071359634399 0.9991991519927979 0.9981499910354614 0.9986743330955505 0.006841284688562155 0.9990007877349854 0.9999935626983643 0.9991996884346008 0.9987999796867371 0.9989997744560242
0.008220850490033627 0.9985762238502502 0.9998912811279297 0.9989242553710938 0.9982249736785889 0.9985744953155518 0.00645075086504221 0.9991007447242737 0.9998936653137207 0.9993996620178223 0.9987999796867371 0.9990996718406677
0.00802680104970932 0.9985886812210083 0.9998703598976135 0.9989991784095764 0.9981750249862671 0.9985869526863098 0.007545050233602524 0.9988009333610535 0.9999883770942688 0.9995993375778198 0.9980000257492065 0.9987990260124207
0.007650161627680063 0.9987260699272156 0.9998831152915955 0.99912428855896 0.998324990272522 0.9987245202064514 0.007515652105212212 0.9990007877349854 0.999981701374054 0.9995995163917542 0.9983999729156494 0.9989994168281555
0.007878934033215046 0.9985512495040894 0.9998946189880371 0.9989991188049316 0.9980999827384949 0.9985493421554565 0.0063949148170650005 0.9991007447242737 0.999995231628418 0.9995995759963989 0.9986000061035156 0.9990994930267334
0.00795285589993 0.9985762238502502 0.9998955726623535 0.9990490674972534 0.9980999827384949 0.9985743165016174 0.006281658541411161 0.9992006421089172 0.9999937415122986 0.9995996952056885 0.9987999796867371 0.999199628829956
0.008318820036947727 0.9984887838363647 0.9998770356178284 0.9987992644309998 0.9981750249862671 0.998487114906311 0.007310659158974886 0.9989008903503418 0.999891459941864 0.9991995096206665 0.9986000061035156 0.9988996982574463
0.00754183903336525 0.9988884329795837 0.9998469948768616 0.9992494583129883 0.9985250234603882 0.9988871216773987 0.006497983820736408 0.9990007877349854 0.999994695186615 0.9995995163917542 0.9983999729156494 0.9989994168281555
0.007803082466125488 0.9986761212348938 0.9998685717582703 0.9990742802619934 0.9982749819755554 0.9986745119094849 0.006710123270750046 0.9987010359764099 0.9999933838844299 0.998799741268158 0.9986000061035156 0.9986998438835144
0.00791242253035307 0.9986136555671692 0.9998814463615417 0.9989492893218994 0.9982749819755554 0.9986119866371155 0.006893687881529331 0.9990007877349854 0.9999878406524658 0.9995995163917542 0.9983999729156494 0.9989994168281555
0.007884088903665543 0.9987510442733765 0.9999045133590698 0.9991243481636047 0.9983749985694885 0.9987495541572571 0.0074362424202263355 0.9988009333610535 0.9999896883964539 0.9991993308067322 0.9983999729156494 0.9987994432449341
0.007693520747125149 0.9987260699272156 0.999895453453064 0.9990993142127991 0.9983500242233276 0.9987245202064514 0.006591326557099819 0.9991007447242737 0.9999935626983643 0.9993996620178223 0.9987999796867371 0.9990996718406677
0.007554190699011087 0.998626172542572 0.9998849630355835 0.9989243745803833 0.998324990272522 0.9986245632171631 0.006056421902030706 0.9992006421089172 0.9999961256980896 0.9993997812271118 0.9990000128746033 0.9991998672485352
0.007564865052700043 0.9986136555671692 0.9998966455459595 0.9989492893218994 0.9982749819755554 0.9986119866371155 0.005908119026571512 0.9991007447242737 0.9999959468841553 0.9995995759963989 0.9986000061035156 0.9990994930267334
0.007706375326961279 0.9987510442733765 0.9998682141304016 0.9991742968559265 0.998324990272522 0.9987494945526123 0.006476689595729113 0.9989008903503418 0.9999938607215881 0.9991995096206665 0.9986000061035156 0.9988996982574463
0.00707663269713521 0.9990383386611938 0.9998977780342102 0.9994245767593384 0.9986500144004822 0.9990371465682983 0.0063532814383506775 0.9991007447242737 0.9999920129776001 0.9993996620178223 0.9987999796867371 0.9990996718406677
0.007513325195759535 0.9987260699272156 0.9999088048934937 0.9991992115974426 0.9982500076293945 0.9987244606018066 0.007178665604442358 0.9987010359764099 0.9998903870582581 0.9989994168281555 0.9983999729156494 0.9986996650695801
0.008020811714231968 0.9986636638641357 0.999878466129303 0.9989743828773499 0.9983500242233276 0.9986620545387268 0.006622973829507828 0.9991007447242737 0.9999927282333374 0.9993996620178223 0.9987999796867371 0.9990996718406677
0.007620975840836763 0.9986136555671692 0.9999344944953918 0.9990242123603821 0.998199999332428 0.9986119270324707 0.006597587373107672 0.9989008903503418 0.9999938011169434 0.9993994235992432 0.9983999729156494 0.9988994598388672
0.007449048571288586 0.9987510442733765 0.9999083280563354 0.9991742968559265 0.998324990272522 0.9987494945526123 0.006625121459364891 0.9989008903503418 0.9999918937683105 0.9993994235992432 0.9983999729156494 0.9988994598388672
0.0071888999082148075 0.9988510012626648 0.9998979568481445 0.9992244243621826 0.9984750151634216 0.9988495707511902 0.00699141388759017 0.9987010359764099 0.999992847442627 0.9991992115974426 0.998199999332428 0.9986993670463562
0.006831511855125427 0.9989259243011475 0.9998761415481567 0.999274492263794 0.99857497215271 0.9989246129989624 0.005959160625934601 0.9990007877349854 0.9999947547912598 0.9993995428085327 0.9986000061035156 0.9989995956420898
0.007315588649362326 0.9988009929656982 0.9999097585678101 0.9991993308067322 0.9983999729156494 0.9987994432449341 0.006174133624881506 0.9990007877349854 0.9999939203262329 0.9993995428085327 0.9986000061035156 0.9989995956420898
0.007069879211485386 0.9989508986473083 0.999911367893219 0.9992495775222778 0.9986500144004822 0.9989497065544128 0.0060141379944980145 0.9991007447242737 0.9999953508377075 0.9993996620178223 0.9987999796867371 0.9990996718406677
0.006897555198520422 0.9988135099411011 0.9998891949653625 0.9991494417190552 0.9984750151634216 0.9988121390342712 0.006929589901119471 0.9987010359764099 0.9999948143959045 0.999599277973175 0.9977999925613403 0.9986988306045532
0.00719033507630229 0.9987136125564575 0.9998871088027954 0.99912428855896 0.9983000159263611 0.9987119436264038 0.0063417269848287106 0.9989008903503418 0.999894380569458 0.9989997744560242 0.9987999796867371 0.9988998770713806
0.007503658998757601 0.9986136555671692 0.9998856782913208 0.999049186706543 0.9981750249862671 0.9986119270324707 0.008073722012341022 0.9990007877349854 0.9999886155128479 0.9991996884346008 0.9987999796867371 0.9989997744560242
0.007890459150075912 0.9987010955810547 0.9998576045036316 0.9990742802619934 0.998324990272522 0.9986994862556458 0.006460714153945446 0.9988009333610535 0.9999945759773254 0.9993993043899536 0.998199999332428 0.9987992644309998
0.006917707156389952 0.9988634586334229 0.9999006390571594 0.9991994500160217 0.9985250234603882 0.998862087726593 0.006632776465266943 0.9988009333610535 0.9999931454658508 0.9987999796867371 0.9987999796867371 0.9987999796867371
0.0071991924196481705 0.9988260269165039 0.9998608827590942 0.9990994930267334 0.9985499978065491 0.9988247156143188 0.006124255713075399 0.9989008903503418 0.9999935030937195 0.9991995096206665 0.9986000061035156 0.9988996982574463
0.007273003458976746 0.9988260269165039 0.9998716711997986 0.9992243647575378 0.9984250068664551 0.9988244771957397 0.006069404538720846 0.9991007447242737 0.9999961256980896 0.9995995759963989 0.9986000061035156 0.9990994930267334
0.007438838481903076 0.998838484287262 0.9998339414596558 0.9990995526313782 0.99857497215271 0.9988372325897217 0.0065259505063295364 0.9991007447242737 0.9998930096626282 0.9995995759963989 0.9986000061035156 0.9990994930267334
0.00721794692799449 0.9989134073257446 0.9998728632926941 0.9992245435714722 0.9986000061035156 0.9989121556282043 0.00611753948032856 0.9991007447242737 0.9999938011169434 0.9993996620178223 0.9987999796867371 0.9990996718406677
0.007311695721000433 0.9987885355949402 0.999849259853363 0.999024510383606 0.9985499978065491 0.9987871646881104 0.0069339694455266 0.9988009333610535 0.9999909400939941 0.9991993308067322 0.9983999729156494 0.9987994432449341
0.0070411693304777145 0.9989009499549866 0.9998970627784729 0.9992744326591492 0.9985250234603882 0.9988996386528015 0.005966430064290762 0.9989008903503418 0.9999950528144836 0.9991995096206665 0.9986000061035156 0.9988996982574463
0.007006069645285606 0.998838484287262 0.9999355673789978 0.9991494417190552 0.9985250234603882 0.9988371133804321 0.006484638433903456 0.9990007877349854 0.9999940991401672 0.9995995163917542 0.9983999729156494 0.9989994168281555
0.0072960932739079 0.998838484287262 0.9998595714569092 0.9992493987083435 0.9984250068664551 0.9988369941711426 0.00627719284966588 0.9992006421089172 0.9999939799308777 0.9997997879981995 0.9986000061035156 0.9991995692253113
0.006774085108190775 0.9989633560180664 0.9999257326126099 0.9992246031761169 0.9987000226974487 0.9989622831344604 0.006366156041622162 0.9988009333610535 0.999994158744812 0.9991993308067322 0.9983999729156494 0.9987994432449341
