loss_s0130 accuracy_s0130 val_auc_s0130 precision_s0130 recall_s0130 f1_score_s0130 val_loss_s0130 val_accuracy_s0130 val_val_auc_s0130 val_precision_s0130 val_recall_s0130 val_f1_score_s0130
0.2674231231212616 0.9179697036743164 0.9662761688232422 0.9085443615913391 0.9293500185012817 0.9188293814659119 0.169388547539711 0.9543365240097046 0.9877318739891052 0.9260926842689514 0.9873999953269958 0.9557641744613647
0.1174120381474495 0.9644802212715149 0.9897038340568542 0.9639628529548645 0.9649749994277954 0.9644685983657837 0.10973269492387772 0.9742206335067749 0.9938263893127441 0.9627244472503662 0.9865999817848206 0.9745160341262817
0.0910026803612709 0.9734475612640381 0.9931960105895996 0.9744450449943542 0.972350001335144 0.9733964204788208 0.12416541576385498 0.9715228080749512 0.9943762421607971 0.9545016288757324 0.9901999831199646 0.9720231294631958
0.07397008687257767 0.9793176054954529 0.9950442314147949 0.9808386564254761 0.9776999950408936 0.9792668223381042 0.06047239899635315 0.9866107106208801 0.9969592094421387 0.9838902354240417 0.9894000291824341 0.9866374731063843
0.06298986822366714 0.9833641648292542 0.996074378490448 0.984391450881958 0.9822750091552734 0.983332097530365 0.06479296833276749 0.9875099658966064 0.9972996711730957 0.9841112494468689 0.9909999966621399 0.9875435829162598
0.05579843372106552 0.9853249788284302 0.9969179034233093 0.9864678382873535 0.984125018119812 0.9852950572967529 0.07549384981393814 0.9873101711273193 0.9973260164260864 0.9816169142723083 0.9932000041007996 0.987374484539032
0.049957502633333206 0.9871983528137207 0.9973560571670532 0.9881026744842529 0.9862499833106995 0.9871755242347717 0.05010068789124489 0.9909072518348694 0.9978603720664978 0.9894316792488098 0.9923999905586243 0.9909136295318604
0.0470871776342392 0.988272488117218 0.9976982474327087 0.9888613820075989 0.9876499772071838 0.9882553219795227 0.07404746115207672 0.9883093237876892 0.9976541996002197 0.9827961325645447 0.9940000176429749 0.9883663654327393
0.044420547783374786 0.9888345003128052 0.9978502988815308 0.9900010228157043 0.987625002861023 0.9888115525245667 0.04352756589651108 0.991906464099884 0.9982903599739075 0.989647626876831 0.9941999912261963 0.9919185638427734
0.04198632761836052 0.9892591238021851 0.9978354573249817 0.9904270172119141 0.9880499839782715 0.9892370700836182 0.05377426743507385 0.9920064210891724 0.9983348250389099 0.9892601370811462 0.9947999715805054 0.9920223355293274
0.04043150693178177 0.9899585247039795 0.9981167912483215 0.9907597303390503 0.9891250133514404 0.9899417161941528 0.08266699314117432 0.9643285274505615 0.9979934692382812 0.937276303768158 0.995199978351593 0.9653700590133667
0.039289992302656174 0.9904581308364868 0.998144805431366 0.9913836121559143 0.9894999861717224 0.9904409050941467 0.0793401375412941 0.9680255651473999 0.9982507824897766 0.9433497786521912 0.9958000183105469 0.9688655138015747
0.03784054517745972 0.9909951686859131 0.9982501864433289 0.9920823574066162 0.9898750185966492 0.99097740650177 0.061798322945833206 0.9894084930419922 0.9983835220336914 0.9835968613624573 0.9954000115394592 0.9894632697105408
0.03702284395694733 0.9909701943397522 0.9983388781547546 0.9920573234558105 0.9898499846458435 0.9909524321556091 0.10829511284828186 0.9399480223655701 0.9980208873748779 0.8958070874214172 0.9955999851226807 0.9430710077285767
0.03550929203629494 0.9914447665214539 0.998421847820282 0.9924593567848206 0.9904000163078308 0.9914286732673645 0.05315666273236275 0.9932054281234741 0.9985223412513733 0.9928057789802551 0.9936000108718872 0.9932026863098145
0.0347672700881958 0.9916570782661438 0.9985557794570923 0.9927834272384644 0.9904999732971191 0.9916403889656067 0.06359837204217911 0.9913069605827332 0.99814772605896 0.9902215003967285 0.9923999905586243 0.9913095831871033
0.033438704907894135 0.991994321346283 0.998539924621582 0.9931093454360962 0.9908499717712402 0.9919784069061279 0.03299641236662865 0.9944044947624207 0.9988318681716919 0.9963855147361755 0.9923999905586243 0.9943887591362
0.03320694714784622 0.9922316074371338 0.9986351132392883 0.9932361245155334 0.9911999702453613 0.9922170639038086 0.03995842486619949 0.9941047430038452 0.9987584948539734 0.9953880310058594 0.9927999973297119 0.9940923452377319
0.03308180719614029 0.9919693470001221 0.9985721111297607 0.9932078719139099 0.9907000064849854 0.9919523596763611 0.055481310933828354 0.9928057789802551 0.998461902141571 0.9926029443740845 0.9929999709129333 0.9928014874458313
0.03183037042617798 0.992219090461731 0.9986118674278259 0.9934090375900269 0.9909999966621399 0.9922029972076416 0.0535876527428627 0.9924060702323914 0.9987475275993347 0.9904382228851318 0.9944000244140625 0.9924151301383972
0.031042074784636497 0.9928311109542847 0.9987039566040039 0.9940353631973267 0.991599977016449 0.9928162097930908 0.04709179699420929 0.9916067123413086 0.998579740524292 0.9896414279937744 0.9936000108718872 0.9916167259216309
0.030156344175338745 0.9928685426712036 0.9988090395927429 0.9942092299461365 0.9915000200271606 0.9928528070449829 0.0650552287697792 0.9852118492126465 0.99840247631073 0.9754998087882996 0.9954000115394592 0.9853494763374329
0.030911246314644814 0.9927061796188354 0.998744785785675 0.9938358068466187 0.9915500283241272 0.9926915764808655 0.03253293037414551 0.9945043921470642 0.9988590478897095 0.9965856671333313 0.9923999905586243 0.9944884181022644
0.02944035641849041 0.9932182431221008 0.9987539649009705 0.9945105910301208 0.9919000267982483 0.9932035803794861 0.025747455656528473 0.9948041439056396 0.9989647269248962 0.9975864887237549 0.9919999837875366 0.9947853684425354
0.029293779283761978 0.9930434226989746 0.9988522529602051 0.9941864609718323 0.9918749928474426 0.9930293560028076 0.051146939396858215 0.9921063184738159 0.9987735152244568 0.9894569516181946 0.9947999715805054 0.9921212792396545
0.02839014120399952 0.9935305118560791 0.9988510608673096 0.9945140480995178 0.9925249814987183 0.9935184717178345 0.02614322118461132 0.9948041439056396 0.9989350438117981 0.9981876611709595 0.9914000034332275 0.9947822093963623
0.02834460139274597 0.99334317445755 0.9989248514175415 0.9947599172592163 0.9919000267982483 0.9933278560638428 0.032015930861234665 0.9951038956642151 0.9991437792778015 0.9965897798538208 0.9936000108718872 0.9950926303863525
0.028234535828232765 0.99355548620224 0.9988588690757751 0.9949358105659485 0.9921500086784363 0.9935409426689148 0.02265339158475399 0.9950039982795715 0.9990465044975281 0.9975874423980713 0.9923999905586243 0.9949870109558105
0.02785470150411129 0.9934305548667908 0.9989210963249207 0.9947112202644348 0.9921249747276306 0.993416428565979 0.04893501102924347 0.9926059246063232 0.9990213513374329 0.9908329844474792 0.9944000244140625 0.9926132559776306
0.026354311034083366 0.99413001537323 0.9989925026893616 0.9954875707626343 0.9927499890327454 0.9941169023513794 0.02413516491651535 0.9951038956642151 0.9989570379257202 0.9965897798538208 0.9936000108718872 0.9950926303863525
0.026532482355833054 0.9939176440238953 0.9989712834358215 0.9952869415283203 0.9925249814987183 0.9939040541648865 0.027548188343644142 0.9952038526535034 0.9992104768753052 0.9967897534370422 0.9936000108718872 0.995192289352417
0.025705279782414436 0.9942673444747925 0.9990552663803101 0.9952654242515564 0.9932500123977661 0.9942567348480225 0.02462306059896946 0.9959032535552979 0.9992955327033997 0.9965952038764954 0.995199978351593 0.995897114276886
0.02654181607067585 0.9937053322792053 0.9990261197090149 0.9947885274887085 0.9926000237464905 0.9936930537223816 0.019900018349289894 0.9959032535552979 0.9991308450698853 0.9981916546821594 0.9936000108718872 0.9958904981613159
0.02515767514705658 0.9940925240516663 0.9991068840026855 0.9952637553215027 0.992900013923645 0.9940804839134216 0.021499674767255783 0.9956035017967224 0.9990523457527161 0.9981905817985535 0.9929999709129333 0.995588481426239
0.025211887434124947 0.9942173957824707 0.9991191625595093 0.9956623315811157 0.9927499890327454 0.994204044342041 0.020553704351186752 0.9957034587860107 0.999359667301178 0.9975908398628235 0.9937999844551086 0.9956918358802795
0.023651476949453354 0.9942548871040344 0.9992728233337402 0.9954639077186584 0.993025004863739 0.9942429661750793 0.017584839835762978 0.9964028596878052 0.9994977116584778 0.9981935024261475 0.9945999979972839 0.9963935017585754
0.02401721477508545 0.9945670962333679 0.9990573525428772 0.9959387183189392 0.9931750297546387 0.9945549368858337 0.02052702009677887 0.9959032535552979 0.999442458152771 0.997791588306427 0.9940000176429749 0.9958921670913696
0.023620009422302246 0.9946670532226562 0.9991228580474854 0.9960141181945801 0.9933000206947327 0.9946552515029907 0.019707366824150085 0.9959032535552979 0.9991706609725952 0.9985923767089844 0.9932000041007996 0.995888888835907
0.023429926484823227 0.9948168992996216 0.9990928173065186 0.995841383934021 0.9937750101089478 0.9948071241378784 0.026705170050263405 0.9957034587860107 0.9992659687995911 0.9967929720878601 0.9945999979972839 0.9956952929496765
0.02311938814818859 0.9946795105934143 0.9991297721862793 0.9959893822669983 0.9933500289916992 0.9946679472923279 0.021294821053743362 0.9957034587860107 0.9991954565048218 0.9979907870292664 0.993399977684021 0.995690107345581
0.02198679745197296 0.9949542880058289 0.9992440938949585 0.9958673715591431 0.9940249919891357 0.9949452877044678 0.02264680713415146 0.9951038956642151 0.9987821578979492 0.9987910389900208 0.9914000034332275 0.9950817823410034
0.022329198196530342 0.9949917793273926 0.9991793036460876 0.9962156414985657 0.9937499761581421 0.9949812889099121 0.02016732469201088 0.9964028596878052 0.9993360638618469 0.9977937936782837 0.9950000047683716 0.99639493227005
0.021322226151823997 0.9951291680335999 0.9992498755455017 0.9964654445648193 0.9937750101089478 0.9951183795928955 0.02042561024427414 0.9962030649185181 0.9994006156921387 0.997992753982544 0.9944000244140625 0.9961931705474854
0.02101905457675457 0.9949668049812317 0.9993550777435303 0.996389627456665 0.9935250282287598 0.9949552416801453 0.021755401045084 0.9961031079292297 0.9993181228637695 0.9969946146011353 0.995199978351593 0.9960964322090149
0.02129494957625866 0.9949167966842651 0.9993758201599121 0.9958422183990479 0.9939749836921692 0.9949077367782593 0.0166380163282156 0.9967026114463806 0.9995625019073486 0.9985946416854858 0.9947999715805054 0.9966937303543091
0.02117961272597313 0.9951416254043579 0.9992489218711853 0.9964655637741089 0.9937999844551086 0.9951309561729431 0.015791412442922592 0.9969024658203125 0.9996641874313354 0.9985952377319336 0.995199978351593 0.9968947172164917
0.020057151094079018 0.9954538345336914 0.9993966817855835 0.9966170787811279 0.9942749738693237 0.995444655418396 0.015367317013442516 0.9972022175788879 0.9995809197425842 0.9983961582183838 0.9959999918937683 0.997196614742279
0.020323822274804115 0.9954164028167725 0.9993615746498108 0.9966416954994202 0.9941750168800354 0.9954068064689636 0.01910386234521866 0.9969024658203125 0.9993948340415955 0.9977960586547852 0.9959999918937683 0.9968972206115723
0.020655404776334763 0.9952415227890015 0.9992837905883789 0.9964165091514587 0.9940500259399414 0.9952318668365479 0.017359932884573936 0.9972022175788879 0.9995185136795044 0.9975980520248413 0.9968000054359436 0.9971988201141357
0.020513752475380898 0.9954038858413696 0.999294638633728 0.9966167211532593 0.9941750168800354 0.9953943490982056 0.01846843585371971 0.9971023201942444 0.999495804309845 0.998196005821228 0.9959999918937683 0.997096836566925
0.01927855610847473 0.9957036375999451 0.9994458556175232 0.9968178272247314 0.994575023651123 0.995695173740387 0.01464950293302536 0.9970024228096008 0.9996134638786316 0.9985954761505127 0.9954000115394592 0.996995210647583
0.019342688843607903 0.9957910776138306 0.9994039535522461 0.9969428777694702 0.9946249723434448 0.9957826137542725 0.0160515159368515 0.9970024228096008 0.9995502829551697 0.9977964758872986 0.9962000250816345 0.996997594833374
0.018885521218180656 0.9953914284706116 0.9994733929634094 0.9965419769287109 0.994225025177002 0.9953821301460266 0.01728069968521595 0.9969024658203125 0.9995274543762207 0.9979956150054932 0.9958000183105469 0.9968965649604797
0.019000506028532982 0.9958410263061523 0.9994024038314819 0.9969680905342102 0.994700014591217 0.9958328008651733 0.014613006263971329 0.9970024228096008 0.9996250867843628 0.9985954761505127 0.9954000115394592 0.996995210647583
0.017922405153512955 0.9960533380508423 0.999434232711792 0.9970440864562988 0.9950500130653381 0.9960460662841797 0.01336196344345808 0.9975019693374634 0.999722957611084 0.9983971118927002 0.9965999722480774 0.9974977374076843
0.01908900961279869 0.9957910776138306 0.9994542598724365 0.9966441988945007 0.9949250221252441 0.9957838654518127 0.01599031500518322 0.9973021745681763 0.9995684027671814 0.9977977871894836 0.9968000054359436 0.9972986578941345
0.018116207793354988 0.9960658550262451 0.9994199872016907 0.9970690608024597 0.9950500130653381 0.996058464050293 0.015942707657814026 0.9971023201942444 0.9995430111885071 0.997796893119812 0.996399998664856 0.9970979690551758
0.01784527115523815 0.9959784150123596 0.9995408654212952 0.9969938397407532 0.994949996471405 0.9959709048271179 0.012554054148495197 0.9977018237113953 0.9997387528419495 0.9987973570823669 0.9965999722480774 0.9976974725723267
0.017743173986673355 0.9959784150123596 0.9994610548019409 0.9969689249992371 0.9949749708175659 0.9959710240364075 0.013043100945651531 0.9974020719528198 0.999847948551178 0.9991971254348755 0.9955999851226807 0.9973952770233154
0.01797492429614067 0.9961158037185669 0.9994180202484131 0.9970942735671997 0.9951249957084656 0.9961087107658386 0.01441111695021391 0.9978017807006836 0.9996975064277649 0.9983980655670166 0.9972000122070312 0.9977986812591553
0.01662169210612774 0.9963281154632568 0.9995837807655334 0.9972448945045471 0.9954000115394592 0.9963216185569763 0.013485107570886612 0.9977018237113953 0.9997151494026184 0.9989973902702332 0.996399998664856 0.9976970553398132
0.017016826197504997 0.9962656497955322 0.9994637966156006 0.9972694516181946 0.9952499866485596 0.9962587356567383 0.015072929672896862 0.9974020719528198 0.9995606541633606 0.9987966418266296 0.9959999918937683 0.9973963499069214
0.01757620833814144 0.9959659576416016 0.99947589635849 0.9967448711395264 0.9951750040054321 0.9959593415260315 0.014213114976882935 0.9979016780853271 0.9996151924133301 0.9987978339195251 0.996999979019165 0.9978981018066406
0.017602257430553436 0.9960783123970032 0.9994790554046631 0.997168779373169 0.9949749708175659 0.9960706830024719 0.012543803080916405 0.9977018237113953 0.9997297525405884 0.9985975027084351 0.9968000054359436 0.9976978898048401
0.01669318415224552 0.9961782693862915 0.9995118379592896 0.9971444606781006 0.995199978351593 0.9961712956428528 0.013591598719358444 0.9979016780853271 0.9996207356452942 0.9987978339195251 0.996999979019165 0.9978981018066406
0.016286905854940414 0.9965529441833496 0.9994820356369019 0.997594952583313 0.9955000281333923 0.9965464472770691 0.013636370189487934 0.9980015754699707 0.9996044039726257 0.9983987212181091 0.9976000189781189 0.9979991912841797
0.0163051076233387 0.9966528415679932 0.999546468257904 0.9976453185081482 0.9956499934196472 0.9966466426849365 0.013160152360796928 0.9978017807006836 0.9995213150978088 0.9981985688209534 0.9973999857902527 0.9977991580963135
0.016435030847787857 0.9962406754493713 0.999525785446167 0.9970700740814209 0.9954000115394592 0.9962343573570251 0.01282112393528223 0.9980015754699707 0.9997959733009338 0.9989979863166809 0.996999979019165 0.9979979991912842
0.015413681976497173 0.9967153072357178 0.9996250867843628 0.9974462389945984 0.9959750175476074 0.9967100024223328 0.011506227776408195 0.9977018237113953 0.9997457265853882 0.9979987740516663 0.9973999857902527 0.9976992607116699
0.01603805646300316 0.9965903759002686 0.9995819330215454 0.9973210692405701 0.9958500266075134 0.9965850114822388 0.011499413289129734 0.998101532459259 0.9998466968536377 0.99899822473526 0.9972000122070312 0.9980983138084412
0.015183482319116592 0.9967777132987976 0.9995176196098328 0.997596025466919 0.9959499835968018 0.996772289276123 0.012810813263058662 0.9977018237113953 0.999618649482727 0.9985975027084351 0.9968000054359436 0.9976978898048401
0.01561381109058857 0.9965779185295105 0.9995552897453308 0.9973956942558289 0.9957500100135803 0.9965721964836121 0.01249044481664896 0.998101532459259 0.9997326135635376 0.998598575592041 0.9976000189781189 0.9980989694595337
0.015093149617314339 0.9967027902603149 0.9996890425682068 0.9975458383560181 0.9958500266075134 0.9966972470283508 0.012277571484446526 0.9976019263267517 0.9997374415397644 0.9977990984916687 0.9973999857902527 0.9975994825363159
0.014331625774502754 0.9970275163650513 0.9996165037155151 0.9978215098381042 0.9962249994277954 0.9970226287841797 0.013997174799442291 0.9979016780853271 0.9996042251586914 0.9974026083946228 0.9983999729156494 0.9979010224342346
0.015302625484764576 0.9967777132987976 0.9995356202125549 0.9975461959838867 0.9959999918937683 0.9967724680900574 0.011088180355727673 0.9979016780853271 0.9997509121894836 0.9983984231948853 0.9973999857902527 0.9978989958763123
0.015196659602224827 0.9968651533126831 0.9995312690734863 0.9974470138549805 0.996275007724762 0.9968607425689697 0.012456127442419529 0.9977018237113953 0.9998381733894348 0.9987973570823669 0.9965999722480774 0.9976974725723267
0.01433455292135477 0.9968401789665222 0.9996896386146545 0.9975464940071106 0.9961249828338623 0.9968352913856506 0.010157662443816662 0.9983013868331909 0.9998640418052673 0.9989985823631287 0.9976000189781189 0.9982987642288208
0.013671399094164371 0.9970899820327759 0.9996311664581299 0.9978467226028442 0.9963250160217285 0.9970852732658386 0.011773082427680492 0.9980015754699707 0.9997233748435974 0.9985983371734619 0.9973999857902527 0.9979987740516663
0.013949362561106682 0.9970400333404541 0.9996294975280762 0.997871458530426 0.9962000250816345 0.9970350861549377 0.01022584829479456 0.9977018237113953 0.9999627470970154 0.9985975027084351 0.9968000054359436 0.9976978898048401
0.013900176621973515 0.9971649050712585 0.9996449947357178 0.9977722764015198 0.9965500235557556 0.997160792350769 0.010411811992526054 0.9980015754699707 0.9998553991317749 0.9991980791091919 0.9968000054359436 0.9979975819587708
0.01362832635641098 0.9973272681236267 0.9996340274810791 0.9980222582817078 0.9966250061988831 0.9973231554031372 0.009909459389746189 0.998101532459259 0.9998607039451599 0.9987983107566833 0.9973999857902527 0.998098611831665
0.013780403882265091 0.9971524477005005 0.9996333122253418 0.9980215430259705 0.996275007724762 0.9971475601196289 0.009236017242074013 0.9983013868331909 0.9999656081199646 0.9985991716384888 0.9980000257492065 0.9982994794845581
0.013767641969025135 0.9970400333404541 0.9996946454048157 0.9975723624229431 0.9965000152587891 0.9970359206199646 0.010560858063399792 0.998101532459259 0.999854564666748 0.9991982579231262 0.996999979019165 0.9980978965759277
0.013749745674431324 0.9973772168159485 0.9996046423912048 0.9981721043586731 0.9965749979019165 0.9973728656768799 0.009612476453185081 0.998501181602478 0.999870777130127 0.9989989995956421 0.9980000257492065 0.9984992742538452
0.012901319190859795 0.9973148107528687 0.9996741414070129 0.9979224801063538 0.9966999888420105 0.9973108768463135 0.01005417201668024 0.998501181602478 0.9997573494911194 0.9987992644309998 0.998199999332428 0.9984995126724243
0.012935097329318523 0.9973148107528687 0.9996871948242188 0.9979473948478699 0.9966750144958496 0.9973108172416687 0.009472304955124855 0.9982014298439026 0.9999659061431885 0.9987985491752625 0.9976000189781189 0.998198926448822
0.012253151275217533 0.9976020455360413 0.999679446220398 0.9983225464820862 0.996874988079071 0.9975982308387756 0.009420196525752544 0.9982014298439026 0.999961793422699 0.9989984035491943 0.9973999857902527 0.9981985688209534
0.012867817655205727 0.9973148107528687 0.9996964335441589 0.9978975057601929 0.9967250227928162 0.997310996055603 0.008886385709047318 0.9987010359764099 0.9999703764915466 0.9989994168281555 0.9983999729156494 0.9986996650695801
0.012376509606838226 0.9975895285606384 0.9996789693832397 0.9980731010437012 0.9970999956130981 0.9975863099098206 0.010692116804420948 0.9984012842178345 0.9999463558197021 0.9985994100570679 0.998199999332428 0.9983996152877808
0.01298745907843113 0.9973897337913513 0.9996646046638489 0.9979726076126099 0.9968000054359436 0.9973859190940857 0.010059875436127186 0.9984012842178345 0.9999609589576721 0.9991987347602844 0.9976000189781189 0.9983987212181091
0.012407924979925156 0.9975895285606384 0.9997158050537109 0.9983474612236023 0.9968249797821045 0.9975855946540833 0.00855899229645729 0.9984012842178345 0.9999815225601196 0.9991987347602844 0.9976000189781189 0.9983987212181091
0.012182754464447498 0.9975146055221558 0.9997172951698303 0.9980229735374451 0.996999979019165 0.9975112080574036 0.008945262059569359 0.9986011385917664 0.9999772906303406 0.9991990327835083 0.9980000257492065 0.9985991716384888
0.012426424771547318 0.9973897337913513 0.9996886849403381 0.998147189617157 0.9966250061988831 0.9973855018615723 0.008239674381911755 0.998501181602478 0.9999862313270569 0.9987992644309998 0.998199999332428 0.9984995126724243
0.011959760449826717 0.9974147081375122 0.9997691512107849 0.9980475306510925 0.9967749714851379 0.9974108934402466 0.0091779176145792 0.998501181602478 0.9999687671661377 0.999198853969574 0.9977999925613403 0.9984989762306213
0.012572954408824444 0.9973272681236267 0.9997439980506897 0.9979972839355469 0.996649980545044 0.997323215007782 0.008643236011266708 0.9988009333610535 0.9999847412109375 0.9991993308067322 0.9983999729156494 0.9987994432449341
0.012261182069778442 0.9976394772529602 0.9997677803039551 0.9982478618621826 0.9970250129699707 0.9976360201835632 0.008960139937698841 0.9986011385917664 0.999977171421051 0.9995992183685303 0.9976000189781189 0.998598575592041
0.011719286441802979 0.9976394772529602 0.9997321963310242 0.9981730580329895 0.9970999956130981 0.9976361989974976 0.009393757209181786 0.9987010359764099 0.9999648928642273 0.9989994168281555 0.9983999729156494 0.9986996650695801
0.011975269764661789 0.9975520968437195 0.9997535943984985 0.9981228709220886 0.9969750046730042 0.9975485801696777 0.009024650789797306 0.9984012842178345 0.9999730587005615 0.9987990260124207 0.9980000257492065 0.9983993768692017
0.011457103304564953 0.9979642033576965 0.9997090697288513 0.9984484910964966 0.9974750280380249 0.9979615211486816 0.008440406061708927 0.9986011385917664 0.9999811053276062 0.9993990659713745 0.9977999925613403 0.9985988736152649
0.011630581691861153 0.9977768659591675 0.9997588396072388 0.9983481168746948 0.9972000122070312 0.9977737665176392 0.008104106411337852 0.9986011385917664 0.9999866485595703 0.9987995028495789 0.9983999729156494 0.998599648475647
0.011668638326227665 0.9975895285606384 0.999735414981842 0.9980980753898621 0.9970750212669373 0.9975862503051758 0.007950813509523869 0.9988009333610535 0.9999890327453613 0.9995993375778198 0.9980000257492065 0.9987990260124207
0.011310666799545288 0.9976020455360413 0.9997289776802063 0.9982726573944092 0.9969249963760376 0.9975983500480652 0.008049528114497662 0.9987010359764099 0.9999898672103882 0.9986003041267395 0.9987999796867371 0.9987001419067383
0.011390930972993374 0.9975271224975586 0.9997517466545105 0.9981476664543152 0.9969000220298767 0.9975234270095825 0.00875879917293787 0.9983013868331909 0.9999839663505554 0.998001217842102 0.9986000061035156 0.9983005523681641
0.010834280401468277 0.9976394772529602 0.9997622966766357 0.9980234503746033 0.9972500205039978 0.9976365566253662 0.007871704176068306 0.9990007877349854 0.999986469745636 0.9995995163917542 0.9983999729156494 0.9989994168281555
0.010888110846281052 0.9978143572807312 0.9998219609260559 0.9984480142593384 0.9971749782562256 0.9978111386299133 0.008093852549791336 0.9986011385917664 0.9999846816062927 0.9993990659713745 0.9977999925613403 0.9985988736152649
0.010624964721500874 0.9979767203330994 0.9997479319572449 0.9985733032226562 0.9973750114440918 0.9979737997055054 0.007216874975711107 0.9990007877349854 0.9999915361404419 0.9993995428085327 0.9986000061035156 0.9989995956420898
0.010909800417721272 0.9978768229484558 0.9997584819793701 0.9984232783317566 0.9973250031471252 0.997873842716217 0.008705019019544125 0.9986011385917664 0.9999812841415405 0.9993990659713745 0.9977999925613403 0.9985988736152649
0.010774422436952591 0.9979892373085022 0.9997855424880981 0.9984735250473022 0.9975000023841858 0.9979864954948425 0.007979385554790497 0.9988009333610535 0.9999814629554749 0.9993993043899536 0.998199999332428 0.9987992644309998
0.010666673071682453 0.9978892803192139 0.9997091889381409 0.9983235597610474 0.9974499940872192 0.997886598110199 0.00798280630260706 0.9990007877349854 0.9999842047691345 0.9995995163917542 0.9983999729156494 0.9989994168281555
0.01120004989206791 0.9977394342422485 0.9997538924217224 0.9983479976654053 0.9971250295639038 0.9977361559867859 0.00762132229283452 0.9989008903503418 0.9999856352806091 0.9993994235992432 0.9983999729156494 0.9988994598388672
0.010164004750549793 0.9980641603469849 0.99981290102005 0.9986484050750732 0.9974750280380249 0.9980613589286804 0.011075394228100777 0.9982014298439026 0.9999805092811584 0.997404158115387 0.9990000128746033 0.9982014894485474
0.010391462594270706 0.9979892373085022 0.9997764825820923 0.9985234141349792 0.9974499940872192 0.9979864358901978 0.007617677561938763 0.998501181602478 0.9999871253967285 0.9987992644309998 0.998199999332428 0.9984995126724243
0.010444359853863716 0.9980142116546631 0.999763011932373 0.9983987808227539 0.9976249933242798 0.9980117678642273 0.007583259139209986 0.9988009333610535 0.9999873638153076 0.9989995956420898 0.9986000061035156 0.998799741268158
0.01030685193836689 0.998039186000824 0.999790370464325 0.9983988404273987 0.9976750016212463 0.9980367422103882 0.007503373082727194 0.9988009333610535 0.9999903440475464 0.9993993043899536 0.998199999332428 0.9987992644309998
0.010285634547472 0.9980266690254211 0.999790370464325 0.9984486699104309 0.9976000189781189 0.9980241656303406 0.0071921199560165405 0.9989008903503418 0.9999913573265076 0.9989997744560242 0.9987999796867371 0.9988998770713806
0.010059242136776447 0.9981141090393066 0.999816358089447 0.9986236095428467 0.9976000189781189 0.9981114864349365 0.007058337330818176 0.9991007447242737 0.9999917149543762 0.9995995759963989 0.9986000061035156 0.9990994930267334
0.009853093884885311 0.9981390833854675 0.999820351600647 0.9986236691474915 0.9976500272750854 0.998136579990387 0.0070979478769004345 0.9990007877349854 0.9999904632568359 0.9993995428085327 0.9986000061035156 0.9989995956420898
0.010219855234026909 0.9978892803192139 0.9997879266738892 0.9982985854148865 0.9974750280380249 0.9978866577148438 0.008319023065268993 0.9987010359764099 0.9999769926071167 0.9986003041267395 0.9987999796867371 0.9987001419067383
0.009822101332247257 0.9980766177177429 0.9997842311859131 0.9984238743782043 0.9977250099182129 0.9980743527412415 0.007477941922843456 0.9988009333610535 0.9999886751174927 0.9989995956420898 0.9986000061035156 0.998799741268158
0.009929010644555092 0.998263955116272 0.9997780323028564 0.9986489415168762 0.9978749752044678 0.9982618093490601 0.007959860377013683 0.9986011385917664 0.999988853931427 0.9987995028495789 0.9983999729156494 0.998599648475647
0.009700379334390163 0.9982389807701111 0.999804675579071 0.9987487196922302 0.9977250099182129 0.9982365965843201 0.007513049524277449 0.9986011385917664 0.9999892115592957 0.9987995028495789 0.9983999729156494 0.998599648475647
0.010074673220515251 0.9980766177177429 0.9998164772987366 0.9984238743782043 0.9977250099182129 0.9980743527412415 0.007551256567239761 0.9988009333610535 0.9999846816062927 0.9991993308067322 0.9983999729156494 0.9987994432449341
0.009713353589177132 0.998051643371582 0.9998407959938049 0.9985734820365906 0.9975249767303467 0.9980489015579224 0.007052100729197264 0.9987010359764099 0.9999911189079285 0.9986003041267395 0.9987999796867371 0.9987001419067383
0.00937121082097292 0.9982140064239502 0.999859631061554 0.9984991550445557 0.9979249835014343 0.9982119202613831 0.007573059760034084 0.9988009333610535 0.9999921321868896 0.9995993375778198 0.9980000257492065 0.9987990260124207
0.009591678157448769 0.9981265664100647 0.9998211860656738 0.9986485838890076 0.9976000189781189 0.9981240034103394 0.006922635715454817 0.9989008903503418 0.9999927282333374 0.9993994235992432 0.9983999729156494 0.9988994598388672
0.009372225031256676 0.9982015490531921 0.9998339414596558 0.9988235235214233 0.9975749850273132 0.998198926448822 0.007134978659451008 0.9990007877349854 0.999992847442627 0.9995995163917542 0.9983999729156494 0.9989994168281555
0.009555201977491379 0.9983264207839966 0.9997961521148682 0.9987239837646484 0.9979249835014343 0.9983242750167847 0.007129790261387825 0.9989008903503418 0.999992847442627 0.9993994235992432 0.9983999729156494 0.9988994598388672
0.009682873263955116 0.9980641603469849 0.999822199344635 0.9982742667198181 0.9978500008583069 0.9980620741844177 0.007197630126029253 0.9988009333610535 0.9999876022338867 0.9991993308067322 0.9983999729156494 0.9987994432449341
0.009802556596696377 0.9981890320777893 0.9997797608375549 0.998573899269104 0.9977999925613403 0.9981868267059326 0.00659983092918992 0.9990007877349854 0.9999933242797852 0.9993995428085327 0.9986000061035156 0.9989995956420898
0.009247285313904285 0.9983763694763184 0.9997734427452087 0.9988239407539368 0.9979249835014343 0.9983742833137512 0.007030264474451542 0.9989008903503418 0.9999911189079285 0.9993994235992432 0.9983999729156494 0.9988994598388672
0.009294695220887661 0.9983014464378357 0.9998708963394165 0.9986989498138428 0.9979000091552734 0.9982993006706238 0.010224138386547565 0.9988009333610535 0.9999683499336243 0.9987999796867371 0.9987999796867371 0.9987999796867371
0.00974084623157978 0.9982389807701111 0.999815821647644 0.9986738562583923 0.9977999925613403 0.9982367753982544 0.006976528558880091 0.9986011385917664 0.9999926090240479 0.9987995028495789 0.9983999729156494 0.998599648475647
0.009444949217140675 0.998263955116272 0.9998582601547241 0.9988735914230347 0.9976500272750854 0.9982613921165466 0.007412368431687355 0.9987010359764099 0.9999890923500061 0.9989994168281555 0.9983999729156494 0.9986996650695801
0.009129587560892105 0.9982389807701111 0.9998220801353455 0.9986239075660706 0.9978500008583069 0.9982368350028992 0.00716064590960741 0.9990007877349854 0.9999929070472717 0.9990000128746033 0.9990000128746033 0.9990000128746033
0.009070119820535183 0.9983639121055603 0.9998259544372559 0.9987989664077759 0.9979249835014343 0.9983618259429932 0.006601788103580475 0.9988009333610535 0.9999932646751404 0.9991993308067322 0.9983999729156494 0.9987994432449341
0.009132368490099907 0.9983513951301575 0.9998236894607544 0.9986741542816162 0.9980250000953674 0.9983494877815247 0.006339773535728455 0.9991007447242737 0.9999961256980896 0.9993996620178223 0.9987999796867371 0.9990996718406677
0.009040936827659607 0.998263955116272 0.9998241066932678 0.998748779296875 0.9977750182151794 0.9982616305351257 0.00732381921261549 0.9986011385917664 0.9999898076057434 0.9991990327835083 0.9980000257492065 0.9985991716384888
0.009157520718872547 0.9983763694763184 0.9998475313186646 0.998724102973938 0.9980250000953674 0.9983744025230408 0.007180096581578255 0.9989008903503418 0.9998880624771118 0.9993994235992432 0.9983999729156494 0.9988994598388672
0.00925626140087843 0.9983389377593994 0.999763011932373 0.9987489581108093 0.9979249835014343 0.9983368515968323 0.007855452597141266 0.9988009333610535 0.9999921917915344 0.9987999796867371 0.9987999796867371 0.9987999796867371
0.008308147080242634 0.9985262751579285 0.9998903274536133 0.998974084854126 0.998075008392334 0.9985243082046509 0.00715278135612607 0.9990007877349854 0.9999942183494568 0.9988004565238953 0.9991999864578247 0.9990001916885376
0.008729715831577778 0.9984138607978821 0.9998120665550232 0.9987990856170654 0.9980250000953674 0.9984119534492493 0.0066511924378573895 0.9989008903503418 0.9999933242797852 0.9989997744560242 0.9987999796867371 0.9988998770713806
0.00864414032548666 0.9984638094902039 0.9998638033866882 0.9988740682601929 0.9980499744415283 0.9984618425369263 0.0068848575465381145 0.9987010359764099 0.9999892115592957 0.9989994168281555 0.9983999729156494 0.9986996650695801
0.008551294915378094 0.9982889294624329 0.9998782277107239 0.9986739754676819 0.9979000091552734 0.9982869029045105 0.006242790725082159 0.9989008903503418 0.9999952912330627 0.9991995096206665 0.9986000061035156 0.9988996982574463
0.008829674683511257 0.998451292514801 0.9998415112495422 0.9987742304801941 0.9981250166893005 0.9984495639801025 0.006246037781238556 0.9990007877349854 0.999994158744812 0.9993995428085327 0.9986000061035156 0.9989995956420898
0.008607362397015095 0.9986011981964111 0.9998515844345093 0.9990491271018982 0.9981499910354614 0.9985994100570679 0.006050002295523882 0.9991007447242737 0.9999960660934448 0.9993996620178223 0.9987999796867371 0.9990996718406677
0.008922034874558449 0.9982889294624329 0.9998502731323242 0.9987738132476807 0.9977999925613403 0.9982866644859314 0.006381440442055464 0.9989008903503418 0.9999951124191284 0.9989997744560242 0.9987999796867371 0.9988998770713806
0.008076941594481468 0.9986136555671692 0.9998436570167542 0.999049186706543 0.9981750249862671 0.9986119270324707 0.006989925634115934 0.9992006421089172 0.9999921917915344 0.9988009333610535 0.9995999932289124 0.9992002844810486
0.008321207948029041 0.9984887838363647 0.9998676180839539 0.9988241791725159 0.9981499910354614 0.9984869360923767 0.007237258367240429 0.9986011385917664 0.9999933242797852 0.9991990327835083 0.9980000257492065 0.9985991716384888
0.008440506644546986 0.9983264207839966 0.9998654723167419 0.9987239837646484 0.9979249835014343 0.9983242750167847 0.006292068399488926 0.9988009333610535 0.9999948740005493 0.9991993308067322 0.9983999729156494 0.9987994432449341
0.008242368698120117 0.9984263181686401 0.9998940229415894 0.9987741708755493 0.998075008392334 0.9984244704246521 0.0067032454535365105 0.9990007877349854 0.9999922513961792 0.9995995163917542 0.9983999729156494 0.9989994168281555
0.008180188946425915 0.998626172542572 0.9998682141304016 0.9989742636680603 0.9982749819755554 0.9986245036125183 0.007553361356258392 0.9989008903503418 0.9999852776527405 0.9991995096206665 0.9986000061035156 0.9988996982574463
0.008988888934254646 0.9984013438224792 0.9998248815536499 0.9988240003585815 0.9979749917984009 0.9983993172645569 0.00602194108068943 0.9992006421089172 0.9999958276748657 0.9991999864578247 0.9991999864578247 0.9991999864578247
0.008178210817277431 0.998438835144043 0.9999167323112488 0.9988240599632263 0.9980499744415283 0.9984368085861206 0.006744011305272579 0.998501181602478 0.9999940395355225 0.9980019927024841 0.9990000128746033 0.9985007643699646
0.008525624871253967 0.9984138607978821 0.9998523592948914 0.9986244440078735 0.998199999332428 0.9984121918678284 0.006397072691470385 0.9989008903503418 0.999994158744812 0.9993994235992432 0.9983999729156494 0.9988994598388672
0.008253857493400574 0.9986511468887329 0.9998292326927185 0.9988994598388672 0.9983999729156494 0.9986496567726135 0.007206035777926445 0.9989008903503418 0.9999869465827942 0.9993994235992432 0.9983999729156494 0.9988994598388672
0.007933518849313259 0.9985387325286865 0.9998947381973267 0.9988992214202881 0.9981750249862671 0.998537003993988 0.005852516740560532 0.9990007877349854 0.9999954700469971 0.9993995428085327 0.9986000061035156 0.9989995956420898
0.008072277531027794 0.9986761212348938 0.9998690485954285 0.9991242289543152 0.9982249736785889 0.9986743927001953 0.006555255502462387 0.9990007877349854 0.9999908804893494 0.9991996884346008 0.9987999796867371 0.9989997744560242
0.007902338169515133 0.9987885355949402 0.9998828172683716 0.9990744590759277 0.9984999895095825 0.9987871050834656 0.006370860617607832 0.9988009333610535 0.9999933242797852 0.9993993043899536 0.998199999332428 0.9987992644309998
0.008187726140022278 0.9984638094902039 0.999852180480957 0.998849093914032 0.998075008392334 0.9984618425369263 0.006304780021309853 0.9989008903503418 0.9999944567680359 0.9991995096206665 0.9986000061035156 0.9988996982574463
0.008151475340127945 0.9985387325286865 0.9999028444290161 0.998974084854126 0.9980999827384949 0.9985368251800537 0.0060283043421804905 0.9990007877349854 0.9999961853027344 0.9991996884346008 0.9987999796867371 0.9989997744560242
0.007901926524937153 0.9986636638641357 0.999869167804718 0.9990991950035095 0.9982249736785889 0.9986618757247925 0.007748988922685385 0.9986011385917664 0.9999871253967285 0.9986000061035156 0.9986000061035156 0.9986000061035156
0.008071263320744038 0.9986636638641357 0.999864399433136 0.9991491436958313 0.9981750249862671 0.9986618161201477 0.007227221503853798 0.998501181602478 0.9999931454658508 0.9980019927024841 0.9990000128746033 0.9985007643699646
0.00817199144512415 0.9987010955810547 0.9998438954353333 0.9990992546081543 0.9983000159263611 0.9986994862556458 0.006616853177547455 0.9988009333610535 0.9999945759773254 0.9986005425453186 0.9990000128746033 0.9988002181053162
0.008137453347444534 0.9986136555671692 0.9998572468757629 0.9989992380142212 0.9982249736785889 0.9986119866371155 0.006019641179591417 0.9992006421089172 0.9999945163726807 0.9993997812271118 0.9990000128746033 0.9991998672485352
0.00818515382707119 0.9985762238502502 0.999856173992157 0.9988992810249329 0.9982500076293945 0.9985745549201965 0.005990115460008383 0.9990007877349854 0.9999944567680359 0.9991996884346008 0.9987999796867371 0.9989997744560242
0.00821934174746275 0.9985637068748474 0.9998318552970886 0.9989491701126099 0.9981750249862671 0.9985619187355042 0.006993442308157682 0.9990007877349854 0.9999920129776001 0.9995995163917542 0.9983999729156494 0.9989994168281555
0.007961427792906761 0.9985762238502502 0.9998440146446228 0.9989742040634155 0.9981750249862671 0.998574435710907 0.006408064626157284 0.9988009333610535 0.9999924898147583 0.9991993308067322 0.9983999729156494 0.9987994432449341
0.008204659447073936 0.9985013008117676 0.9998658299446106 0.9988492131233215 0.9981499910354614 0.9984994530677795 0.006353190168738365 0.9987010359764099 0.9999933838844299 0.998799741268158 0.9986000061035156 0.9986998438835144
0.007777085527777672 0.9986636638641357 0.9998827576637268 0.9990991950035095 0.9982249736785889 0.9986618757247925 0.0059143174439668655 0.9987010359764099 0.9999969005584717 0.9986003041267395 0.9987999796867371 0.9987001419067383
0.007791996467858553 0.9985886812210083 0.9998583793640137 0.9989492297172546 0.9982249736785889 0.9985869526863098 0.005909434985369444 0.9990007877349854 0.9999954104423523 0.9991996884346008 0.9987999796867371 0.9989997744560242
0.008291534148156643 0.9985262751579285 0.9998391270637512 0.9990240335464478 0.9980250000953674 0.9985241889953613 0.006449370179325342 0.9990007877349854 0.9999931454658508 0.9995995163917542 0.9983999729156494 0.9989994168281555
0.007674530614167452 0.9986761212348938 0.9998944401741028 0.9989743828773499 0.9983749985694885 0.9986746311187744 0.005784913897514343 0.9990007877349854 0.9999953508377075 0.9993995428085327 0.9986000061035156 0.9989995956420898
0.007457308936864138 0.9987760186195374 0.9998953342437744 0.9990994334220886 0.998449981212616 0.9987745881080627 0.006205722223967314 0.9988009333610535 0.9999942779541016 0.9991993308067322 0.9983999729156494 0.9987994432449341
0.0074081700295209885 0.9986011981964111 0.9998978972434998 0.9990491271018982 0.9981499910354614 0.9985994100570679 0.006730556953698397 0.9987010359764099 0.9999935030937195 0.9991992115974426 0.998199999332428 0.9986993670463562
0.007673349231481552 0.9986136555671692 0.9998841881752014 0.9990741610527039 0.9981499910354614 0.9986119270324707 0.005599286872893572 0.9989008903503418 0.9999967217445374 0.9989997744560242 0.9987999796867371 0.9988998770713806
0.007560244761407375 0.9987635612487793 0.9998343586921692 0.999074399471283 0.998449981212616 0.9987620711326599 0.005844579078257084 0.9990007877349854 0.999994695186615 0.9993995428085327 0.9986000061035156 0.9989995956420898
0.007669266313314438 0.9987385869026184 0.9998470544815063 0.999074399471283 0.9983999729156494 0.9987370371818542 0.0071634165942668915 0.9986011385917664 0.999992847442627 0.9986000061035156 0.9986000061035156 0.9986000061035156
0.007703251205384731 0.9986636638641357 0.9998711347579956 0.9990242719650269 0.9983000159263611 0.9986620545387268 0.006174091715365648 0.9989008903503418 0.9999944567680359 0.9993994235992432 0.9983999729156494 0.9988994598388672
0.00770189706236124 0.9985637068748474 0.9998942613601685 0.9987994432449341 0.998324990272522 0.9985621571540833 0.006309921853244305 0.9988009333610535 0.9999933242797852 0.9991993308067322 0.9983999729156494 0.9987994432449341
0.0077834040857851505 0.998626172542572 0.9998694658279419 0.9990991353988647 0.9981499910354614 0.998624324798584 0.005918098613619804 0.9990007877349854 0.9999948740005493 0.9991996884346008 0.9987999796867371 0.9989997744560242
0.007273871451616287 0.9987136125564575 0.9998857975006104 0.9990493655204773 0.9983749985694885 0.9987120628356934 0.006396387238055468 0.9990007877349854 0.9999922513961792 0.9995995163917542 0.9983999729156494 0.9989994168281555
0.00724829314276576 0.9986636638641357 0.9999340176582336 0.9990242719650269 0.9983000159263611 0.9986620545387268 0.005661162547767162 0.9991007447242737 0.9999953508377075 0.9993996620178223 0.9987999796867371 0.9990996718406677
0.007072468753904104 0.9988260269165039 0.9998622536659241 0.9991494417190552 0.9984999895095825 0.9988245964050293 0.005572175141423941 0.9990007877349854 0.9999957084655762 0.9991996884346008 0.9987999796867371 0.9989997744560242
0.0069582341238856316 0.9988009929656982 0.9998752474784851 0.9990245699882507 0.99857497215271 0.9987996816635132 0.005858161952346563 0.9989008903503418 0.999995231628418 0.9989997744560242 0.9987999796867371 0.9988998770713806
0.007307041436433792 0.9986511468887329 0.9999340772628784 0.9988994598388672 0.9983999729156494 0.9986496567726135 0.006033338140696287 0.9989008903503418 0.9999946355819702 0.9986008405685425 0.9991999864578247 0.9989003539085388
0.006932719610631466 0.9987010955810547 0.9999247193336487 0.9990243911743164 0.9983749985694885 0.9986996650695801 0.006028876174241304 0.9989008903503418 0.9999939799308777 0.9995994567871094 0.998199999332428 0.9988992810249329
0.007122154347598553 0.9987510442733765 0.9998592734336853 0.9990993738174438 0.9983999729156494 0.9987495541572571 0.012343673966825008 0.9983013868331909 0.9998801350593567 0.9970077872276306 0.9995999932289124 0.9983022212982178
0.0077677625231444836 0.9986511468887329 0.9998558759689331 0.9990492463111877 0.9982500076293945 0.9986494779586792 0.00639778608456254 0.9989008903503418 0.999992311000824 0.9989997744560242 0.9987999796867371 0.9988998770713806
0.0072340709157288074 0.9986761212348938 0.9998984932899475 0.9990493059158325 0.9983000159263611 0.9986745715141296 0.005636621732264757 0.9990007877349854 0.9999961256980896 0.9993995428085327 0.9986000061035156 0.9989995956420898
0.00699557363986969 0.9988510012626648 0.9998970627784729 0.9992244243621826 0.9984750151634216 0.9988495707511902 0.005504073575139046 0.9990007877349854 0.9999963641166687 0.9991996884346008 0.9987999796867371 0.9989997744560242
0.006770048290491104 0.9989009499549866 0.9998756051063538 0.9992494583129883 0.9985499978065491 0.9988996386528015 0.00645921565592289 0.9990007877349854 0.9999914169311523 0.9995995163917542 0.9983999729156494 0.9989994168281555
0.0068037682212889194 0.9988510012626648 0.9998766779899597 0.9991994500160217 0.9984999895095825 0.9988495707511902 0.006009951699525118 0.9990007877349854 0.9999942183494568 0.9993995428085327 0.9986000061035156 0.9989995956420898
0.006913048680871725 0.9988260269165039 0.9998875856399536 0.9991744160652161 0.9984750151634216 0.9988245964050293 0.005853298585861921 0.9989008903503418 0.999994695186615 0.9989997744560242 0.9987999796867371 0.9988998770713806
0.00703765731304884 0.9988759756088257 0.9998739957809448 0.999099612236023 0.9986500144004822 0.9988747835159302 0.006081773433834314 0.9989008903503418 0.9999940395355225 0.9993994235992432 0.9983999729156494 0.9988994598388672
0.006928690243512392 0.9987010955810547 0.9998891353607178 0.9988995790481567 0.9984999895095825 0.9986997842788696 0.006063220556825399 0.9988009333610535 0.999995768070221 0.9987999796867371 0.9987999796867371 0.9987999796867371
0.007047634106129408 0.998838484287262 0.9998983144760132 0.9991744160652161 0.9984999895095825 0.9988370537757874 0.005571099929511547 0.9990007877349854 0.9999967217445374 0.9991996884346008 0.9987999796867371 0.9989997744560242
0.007179706357419491 0.9987010955810547 0.9999225735664368 0.9989244937896729 0.9984750151634216 0.9986997246742249 0.005690202582627535 0.9990007877349854 0.9999966621398926 0.9993995428085327 0.9986000061035156 0.9989995956420898
0.006951605435460806 0.9989633560180664 0.9998234510421753 0.999199628829956 0.9987249970436096 0.9989622831344604 0.00559866102412343 0.9991007447242737 0.9999956488609314 0.9993996620178223 0.9987999796867371 0.9990996718406677
0.007249738089740276 0.9987010955810547 0.9998966455459595 0.9989244937896729 0.9984750151634216 0.9986997246742249 0.0057315039448440075 0.9990007877349854 0.9999957084655762 0.9995995163917542 0.9983999729156494 0.9989994168281555
0.006915312726050615 0.9989508986473083 0.9998502731323242 0.9992745518684387 0.9986249804496765 0.9989496469497681 0.005758992396295071 0.9991007447242737 0.9999950528144836 0.9993996620178223 0.9987999796867371 0.9990996718406677
