loss_s0124 accuracy_s0124 val_auc_s0124 precision_s0124 recall_s0124 f1_score_s0124 val_loss_s0124 val_accuracy_s0124 val_val_auc_s0124 val_precision_s0124 val_recall_s0124 val_f1_score_s0124
0.15154168009757996 0.9492329359054565 0.9859599471092224 0.9457768797874451 0.9523500204086304 0.949052095413208 0.06968197971582413 0.9860973358154297 0.9971848726272583 0.9863891005516052 0.9855999946594238 0.9859943389892578
0.05831262096762657 0.9833672642707825 0.996695339679718 0.9843640327453613 0.9821000099182129 0.983230710029602 0.03348525986075401 0.9908639788627625 0.9987109303474426 0.9880668520927429 0.9936000108718872 0.9908257126808167
0.04295091703534126 0.9885308742523193 0.99785315990448 0.9902639985084534 0.9865999817848206 0.9884285926818848 0.024747898802161217 0.9950347542762756 0.9989081621170044 0.9948020577430725 0.995199978351593 0.9950010180473328
0.03575275093317032 0.9900451898574829 0.998529314994812 0.9912768602371216 0.9886500239372253 0.9899617433547974 0.026969118043780327 0.9936444759368896 0.9990024566650391 0.9912420511245728 0.9959999918937683 0.9936153888702393
0.029499417170882225 0.9916836023330688 0.9989802241325378 0.9930796027183533 0.990149974822998 0.9916126132011414 0.02135886624455452 0.9960278272628784 0.9995168447494507 1.0 0.9919999837875366 0.995983898639679
0.026583505794405937 0.9928255677223206 0.9990068078041077 0.9941834211349487 0.991349995136261 0.9927646517753601 0.021672634407877922 0.9940416812896729 0.9994633793830872 0.9908584952354431 0.9972000122070312 0.994019091129303
0.02465071715414524 0.9937689304351807 0.9990511536598206 0.9946401119232178 0.9927999973297119 0.9937191605567932 0.01694893278181553 0.9970208406448364 0.9995163679122925 0.9960079789161682 0.9980000257492065 0.9970029592514038
0.022512076422572136 0.994389533996582 0.9991999864578247 0.9954399466514587 0.9932500123977661 0.9943437576293945 0.01894942671060562 0.9966236352920532 0.9995454549789429 0.9991958141326904 0.9940000176429749 0.9965911507606506
0.023012975230813026 0.9942405819892883 0.9992439150810242 0.9952896237373352 0.9930999875068665 0.9941935539245605 0.015115930698812008 0.9978153109550476 0.9995294213294983 0.9979991912841797 0.9976000189781189 0.9977995753288269
0.019748972728848457 0.9948363900184631 0.9994329214096069 0.9959406852722168 0.9936500191688538 0.9947940111160278 0.015425647608935833 0.9974180459976196 0.9997290372848511 0.9975990653038025 0.9972000122070312 0.9973995089530945
0.019375931471586227 0.9952087998390198 0.99947190284729 0.9962419271469116 0.9940999746322632 0.9951698184013367 0.015288736671209335 0.997219443321228 0.9995531439781189 0.9979968070983887 0.996399998664856 0.9971977472305298
0.019482916221022606 0.9951342940330505 0.9995031356811523 0.9956452250480652 0.9945499897003174 0.995097279548645 0.0147260632365942 0.997616708278656 0.9995653629302979 0.9991974234580994 0.9959999918937683 0.9975961446762085
0.017866872251033783 0.9956804513931274 0.9994354844093323 0.9964940547943115 0.9947999715805054 0.9956462979316711 0.011870462447404861 0.9990069270133972 0.999578595161438 0.9991996884346008 0.9987999796867371 0.9989997744560242
0.017610007897019386 0.9956804513931274 0.9994760155677795 0.996742844581604 0.9945499897003174 0.9956452250480652 0.01465599611401558 0.9974180459976196 0.999531090259552 0.9964072108268738 0.9983999729156494 0.997402548789978
0.017338398844003677 0.9960280060768127 0.9994291663169861 0.9966953992843628 0.9952999949455261 0.9959972500801086 0.014263137243688107 0.997616708278656 0.9995740056037903 0.9987971186637878 0.996399998664856 0.9975971579551697
0.0181147251278162 0.9954074025154114 0.9993869662284851 0.9965418577194214 0.9941999912261963 0.995369553565979 0.013926934450864792 0.998609721660614 0.9995664954185486 0.9987995028495789 0.9983999729156494 0.998599648475647
0.01591523550450802 0.9964748620986938 0.9995031952857971 0.9976443648338318 0.9952499866485596 0.9964457154273987 0.017364345490932465 0.9968222379684448 0.9995124340057373 0.9971977472305298 0.996399998664856 0.9967986941337585
0.01536455750465393 0.9964003562927246 0.9995452761650085 0.9970957636833191 0.9956499934196472 0.9963723421096802 0.02354458160698414 0.9940416812896729 0.9995384216308594 0.9995954632759094 0.9883999824523926 0.9939662218093872
0.017623843625187874 0.9957053065299988 0.9994984269142151 0.9967927932739258 0.9945499897003174 0.9956701397895813 0.013232768513262272 0.9980139136314392 0.9995670318603516 0.9972044825553894 0.9987999796867371 0.9980015754699707
0.01606486737728119 0.9960031509399414 0.9995332956314087 0.9964466094970703 0.9955000281333923 0.9959730505943298 0.012843187898397446 0.997219443321228 0.999740481376648 0.9979968070983887 0.996399998664856 0.9971977472305298
0.018689822405576706 0.9954570531845093 0.9992579817771912 0.9958961009979248 0.994949996471405 0.9954228401184082 0.014804708771407604 0.9974180459976196 0.9995632171630859 0.997201144695282 0.9976000189781189 0.9974005818367004
0.01594896800816059 0.9960776567459106 0.9995241165161133 0.9971437454223633 0.994949996471405 0.9960456490516663 0.01347483042627573 0.9980139136314392 0.9997261762619019 0.9972044825553894 0.9987999796867371 0.9980015754699707
0.016378728672862053 0.9964003562927246 0.9994410276412964 0.9970459938049316 0.9957000017166138 0.9963725209236145 0.018653666600584984 0.997219443321228 0.9993595480918884 0.9987961649894714 0.9955999851226807 0.9971954822540283
0.014138084836304188 0.9971203207969666 0.9996170997619629 0.9976474046707153 0.9965500235557556 0.997098445892334 0.01346642803400755 0.997616708278656 0.9997521638870239 0.9976000189781189 0.9976000189781189 0.9976000189781189
0.01486696396023035 0.9967479109764099 0.9994770884513855 0.9976456165313721 0.9958000183105469 0.9967219829559326 0.013981842435896397 0.9978153109550476 0.9995757937431335 0.9983980655670166 0.9972000122070312 0.9977986812591553
0.014183507300913334 0.996872067451477 0.9996565580368042 0.997347354888916 0.9963499903678894 0.9968483448028564 0.012556108646094799 0.9984111189842224 0.9997457265853882 0.9980015754699707 0.9987999796867371 0.9984005689620972
0.01635470613837242 0.9961521029472351 0.9993569254875183 0.9969947338104248 0.9952499866485596 0.9961215853691101 0.014934265986084938 0.9982125163078308 0.9997557997703552 0.9976028800010681 0.9987999796867371 0.9982010722160339
0.015997983515262604 0.9964996576309204 0.9994581341743469 0.9975447058677673 0.9954000115394592 0.9964711666107178 0.014705028384923935 0.9980139136314392 0.9993494153022766 0.9980000257492065 0.9980000257492065 0.9980000257492065
0.012519125826656818 0.9975175261497498 0.9996166229248047 0.9980478286743164 0.9969499707221985 0.997498631477356 0.014353818260133266 0.9984111189842224 0.999375581741333 0.9976038336753845 0.9991999864578247 0.9984012842178345
0.013710624538362026 0.9968472123146057 0.9995937347412109 0.9974966049194336 0.996150016784668 0.9968228936195374 0.012705347500741482 0.998609721660614 0.9997767806053162 0.9980024099349976 0.9991999864578247 0.9986008405685425
0.01331484504044056 0.996872067451477 0.9996588826179504 0.9975963830947876 0.9961000084877014 0.9968475699424744 0.013799621723592281 0.9984111189842224 0.9995607137680054 0.9976038336753845 0.9991999864578247 0.9984012842178345
0.014043589122593403 0.9967727661132812 0.9995777606964111 0.9973965883255005 0.9961000084877014 0.9967478513717651 0.014421140775084496 0.9978153109550476 0.999768078327179 0.9983980655670166 0.9972000122070312 0.9977986812591553
0.012938001193106174 0.9971699714660645 0.9997064471244812 0.9978469610214233 0.9964500069618225 0.9971479773521423 0.013814525678753853 0.9982125163078308 0.9997708797454834 0.9980008006095886 0.9983999729156494 0.9982003569602966
0.016403548419475555 0.9963507056236267 0.9994527697563171 0.9973445534706116 0.9952999949455261 0.9963212013244629 0.013871829025447369 0.9984111189842224 0.9995735287666321 0.9980015754699707 0.9987999796867371 0.9984005689620972
0.01192733459174633 0.9977409243583679 0.9997013807296753 0.9984477758407593 0.996999979019165 0.9977233409881592 0.013867802917957306 0.9982125163078308 0.999580979347229 0.9987985491752625 0.9976000189781189 0.998198926448822
0.013574427925050259 0.9972444176673889 0.9996059536933899 0.9979968667030334 0.9964500069618225 0.9972228407859802 0.014867336489260197 0.998609721660614 0.9991866946220398 0.9980024099349976 0.9991999864578247 0.9986008405685425
0.012669021263718605 0.9974430203437805 0.9996774196624756 0.9980974197387695 0.996749997138977 0.9974232912063599 0.01674555242061615 0.9974180459976196 0.9993665814399719 0.9956157803535461 0.9991999864578247 0.9974046349525452
0.013931838795542717 0.9970706701278687 0.999555230140686 0.9978964328765869 0.9962000250816345 0.997047483921051 0.01586788333952427 0.9978153109550476 0.9995809197425842 0.9979991912841797 0.9976000189781189 0.9977995753288269
0.01205009501427412 0.9973933696746826 0.9997184872627258 0.9980473518371582 0.9966999888420105 0.9973731637001038 0.015581127256155014 0.9982125163078308 0.9993850588798523 0.9976028800010681 0.9987999796867371 0.9982010722160339
0.011766417883336544 0.9975671768188477 0.9997076988220215 0.9984971284866333 0.9965999722480774 0.9975476264953613 0.013490120880305767 0.9984111189842224 0.999579131603241 0.9980015754699707 0.9987999796867371 0.9984005689620972
0.012220371514558792 0.9975175261497498 0.999701976776123 0.9980478286743164 0.9969499707221985 0.997498631477356 0.011744240298867226 0.9984111189842224 0.9995671510696411 0.9987990260124207 0.9980000257492065 0.9983993768692017
0.011760708875954151 0.9974678754806519 0.9997249245643616 0.9982970952987671 0.9965999722480774 0.9974477887153625 0.01260347105562687 0.998609721660614 0.9997783899307251 0.9980024099349976 0.9991999864578247 0.9986008405685425
0.012799647636711597 0.9974678754806519 0.9996614456176758 0.9983470439910889 0.9965500235557556 0.9974477291107178 0.016019606962800026 0.9974180459976196 0.9993787407875061 0.9979975819587708 0.9968000054359436 0.9973984360694885
0.013427285477519035 0.9972940683364868 0.9995622038841248 0.9982466101646423 0.9962999820709229 0.9972723126411438 0.016243191435933113 0.9980139136314392 0.9993137717247009 0.9976019263267517 0.9983999729156494 0.9980007410049438
0.011701151728630066 0.9974430203437805 0.9997476935386658 0.9981971979141235 0.996649980545044 0.997422993183136 0.01563292182981968 0.997616708278656 0.9995796084403992 0.9983974099159241 0.9968000054359436 0.9975980520248413
0.012100054882466793 0.9977161288261414 0.9996762275695801 0.9984476566314697 0.9969499707221985 0.9976982474327087 0.01449669525027275 0.997616708278656 0.9995654225349426 0.9979984164237976 0.9972000122070312 0.9975990056991577
0.011794251389801502 0.9976416230201721 0.9997768402099609 0.9983475804328918 0.9969000220298767 0.9976232647895813 0.014220352284610271 0.9984111189842224 0.9993797540664673 0.9983999729156494 0.9983999729156494 0.9983999729156494
0.012838274240493774 0.9975175261497498 0.9996223449707031 0.9982473850250244 0.996749997138977 0.9974981546401978 0.014366674236953259 0.9980139136314392 0.9995855689048767 0.9980000257492065 0.9980000257492065 0.9980000257492065
0.012843475677073002 0.9975671768188477 0.9996259808540344 0.9982974529266357 0.9968000054359436 0.9975481629371643 0.021837742999196053 0.9966236352920532 0.9985814094543457 0.9944245219230652 0.9987999796867371 0.9966074228286743
0.012057983316481113 0.9976416230201721 0.9997457265853882 0.9983975291252136 0.9968500137329102 0.9976231455802917 0.014533475041389465 0.9980139136314392 0.9993835687637329 0.9972044825553894 0.9987999796867371 0.9980015754699707
0.011589337140321732 0.9978650808334351 0.9996971487998962 0.9984481334686279 0.9972500205039978 0.9978486895561218 0.013531379401683807 0.9980139136314392 0.9995883107185364 0.9983987212181091 0.9976000189781189 0.9979991912841797
0.010972338728606701 0.9978898763656616 0.9997872114181519 0.9983983039855957 0.9973499774932861 0.997873842716217 0.013517854735255241 0.9980139136314392 0.9997560977935791 0.9980000257492065 0.9980000257492065 0.9980000257492065
0.013653555884957314 0.9972444176673889 0.9996785521507263 0.9979968667030334 0.9964500069618225 0.9972228407859802 0.014138786122202873 0.9982125163078308 0.9993890523910522 0.9980008006095886 0.9983999729156494 0.9982003569602966
0.012571022845804691 0.997368574142456 0.9997219443321228 0.9981969594955444 0.9965000152587891 0.9973477721214294 0.016267379745841026 0.9984111189842224 0.9995816946029663 0.9976038336753845 0.9991999864578247 0.9984012842178345
0.011639503762125969 0.9976416230201721 0.9997066855430603 0.9981979131698608 0.9970499873161316 0.99762362241745 0.0143967280164361 0.9980139136314392 0.9995600581169128 0.9972044825553894 0.9987999796867371 0.9980015754699707
0.010223288089036942 0.9981132745742798 0.999843955039978 0.9986984133720398 0.9975000023841858 0.9980988502502441 0.01599908247590065 0.998609721660614 0.9993879199028015 0.9980024099349976 0.9991999864578247 0.9986008405685425
0.010537724941968918 0.9982125759124756 0.9997420310974121 0.9987985491752625 0.9976000189781189 0.998198926448822 0.013701305724680424 0.9982125163078308 0.9995706677436829 0.9976028800010681 0.9987999796867371 0.9982010722160339
0.011162638664245605 0.9977409243583679 0.9998070597648621 0.9984976649284363 0.9969499707221985 0.9977232217788696 0.020516347140073776 0.997616708278656 0.9993597269058228 0.9983974099159241 0.9968000054359436 0.9975980520248413
0.012048287317156792 0.9974678754806519 0.9997331500053406 0.9980476498603821 0.9968500137329102 0.9974485039710999 0.014106073416769505 0.997616708278656 0.9995784759521484 0.9987971186637878 0.996399998664856 0.9975971579551697
0.011238355189561844 0.9980884790420532 0.9997382164001465 0.998648464679718 0.9975000023841858 0.998073935508728 0.013443129137158394 0.9980139136314392 0.9993858337402344 0.9991980791091919 0.9968000054359436 0.9979975819587708
0.011467011645436287 0.9976664781570435 0.9997506737709045 0.9982479214668274 0.9970499873161316 0.9976485967636108 0.014224118553102016 0.9982125163078308 0.999579131603241 0.9980008006095886 0.9983999729156494 0.9982003569602966
0.011680576018989086 0.9978154301643372 0.9997050762176514 0.9985477924346924 0.9970499873161316 0.9977983236312866 0.012238752096891403 0.9984111189842224 0.9997446537017822 0.9980015754699707 0.9987999796867371 0.9984005689620972
0.010816948488354683 0.9978154301643372 0.9998094439506531 0.9986476898193359 0.9969499707221985 0.9977981448173523 0.011923356913030148 0.998609721660614 0.9995653629302979 0.9984006285667419 0.9987999796867371 0.9986002445220947
0.01110996026545763 0.998013973236084 0.9996644258499146 0.9985483884811401 0.9974499940872192 0.9979988932609558 0.014177472330629826 0.998609721660614 0.9993518590927124 0.9987995028495789 0.9983999729156494 0.998599648475647
0.009937888942658901 0.9982622265815735 0.9997926950454712 0.9988486170768738 0.9976500272750854 0.9982489943504333 0.01646840199828148 0.9974180459976196 0.9993644952774048 0.9968038201332092 0.9980000257492065 0.9974015355110168
0.012434466741979122 0.9975671768188477 0.9996213316917419 0.9982475638389587 0.9968500137329102 0.9975482821464539 0.014700016006827354 0.998609721660614 0.9993855357170105 0.9976047873497009 0.9995999932289124 0.9986013770103455
0.01223773043602705 0.9976664781570435 0.9996785521507263 0.9983476996421814 0.9969499707221985 0.9976483583450317 0.014237530529499054 0.9984111189842224 0.9993856549263 0.9976038336753845 0.9991999864578247 0.9984012842178345
0.010906017385423183 0.99769127368927 0.9997788071632385 0.9984975457191467 0.9968500137329102 0.9976730942726135 0.0132156852632761 0.9988083243370056 0.9993972182273865 0.9984012842178345 0.9991999864578247 0.9988004565238953
0.010498733259737492 0.9980388283729553 0.9997166991233826 0.9982990622520447 0.9977499842643738 0.9980244636535645 0.013466876931488514 0.998609721660614 0.9995882511138916 0.9991990327835083 0.9980000257492065 0.9985991716384888
0.012275870889425278 0.9977657794952393 0.9997926950454712 0.9985976219177246 0.9969000220298767 0.997748076915741 0.016940632835030556 0.9982125163078308 0.9993903040885925 0.9980008006095886 0.9983999729156494 0.9982003569602966
0.010751643218100071 0.9980884790420532 0.9996899962425232 0.998648464679718 0.9975000023841858 0.998073935508728 0.013445373624563217 0.9984111189842224 0.9995757937431335 0.9991987347602844 0.9976000189781189 0.9983987212181091
0.010733312927186489 0.9978154301643372 0.9998047351837158 0.998797595500946 0.9968000054359436 0.9977978467941284 0.017113933339715004 0.9984111189842224 0.9993458390235901 0.9976038336753845 0.9991999864578247 0.9984012842178345
0.010501638986170292 0.9979643225669861 0.9998619556427002 0.9983985424041748 0.9975000023841858 0.9979490637779236 0.011868967674672604 0.9988083243370056 0.9997813701629639 0.9987999796867371 0.9987999796867371 0.9987999796867371
0.010182171128690243 0.9981381297111511 0.999844491481781 0.9988483190536499 0.9973999857902527 0.9981236457824707 0.012407241389155388 0.9988083243370056 0.9991929531097412 0.9987999796867371 0.9987999796867371 0.9987999796867371
0.011678841896355152 0.9977657794952393 0.9997106790542603 0.9983479976654053 0.9971500039100647 0.9977486729621887 0.012798397801816463 0.9990069270133972 0.9991954565048218 0.9991996884346008 0.9987999796867371 0.9989997744560242
0.010652059689164162 0.9978154301643372 0.9998651146888733 0.9986976385116577 0.9969000220298767 0.9977980852127075 0.01283748634159565 0.998609721660614 0.9993842840194702 0.9984006285667419 0.9987999796867371 0.9986002445220947
0.01085637230426073 0.9979643225669861 0.9997623562812805 0.9985981583595276 0.9973000288009644 0.9979486465454102 0.017033850774168968 0.9982125163078308 0.9993680715560913 0.9972056150436401 0.9991999864578247 0.998201847076416
0.011324973776936531 0.9978898763656616 0.9996381998062134 0.9983983039855957 0.9973499774932861 0.997873842716217 0.012800652533769608 0.9988083243370056 0.9993916749954224 0.9984012842178345 0.9991999864578247 0.9988004565238953
0.011254972778260708 0.9975175261497498 0.9998332858085632 0.9981974959373474 0.9968000054359436 0.9974982738494873 0.01517641730606556 0.9990069270133972 0.9993696212768555 0.9988004565238953 0.9991999864578247 0.9990001916885376
0.012125576846301556 0.9978154301643372 0.9997013211250305 0.9986476898193359 0.9969499707221985 0.9977981448173523 0.014024983160197735 0.9982125163078308 0.999388575553894 0.9980008006095886 0.9983999729156494 0.9982003569602966
0.010605134069919586 0.9978402256965637 0.9998328685760498 0.9985479116439819 0.9970999956130981 0.9978234767913818 0.016372332349419594 0.9984111189842224 0.9993742108345032 0.9980015754699707 0.9987999796867371 0.9984005689620972
0.011158738285303116 0.9979643225669861 0.9996413588523865 0.9982988238334656 0.9976000189781189 0.9979492425918579 0.016567638143897057 0.998609721660614 0.999366819858551 0.9995992183685303 0.9976000189781189 0.998598575592041
0.01120762899518013 0.9979643225669861 0.9997589588165283 0.9985981583595276 0.9973000288009644 0.9979486465454102 0.015790382400155067 0.9982125163078308 0.9993829131126404 0.9976028800010681 0.9987999796867371 0.9982010722160339
0.010009474121034145 0.9979395270347595 0.9998670220375061 0.9986979961395264 0.9971500039100647 0.9979234337806702 0.013772004283964634 0.9982125163078308 0.9993890523910522 0.9987985491752625 0.9976000189781189 0.998198926448822
0.010282776318490505 0.9979891777038574 0.9997946619987488 0.9984485507011414 0.9975000023841858 0.9979740381240845 0.013811388052999973 0.9982125163078308 0.9993820786476135 0.9983993768692017 0.9980000257492065 0.9981997013092041
0.009942746721208096 0.9980636239051819 0.9998205304145813 0.9985984563827515 0.9975000023841858 0.9980489015579224 0.01668560318648815 0.9980139136314392 0.9989816546440125 0.9968076348304749 0.9991999864578247 0.9980023503303528
0.0091741643846035 0.9984608292579651 0.9998505711555481 0.9990988373756409 0.9977999925613403 0.9984489679336548 0.016698943451046944 0.9984111189842224 0.9993922114372253 0.9980015754699707 0.9987999796867371 0.9984005689620972
0.011895395815372467 0.9975671768188477 0.9997785091400146 0.9980978965759277 0.996999979019165 0.9975486397743225 0.014834906905889511 0.9978153109550476 0.9993569254875183 0.9979991912841797 0.9976000189781189 0.9977995753288269
0.010487737134099007 0.9980388283729553 0.9997876286506653 0.9984985589981079 0.9975500106811523 0.9980241060256958 0.017175476998090744 0.9980139136314392 0.9995827674865723 0.9987980723381042 0.9972000122070312 0.9979983568191528
0.00955741573125124 0.9982622265815735 0.9998239278793335 0.9990484714508057 0.9974499940872192 0.9982486367225647 0.016420641914010048 0.9988083243370056 0.9989883303642273 0.9984012842178345 0.9991999864578247 0.9988004565238953
0.010200935415923595 0.9982374310493469 0.9997655749320984 0.9986488223075867 0.9977999925613403 0.9982242584228516 0.015011504292488098 0.9984111189842224 0.9993605017662048 0.9976038336753845 0.9991999864578247 0.9984012842178345
0.010985450819134712 0.9981381297111511 0.9996645450592041 0.9988982677459717 0.9973499774932861 0.9981235265731812 0.014961537905037403 0.9980139136314392 0.999573290348053 0.9983987212181091 0.9976000189781189 0.9979991912841797
0.009571853093802929 0.9980636239051819 0.9998290538787842 0.9985984563827515 0.9975000023841858 0.9980489015579224 0.016515007242560387 0.9982125163078308 0.9994800686836243 0.9980008006095886 0.9983999729156494 0.9982003569602966
0.011358064599335194 0.9979146718978882 0.9997590184211731 0.9984982013702393 0.9973000288009644 0.9978987574577332 0.014824196696281433 0.9978153109550476 0.9993868470191956 0.999197781085968 0.996399998664856 0.997796893119812
0.010331534780561924 0.9978650808334351 0.9999141693115234 0.9986478090286255 0.9970499873161316 0.9978482723236084 0.01513493712991476 0.9988083243370056 0.9993918538093567 0.9987999796867371 0.9987999796867371 0.9987999796867371
0.010216247290372849 0.9981132745742798 0.9997690916061401 0.9987483620643616 0.9974499940872192 0.9980987310409546 0.015374996699392796 0.9980139136314392 0.999171793460846 0.9972044825553894 0.9987999796867371 0.9980015754699707
0.008015196770429611 0.998684287071228 0.9998612403869629 0.9991492033004761 0.998199999332428 0.9986743927001953 0.014354612678289413 0.9980139136314392 0.9991482496261597 0.9980000257492065 0.9980000257492065 0.9980000257492065
0.009617304429411888 0.9982870817184448 0.9998758435249329 0.9987987279891968 0.9977499842643738 0.9982740879058838 0.010348108597099781 0.998609721660614 0.9995904564857483 0.9984006285667419 0.9987999796867371 0.9986002445220947
0.010649438947439194 0.9978898763656616 0.9997965693473816 0.9983983039855957 0.9973499774932861 0.997873842716217 0.013829643838107586 0.9984111189842224 0.9993845820426941 0.999599039554596 0.9972000122070312 0.9983981251716614
0.010373006574809551 0.9978154301643372 0.999841034412384 0.9985477924346924 0.9970499873161316 0.9977983236312866 0.020148517563939095 0.9980139136314392 0.9991781115531921 0.9980000257492065 0.9980000257492065 0.9980000257492065
0.011287647299468517 0.9978650808334351 0.999683141708374 0.9985479712486267 0.9971500039100647 0.9978484511375427 0.020190002396702766 0.9982125163078308 0.9991862177848816 0.9983993768692017 0.9980000257492065 0.9981997013092041
0.011232302524149418 0.9977409243583679 0.9996927976608276 0.9984477758407593 0.996999979019165 0.9977233409881592 0.02094658836722374 0.9980139136314392 0.999278724193573 0.9987980723381042 0.9972000122070312 0.9979983568191528
0.010490613989531994 0.9980884790420532 0.9997926950454712 0.9985985159873962 0.9975500106811523 0.9980739951133728 0.015672484412789345 0.9984111189842224 0.9993364214897156 0.9980015754699707 0.9987999796867371 0.9984005689620972
0.010303834453225136 0.998187780380249 0.9996915459632874 0.9987984895706177 0.9975500106811523 0.9981738328933716 0.017065903171896935 0.9974180459976196 0.9995344281196594 0.9983968138694763 0.996399998664856 0.9973974227905273
0.01150235440582037 0.9978650808334351 0.9996398091316223 0.9984481334686279 0.9972500205039978 0.9978486895561218 0.01564200408756733 0.9982125163078308 0.9993206262588501 0.9991983771324158 0.9972000122070312 0.9981982111930847
0.009309874847531319 0.9983367323875427 0.9998300671577454 0.9989486932754517 0.9976999759674072 0.9983239769935608 0.015609689988195896 0.9980139136314392 0.9993512034416199 0.9972044825553894 0.9987999796867371 0.9980015754699707
0.009921528398990631 0.9980884790420532 0.9998666644096375 0.9985985159873962 0.9975500106811523 0.9980739951133728 0.015057781711220741 0.9982125163078308 0.9993850588798523 0.9980008006095886 0.9983999729156494 0.9982003569602966
0.012373877689242363 0.9974678754806519 0.9996528625488281 0.9980975389480591 0.9968000054359436 0.9974483251571655 0.015711994841694832 0.9980139136314392 0.9995695948600769 0.9983987212181091 0.9976000189781189 0.9979991912841797
0.010037580505013466 0.9981629252433777 0.9997954368591309 0.9988483786582947 0.9974499940872192 0.9981487393379211 0.013688159175217152 0.9984111189842224 0.9993850588798523 0.9983999729156494 0.9983999729156494 0.9983999729156494
0.00926201418042183 0.9984856843948364 0.9998194575309753 0.9990988969802856 0.9978500008583069 0.9984740614891052 0.01275880541652441 0.998609721660614 0.9993487000465393 0.9980024099349976 0.9991999864578247 0.9986008405685425
0.009430287405848503 0.9982870817184448 0.9998466372489929 0.9990485310554504 0.9975000023841858 0.9982736706733704 0.01577364280819893 0.9974180459976196 0.9993278384208679 0.9968038201332092 0.9980000257492065 0.9974015355110168
0.009323032572865486 0.9982374310493469 0.999929666519165 0.9985989332199097 0.9978500008583069 0.9982243180274963 0.013309448026120663 0.9988083243370056 0.9993942975997925 0.9984012842178345 0.9991999864578247 0.9988004565238953
0.00960481446236372 0.9983615279197693 0.9997997879981995 0.9987989068031311 0.9979000091552734 0.9983492493629456 0.01529307197779417 0.998609721660614 0.999177098274231 0.9987995028495789 0.9983999729156494 0.998599648475647
0.010567248798906803 0.9975919723510742 0.999866247177124 0.9981977343559265 0.9969499707221985 0.9975734353065491 0.012080485001206398 0.9984111189842224 0.9995763301849365 0.9980015754699707 0.9987999796867371 0.9984005689620972
0.010214556939899921 0.9981629252433777 0.9997636675834656 0.9989982843399048 0.9973000288009644 0.9981484413146973 0.018694479018449783 0.9978153109550476 0.999535322189331 0.998797595500946 0.9968000054359436 0.9977978467941284
0.010804913006722927 0.9978402256965637 0.999792218208313 0.9986477494239807 0.996999979019165 0.9978232383728027 0.015057099051773548 0.998609721660614 0.9989991188049316 0.9987995028495789 0.9983999729156494 0.998599648475647
0.01052004937082529 0.9979643225669861 0.9997699856758118 0.9985482692718506 0.9973499774932861 0.9979487657546997 0.01800975762307644 0.9980139136314392 0.9993857741355896 0.9983987212181091 0.9976000189781189 0.9979991912841797
0.00970437377691269 0.9982125759124756 0.9998703598976135 0.9988484978675842 0.9975500106811523 0.9981988668441772 0.014327391050755978 0.9980139136314392 0.9995697736740112 0.9987980723381042 0.9972000122070312 0.9979983568191528
0.009902486577630043 0.9980884790420532 0.9998006820678711 0.9989481568336487 0.9972000122070312 0.9980733394622803 0.018129894509911537 0.9974180459976196 0.9996499419212341 0.9968038201332092 0.9980000257492065 0.9974015355110168
0.010502970777451992 0.9978898763656616 0.9998434782028198 0.9984981417655945 0.9972500205039978 0.9978736639022827 0.01898900233209133 0.9980139136314392 0.9993201494216919 0.9983987212181091 0.9976000189781189 0.9979991912841797
0.009797616861760616 0.9981381297111511 0.9998711943626404 0.9986485838890076 0.9976000189781189 0.9981240034103394 0.01801091432571411 0.9982125163078308 0.9993915557861328 0.9991983771324158 0.9972000122070312 0.9981982111930847
0.010303516872227192 0.9982125759124756 0.9997464418411255 0.9990484118461609 0.9973499774932861 0.9981984496116638 0.01674744300544262 0.9982125163078308 0.9993797540664673 0.9983993768692017 0.9980000257492065 0.9981997013092041
0.008922770619392395 0.9984111785888672 0.9999017119407654 0.9989988207817078 0.9977999925613403 0.9983990788459778 0.014228985644876957 0.9988083243370056 0.9993548393249512 0.9987999796867371 0.9987999796867371 0.9987999796867371
0.008998808450996876 0.9985353350639343 0.9998038411140442 0.9987993240356445 0.9982500076293945 0.99852454662323 0.019454991444945335 0.9988083243370056 0.9993464350700378 0.9987999796867371 0.9987999796867371 0.9987999796867371
0.009543649852275848 0.9984608292579651 0.9998213648796082 0.998898983001709 0.9980000257492065 0.9984493255615234 0.015283137559890747 0.9984111189842224 0.9991803169250488 0.9980015754699707 0.9987999796867371 0.9984005689620972
0.009730962105095387 0.9984111785888672 0.9997522830963135 0.9988989233970642 0.9979000091552734 0.9983991980552673 0.014183752238750458 0.998609721660614 0.9993888735771179 0.9984006285667419 0.9987999796867371 0.9986002445220947
0.010604365728795528 0.9978898763656616 0.9997920989990234 0.9983484148979187 0.9973999857902527 0.9978739619255066 0.016508018597960472 0.9984111189842224 0.9995623826980591 0.9983999729156494 0.9983999729156494 0.9983999729156494
0.009656933136284351 0.9983118772506714 0.9997740983963013 0.9989486336708069 0.9976500272750854 0.9982988238334656 0.017255129292607307 0.998609721660614 0.999354362487793 0.9991990327835083 0.9980000257492065 0.9985991716384888
0.008855903521180153 0.9984111785888672 0.9998286366462708 0.9988989233970642 0.9979000091552734 0.9983991980552673 0.018725836649537086 0.9982125163078308 0.9993354678153992 0.9991983771324158 0.9972000122070312 0.9981982111930847
0.009600944817066193 0.9982870817184448 0.9998742938041687 0.9988486766815186 0.9976999759674072 0.9982739686965942 0.02067628502845764 0.9988083243370056 0.9993916749954224 0.9987999796867371 0.9987999796867371 0.9987999796867371
0.01130836084485054 0.9975919723510742 0.9997406005859375 0.9981478452682495 0.996999979019165 0.9975735545158386 0.01538075041025877 0.9982125163078308 0.999582052230835 0.9983993768692017 0.9980000257492065 0.9981997013092041
0.009278986603021622 0.998510479927063 0.9998255372047424 0.9990489482879639 0.99795001745224 0.9984991550445557 0.016981076449155807 0.998609721660614 0.9995931386947632 0.9984006285667419 0.9987999796867371 0.9986002445220947
0.0100172758102417 0.9980884790420532 0.999874472618103 0.9987483024597168 0.9973999857902527 0.9980736970901489 0.0156993605196476 0.9982125163078308 0.9995800852775574 0.9987985491752625 0.9976000189781189 0.998198926448822
0.009601852856576443 0.9982870817184448 0.999841034412384 0.9987987279891968 0.9977499842643738 0.9982740879058838 0.01432797685265541 0.9982125163078308 0.9991894364356995 0.9983993768692017 0.9980000257492065 0.9981997013092041
0.009176971390843391 0.9984360337257385 0.9998998045921326 0.9991487860679626 0.9976999759674072 0.9984238147735596 0.015151484869420528 0.9982125163078308 0.9995913505554199 0.9983993768692017 0.9980000257492065 0.9981997013092041
0.008935816586017609 0.9984608292579651 0.9998326897621155 0.9989489316940308 0.99795001745224 0.9984492659568787 0.013601093553006649 0.9984111189842224 0.9995433688163757 0.999599039554596 0.9972000122070312 0.9983981251716614
0.010612109676003456 0.9978898763656616 0.9998156428337097 0.9985979795455933 0.9971500039100647 0.9978734254837036 0.011874792166054249 0.9984111189842224 0.9993834495544434 0.9976038336753845 0.9991999864578247 0.9984012842178345
0.010143674910068512 0.9981381297111511 0.9998213648796082 0.9987484216690063 0.9975000023841858 0.9981237649917603 0.012586579658091068 0.9984111189842224 0.9997239708900452 0.9983999729156494 0.9983999729156494 0.9983999729156494
0.009495209902524948 0.9981629252433777 0.999801516532898 0.9988483786582947 0.9974499940872192 0.9981487393379211 0.014778569340705872 0.9984111189842224 0.9993911981582642 0.9980015754699707 0.9987999796867371 0.9984005689620972
0.009086556732654572 0.9982622265815735 0.9998225569725037 0.9987487196922302 0.9977499842643738 0.9982491135597229 0.01580507680773735 0.997616708278656 0.9993709921836853 0.9972022175788879 0.9980000257492065 0.9976009130477905
0.008827713318169117 0.9986346364021301 0.9998278617858887 0.9991490840911865 0.9980999827384949 0.9986242055892944 0.012095188722014427 0.998609721660614 0.9993776082992554 0.9987995028495789 0.9983999729156494 0.998599648475647
0.009522396139800549 0.9983615279197693 0.9997227787971497 0.9988988041877747 0.9977999925613403 0.9983490705490112 0.016794070601463318 0.9980139136314392 0.9989980459213257 0.9968076348304749 0.9991999864578247 0.9980023503303528
0.009115567430853844 0.9984360337257385 0.9998519420623779 0.9990987777709961 0.9977499842643738 0.9984238743782043 0.015202700160443783 0.998609721660614 0.9995818734169006 0.9995992183685303 0.9976000189781189 0.998598575592041
0.009955964982509613 0.9982870817184448 0.9997925758361816 0.9988486766815186 0.9976999759674072 0.9982739686965942 0.016310030594468117 0.9974180459976196 0.9995819926261902 0.9975990653038025 0.9972000122070312 0.9973995089530945
0.010368156246840954 0.9979395270347595 0.9997478127479553 0.99839848279953 0.9974499940872192 0.9979240894317627 0.01765803061425686 0.9974180459976196 0.9993670582771301 0.9987966418266296 0.9959999918937683 0.9973963499069214
0.008903794921934605 0.998510479927063 0.9997794032096863 0.9990489482879639 0.99795001745224 0.9984991550445557 0.013736569322645664 0.9980139136314392 0.9993557333946228 0.9980000257492065 0.9980000257492065 0.9980000257492065
0.009743928909301758 0.9983863830566406 0.9997986555099487 0.9988489151000977 0.9979000091552734 0.9983742833137512 0.01168270967900753 0.998609721660614 0.9995763301849365 0.9984006285667419 0.9987999796867371 0.9986002445220947
0.010391839779913425 0.9983367323875427 0.9997400641441345 0.9988487958908081 0.9977999925613403 0.9983240962028503 0.011408534832298756 0.998609721660614 0.999779224395752 0.9987995028495789 0.9983999729156494 0.998599648475647
0.008009277284145355 0.9988332390785217 0.9998593926429749 0.9994493126869202 0.998199999332428 0.9988242983818054 0.015848921611905098 0.9984111189842224 0.9995782971382141 0.9983999729156494 0.9983999729156494 0.9983999729156494
0.010554554872214794 0.9980884790420532 0.9996904730796814 0.998698353767395 0.9974499940872192 0.9980738162994385 0.016098342835903168 0.9988083243370056 0.9993689060211182 0.9984012842178345 0.9991999864578247 0.9988004565238953
0.009140308015048504 0.9983863830566406 0.9998059272766113 0.9989488124847412 0.9977999925613403 0.9983741044998169 0.0183248408138752 0.9982125163078308 0.9993774890899658 0.9980008006095886 0.9983999729156494 0.9982003569602966
0.009084697812795639 0.9985849857330322 0.999801516532898 0.9989991784095764 0.9981499910354614 0.9985743761062622 0.015859875828027725 0.9984111189842224 0.9993719458580017 0.9980015754699707 0.9987999796867371 0.9984005689620972
0.009384355507791042 0.9982870817184448 0.9998007416725159 0.9987987279891968 0.9977499842643738 0.9982740879058838 0.014638698659837246 0.9980139136314392 0.9993898868560791 0.9980000257492065 0.9980000257492065 0.9980000257492065
0.009271770715713501 0.9985601305961609 0.9998513460159302 0.9990990161895752 0.9980000257492065 0.998549222946167 0.015204457566142082 0.9984111189842224 0.9991968274116516 0.9980015754699707 0.9987999796867371 0.9984005689620972
0.008886928670108318 0.9984360337257385 0.9998067617416382 0.998948872089386 0.9979000091552734 0.9984241724014282 0.014248207211494446 0.9982125163078308 0.9995930790901184 0.9983993768692017 0.9980000257492065 0.9981997013092041
0.00806070864200592 0.9987835884094238 0.9998835325241089 0.9993492364883423 0.998199999332428 0.9987742900848389 0.01576707325875759 0.998609721660614 0.998995304107666 0.9984006285667419 0.9987999796867371 0.9986002445220947
0.010885833762586117 0.9979395270347595 0.9997636675834656 0.998498260974884 0.9973499774932861 0.9979238510131836 0.020066004246473312 0.9988083243370056 0.9993885159492493 0.9987999796867371 0.9987999796867371 0.9987999796867371
0.010128390043973923 0.9979395270347595 0.9998677372932434 0.9985980987548828 0.9972500205039978 0.9979236125946045 0.015449668280780315 0.9984111189842224 0.9993762969970703 0.9976038336753845 0.9991999864578247 0.9984012842178345
0.009188782423734665 0.9983367323875427 0.9998739957809448 0.9987988471984863 0.9978500008583069 0.9983242154121399 0.016995105892419815 0.998609721660614 0.9993783235549927 0.9984006285667419 0.9987999796867371 0.9986002445220947
0.009152675047516823 0.9983367323875427 0.9997525811195374 0.9987988471984863 0.9978500008583069 0.9983242154121399 0.01573891192674637 0.9988083243370056 0.9995776414871216 0.9991993308067322 0.9983999729156494 0.9987994432449341
0.01088913343846798 0.9979891777038574 0.9997150897979736 0.9986981153488159 0.9972500205039978 0.9979735612869263 0.01585518755018711 0.997616708278656 0.9997537136077881 0.9987971186637878 0.996399998664856 0.9975971579551697
0.010084482841193676 0.998187780380249 0.9997986555099487 0.9987984895706177 0.9975500106811523 0.9981738328933716 0.014850943349301815 0.997616708278656 0.9993777871131897 0.9979984164237976 0.9972000122070312 0.9975990056991577
0.009740060195326805 0.9983615279197693 0.9997760653495789 0.99904865026474 0.9976500272750854 0.9983488917350769 0.01762808859348297 0.997616708278656 0.9993752837181091 0.9979984164237976 0.9972000122070312 0.9975990056991577
0.009163370355963707 0.9983367323875427 0.999804675579071 0.9989986419677734 0.9976500272750854 0.9983238577842712 0.014675719663500786 0.9980139136314392 0.9993865489959717 0.9987980723381042 0.9972000122070312 0.9979983568191528
0.008490856736898422 0.9986346364021301 0.9998351335525513 0.9989992380142212 0.9982500076293945 0.9986244440078735 0.015586921013891697 0.9988083243370056 0.9995912909507751 0.9991993308067322 0.9983999729156494 0.9987994432449341
0.009201395325362682 0.9983615279197693 0.9998767375946045 0.9987989068031311 0.9979000091552734 0.9983492493629456 0.015779856592416763 0.9982125163078308 0.9993340969085693 0.9983993768692017 0.9980000257492065 0.9981997013092041
0.010056830942630768 0.9980636239051819 0.9997511506080627 0.9985485672950745 0.9975500106811523 0.9980490803718567 0.017070062458515167 0.9980139136314392 0.9995594620704651 0.9976019263267517 0.9983999729156494 0.9980007410049438
0.01030590571463108 0.9981629252433777 0.9997493028640747 0.9984989762306213 0.9977999925613403 0.9981493353843689 0.018268413841724396 0.9984111189842224 0.9991806149482727 0.9983999729156494 0.9983999729156494 0.9983999729156494
0.008012241683900356 0.9986594319343567 0.9998864531517029 0.9991491436958313 0.9981499910354614 0.9986492395401001 0.017626259475946426 0.9982125163078308 0.9995806813240051 0.9987985491752625 0.9976000189781189 0.998198926448822
0.007672897540032864 0.9988332390785217 0.9998618364334106 0.9990994930267334 0.9985499978065491 0.9988247156143188 0.015256382524967194 0.9980139136314392 0.9993693828582764 0.9980000257492065 0.9980000257492065 0.9980000257492065
0.01088951900601387 0.9977905750274658 0.9998315572738647 0.9984478950500488 0.9970999956130981 0.9977735280990601 0.021491724997758865 0.9980139136314392 0.999156653881073 0.9980000257492065 0.9980000257492065 0.9980000257492065
0.009596859104931355 0.9984111785888672 0.9997212886810303 0.9989988207817078 0.9977999925613403 0.9983990788459778 0.01535644568502903 0.9984111189842224 0.9991912245750427 0.9983999729156494 0.9983999729156494 0.9983999729156494
0.009748094715178013 0.9981132745742798 0.9997734427452087 0.9986485242843628 0.9975500106811523 0.9980989694595337 0.02334366738796234 0.9982125163078308 0.9991834163665771 0.9976028800010681 0.9987999796867371 0.9982010722160339
0.009914077818393707 0.9982125759124756 0.999798595905304 0.9986487627029419 0.9977499842643738 0.9981992244720459 0.017511166632175446 0.997616708278656 0.9995455741882324 0.9983974099159241 0.9968000054359436 0.9975980520248413
0.00884188897907734 0.9984856843948364 0.9998984336853027 0.9990488886833191 0.9979000091552734 0.99847412109375 0.015480640344321728 0.998609721660614 0.9995773434638977 0.9987995028495789 0.9983999729156494 0.998599648475647
0.008666738867759705 0.9985353350639343 0.9998535513877869 0.9987993240356445 0.9982500076293945 0.99852454662323 0.017729919403791428 0.9964250326156616 0.9992870688438416 0.9971955418586731 0.9955999851226807 0.9963971376419067
0.011063630692660809 0.9978898763656616 0.9997382164001465 0.9985979795455933 0.9971500039100647 0.9978734254837036 0.014778297394514084 0.9982125163078308 0.9993741512298584 0.9980008006095886 0.9983999729156494 0.9982003569602966
0.009138638153672218 0.9982125759124756 0.9998995661735535 0.9986987113952637 0.9976999759674072 0.9981991052627563 0.018252331763505936 0.9982125163078308 0.9991889595985413 0.9980008006095886 0.9983999729156494 0.9982003569602966
0.00869692675769329 0.998510479927063 0.9998083114624023 0.9989989995956421 0.9980000257492065 0.9984992742538452 0.012966097332537174 0.9982125163078308 0.999363362789154 0.9983993768692017 0.9980000257492065 0.9981997013092041
0.009447583928704262 0.9984856843948364 0.9996782541275024 0.9989989399909973 0.99795001745224 0.9984741806983948 0.018415924161672592 0.9978153109550476 0.9993705749511719 0.9983980655670166 0.9972000122070312 0.9977986812591553
0.009227016009390354 0.998510479927063 0.9997554421424866 0.9990988969802856 0.9979000091552734 0.9984990954399109 0.014870569109916687 0.9980139136314392 0.9994935989379883 0.9987980723381042 0.9972000122070312 0.9979983568191528
0.009363314136862755 0.9984360337257385 0.9997994899749756 0.998898983001709 0.99795001745224 0.998424232006073 0.01649894192814827 0.9984111189842224 0.9989715814590454 0.9980015754699707 0.9987999796867371 0.9984005689620972
0.00951902661472559 0.9984856843948364 0.9997248649597168 0.9991488456726074 0.9977999925613403 0.9984739422798157 0.015867555513978004 0.998609721660614 0.9995744824409485 0.9987995028495789 0.9983999729156494 0.998599648475647
0.009215724654495716 0.9984111785888672 0.9998759627342224 0.9988489747047424 0.99795001745224 0.9983993172645569 0.019792824983596802 0.9978153109550476 0.9995643496513367 0.9968063831329346 0.9987999796867371 0.9978021383285522
0.009770851582288742 0.9983615279197693 0.9997490048408508 0.9989487528800964 0.9977499842643738 0.9983490109443665 0.015140913426876068 0.9980139136314392 0.9995798468589783 0.9983987212181091 0.9976000189781189 0.9979991912841797
0.008289004676043987 0.9987090826034546 0.999856173992157 0.999299168586731 0.9980999827384949 0.9986992478370667 0.01761407032608986 0.9982125163078308 0.9995871782302856 0.9980008006095886 0.9983999729156494 0.9982003569602966
0.008680458180606365 0.9985849857330322 0.9998071193695068 0.99909907579422 0.9980499744415283 0.9985742568969727 0.017500704154372215 0.9982125163078308 0.9993889331817627 0.9980008006095886 0.9983999729156494 0.9982003569602966
0.009089653380215168 0.9982374310493469 0.9998560547828674 0.9986987709999084 0.9977499842643738 0.998224139213562 0.0199674554169178 0.9978153109550476 0.9991668462753296 0.996410071849823 0.9991999864578247 0.9978030920028687
0.009631031192839146 0.9981381297111511 0.9998962879180908 0.9984988570213318 0.9977499842643738 0.9981243014335632 0.020301200449466705 0.9982125163078308 0.9989862442016602 0.9976028800010681 0.9987999796867371 0.9982010722160339
0.008713183924555779 0.9982622265815735 0.9998582005500793 0.9988985657691956 0.9976000189781189 0.9982488751411438 0.016443055123090744 0.9984111189842224 0.9995719194412231 0.9983999729156494 0.9983999729156494 0.9983999729156494
0.00973912887275219 0.9983367323875427 0.999777615070343 0.9989486932754517 0.9976999759674072 0.9983239769935608 0.01673656329512596 0.9970208406448364 0.9993729591369629 0.9975970983505249 0.996399998664856 0.9969981908798218
0.010948938317596912 0.9980884790420532 0.9996184706687927 0.9985985159873962 0.9975500106811523 0.9980739951133728 0.01640588417649269 0.9984111189842224 0.9993810057640076 0.9983999729156494 0.9983999729156494 0.9983999729156494
0.008180784992873669 0.9985849857330322 0.9999107718467712 0.9989492297172546 0.998199999332428 0.9985744953155518 0.01703641191124916 0.998609721660614 0.9993860721588135 0.9987995028495789 0.9983999729156494 0.998599648475647
0.008650393225252628 0.998510479927063 0.9998315572738647 0.9991489052772522 0.9978500008583069 0.9984990358352661 0.013181119225919247 0.9984111189842224 0.9997637271881104 0.9983999729156494 0.9983999729156494 0.9983999729156494
0.007604837883263826 0.9987090826034546 0.9999379515647888 0.9989994168281555 0.9983999729156494 0.9986996650695801 0.01750701293349266 0.9980139136314392 0.9995856881141663 0.9980000257492065 0.9980000257492065 0.9980000257492065
0.009203114546835423 0.9982125759124756 0.9998273849487305 0.9987486004829407 0.9976500272750854 0.9981989860534668 0.01201684307307005 0.9990069270133972 0.9997480511665344 0.9995995163917542 0.9983999729156494 0.9989994168281555
0.00734155485406518 0.9988828897476196 0.9999126195907593 0.9993493556976318 0.9983999729156494 0.9988744258880615 0.01983760856091976 0.9984111189842224 0.9995874166488647 0.9980015754699707 0.9987999796867371 0.9984005689620972
0.0073530287481844425 0.9989325404167175 0.9998865723609924 0.9992994666099548 0.9985499978065491 0.9989246129989624 0.013997256755828857 0.9984111189842224 0.999582827091217 0.9987990260124207 0.9980000257492065 0.9983993768692017
0.009612850844860077 0.9983615279197693 0.9998186826705933 0.9989487528800964 0.9977499842643738 0.9983490109443665 0.014346509240567684 0.9982125163078308 0.9993794560432434 0.9983993768692017 0.9980000257492065 0.9981997013092041
0.009094440378248692 0.9984360337257385 0.9997771382331848 0.9991487860679626 0.9976999759674072 0.9984238147735596 0.017293771728873253 0.9980139136314392 0.99958735704422 0.9980000257492065 0.9980000257492065 0.9980000257492065
