loss_s0112 accuracy_s0112 val_auc_s0112 precision_s0112 recall_s0112 f1_score_s0112 val_loss_s0112 val_accuracy_s0112 val_val_auc_s0112 val_precision_s0112 val_recall_s0112 val_f1_score_s0112
0.1656433343887329 0.941382110118866 0.983519971370697 0.946300208568573 0.9348499774932861 0.9405402541160583 0.050825200974941254 0.9871057271957397 0.9981845021247864 0.985253095626831 0.9887999892234802 0.9870233535766602
0.05875468999147415 0.9830642938613892 0.996947705745697 0.9827077984809875 0.9831500053405762 0.9829288721084595 0.033519499003887177 0.9904780983924866 0.9986847043037415 0.9868943691253662 0.9940000176429749 0.990434467792511
0.04481685906648636 0.9877755641937256 0.9978758692741394 0.9882364869117737 0.9871000051498413 0.9876679182052612 0.029633397236466408 0.9926601648330688 0.9985070824623108 0.996372401714325 0.9887999892234802 0.9925717711448669
0.04141201078891754 0.9893128871917725 0.9981077313423157 0.9896901845932007 0.9887499809265137 0.9892198443412781 0.027104109525680542 0.9938504099845886 0.9988076090812683 0.9963811635971069 0.9911999702453613 0.9937837719917297
0.0361730232834816 0.9907014966011047 0.9983417391777039 0.9915835857391357 0.9896500110626221 0.9906158447265625 0.023904280737042427 0.9952390193939209 0.9994717836380005 0.9963913559913635 0.9940000176429749 0.9951942563056946
0.030989371240139008 0.9923627972602844 0.9987545609474182 0.9936327934265137 0.9909499883651733 0.9922896027565002 0.02009701356291771 0.9950406551361084 0.9991821646690369 0.9963898658752441 0.9936000108718872 0.9949930310249329
0.0278700552880764 0.993453860282898 0.9988937377929688 0.9943392276763916 0.9924499988555908 0.9933937191963196 0.017464585602283478 0.9962309002876282 0.9997585415840149 0.9967961311340332 0.9955999851226807 0.9961977005004883
0.029626920819282532 0.9931315183639526 0.9985964298248291 0.9938404560089111 0.9922999739646912 0.993069589138031 0.016438426449894905 0.9962309002876282 0.9998452663421631 0.9967961311340332 0.9955999851226807 0.9961977005004883
0.02494773082435131 0.994470477104187 0.9989910125732422 0.9955399632453918 0.9933000206947327 0.9944186806678772 0.012384787201881409 0.9966276288032532 0.9999263286590576 0.9964014291763306 0.9968000054359436 0.9966006278991699
0.023394616320729256 0.9947184324264526 0.9990249276161194 0.9958899021148682 0.9934499859809875 0.9946684837341309 0.022413380444049835 0.9954373836517334 0.9997336864471436 0.9940167665481567 0.9968000054359436 0.9954063892364502
0.021681560203433037 0.9950655698776245 0.9992914795875549 0.9957438111305237 0.9943000078201294 0.9950213432312012 0.011402803473174572 0.9964292645454407 0.9999462366104126 0.9960032105445862 0.9968000054359436 0.9964014887809753
0.02287670224905014 0.9947928190231323 0.9991052150726318 0.9955428838729858 0.9939500093460083 0.9947457909584045 0.01624077931046486 0.9960325360298157 0.9991451501846313 0.9979919791221619 0.9940000176429749 0.9959920048713684
0.020570877939462662 0.9954622983932495 0.9992596507072449 0.9961941242218018 0.9946500062942505 0.9954214692115784 0.018736736848950386 0.9942471981048584 0.9995144605636597 0.9920350313186646 0.996399998664856 0.9942127466201782
0.025093836709856987 0.9939745664596558 0.9989799857139587 0.9946422576904297 0.9932000041007996 0.9939205646514893 0.017021169885993004 0.9958341717720032 0.9988939762115479 0.9967935681343079 0.9947999715805054 0.9957957863807678
0.020102636888623238 0.9955366849899292 0.9993529915809631 0.9959959983825684 0.9950000047683716 0.9954977631568909 0.011369572021067142 0.997421145439148 0.9999290108680725 0.9968038201332092 0.9980000257492065 0.9974015355110168
0.020669225603342056 0.995759904384613 0.9992108345031738 0.9965443015098572 0.9948999881744385 0.9957214593887329 0.012825055979192257 0.997024416923523 0.9993453025817871 0.9964042901992798 0.9976000189781189 0.9970018267631531
0.01759958453476429 0.9964293837547302 0.9993987083435059 0.9967974424362183 0.9959999918937683 0.9963985681533813 0.010313820093870163 0.997421145439148 0.9999666213989258 0.9968038201332092 0.9980000257492065 0.9974015355110168
0.0183238685131073 0.995933473110199 0.9994215965270996 0.9962473511695862 0.9955499768257141 0.9958985447883606 0.012709375470876694 0.9966276288032532 0.9999417066574097 0.9975951910018921 0.9955999851226807 0.99659663438797
0.017609091475605965 0.9961070418357849 0.9992992877960205 0.9967953562736511 0.9953500032424927 0.9960721731185913 0.016393395140767097 0.9960325360298157 0.9995291829109192 0.993630588054657 0.9983999729156494 0.9960095286369324
0.018146416172385216 0.996156632900238 0.9992298483848572 0.9968454241752625 0.9954000115394592 0.9961221814155579 0.013110747560858727 0.9968260526657104 0.9999637603759766 0.9964028596878052 0.9972000122070312 0.9968012571334839
0.01635921187698841 0.9966525435447693 0.9993919134140015 0.9973461627960205 0.9958999752998352 0.996622622013092 0.008648295886814594 0.9976195096969604 0.9999770522117615 0.9972022175788879 0.9980000257492065 0.9976009130477905
0.016300512477755547 0.9963797926902771 0.9993806481361389 0.9970458745956421 0.9956499934196472 0.9963474869728088 0.00905492715537548 0.9972227811813354 0.9999740719795227 0.996802568435669 0.9976000189781189 0.997201144695282
0.015020656399428844 0.996950089931488 0.9994506239891052 0.9973477721214294 0.9965000152587891 0.9969236850738525 0.01580551452934742 0.9956358075141907 0.999771773815155 0.9924483299255371 0.9987999796867371 0.9956139922142029
0.015212240628898144 0.9967765212059021 0.999367892742157 0.9969984889030457 0.9965000152587891 0.9967491626739502 0.019921286031603813 0.9944455623626709 0.9992958307266235 0.9908657670021057 0.9980000257492065 0.994420051574707
0.020768359303474426 0.994867205619812 0.9993040561676025 0.9951964020729065 0.9944499731063843 0.9948229789733887 0.011901901103556156 0.9966276288032532 0.9997581839561462 0.9967986941337585 0.996399998664856 0.9965993165969849
0.016138924285769463 0.9963549971580505 0.9995328187942505 0.9967472553253174 0.9958999752998352 0.9963234663009644 0.00823718961328268 0.9976195096969604 0.9999831318855286 0.9976000189781189 0.9976000189781189 0.9976000189781189
0.013402564451098442 0.9973716139793396 0.9994583129882812 0.9975988268852234 0.9970999956130981 0.9973493814468384 0.007268248591572046 0.997421145439148 0.9999873042106628 0.997201144695282 0.9976000189781189 0.9974005818367004
0.011551830917596817 0.997520387172699 0.9996766448020935 0.997948169708252 0.9970499873161316 0.9974988698959351 0.007643928285688162 0.9976195096969604 0.9999863505363464 0.9964086413383484 0.9987999796867371 0.9976028800010681
0.0191530529409647 0.9957102537155151 0.9993186593055725 0.9961960315704346 0.9951500296592712 0.9956727623939514 0.010806214064359665 0.997817873954773 0.99997878074646 0.999197781085968 0.996399998664856 0.997796893119812
0.014531626366078854 0.9970740675926208 0.9994359016418457 0.997597336769104 0.9965000152587891 0.9970483779907227 0.012596115469932556 0.9972227811813354 0.9999748468399048 0.9952191114425659 0.9991999864578247 0.9972055554389954
0.014445425942540169 0.9972476363182068 0.9995623826980591 0.997498631477356 0.9969499707221985 0.9972242116928101 0.010699201375246048 0.9966276288032532 0.9999719262123108 0.9967986941337585 0.996399998664856 0.9965993165969849
0.014165901578962803 0.997123658657074 0.9995468258857727 0.9973486661911011 0.9968500137329102 0.9970992803573608 0.00904021691530943 0.997817873954773 0.9999752044677734 0.9979991912841797 0.9976000189781189 0.9977995753288269
0.012789210304617882 0.9973220229148865 0.9996395111083984 0.9978975057601929 0.9966999888420105 0.9972984194755554 0.007955111563205719 0.9976195096969604 0.999985933303833 0.9979984164237976 0.9972000122070312 0.9975990056991577
0.011316091753542423 0.9975699782371521 0.9997754693031311 0.997898519039154 0.9972000122070312 0.9975491166114807 0.008007597178220749 0.997817873954773 0.9999848008155823 0.9972033500671387 0.9983999729156494 0.9978013038635254
0.012410194613039494 0.9975451827049255 0.9995702505111694 0.9979482293128967 0.9970999956130981 0.9975239038467407 0.00793325062841177 0.9972227811813354 0.9999831914901733 0.9972000122070312 0.9972000122070312 0.9972000122070312
0.012181694619357586 0.9972972273826599 0.9996415376663208 0.99759840965271 0.9969499707221985 0.9972741007804871 0.011666389182209969 0.997421145439148 0.99955815076828 0.9968038201332092 0.9980000257492065 0.9974015355110168
0.01380796916782856 0.997346818447113 0.9994456171989441 0.9974493384361267 0.9972000122070312 0.9973246455192566 0.010826898738741875 0.9980162382125854 0.9999751448631287 0.9991980791091919 0.9968000054359436 0.9979975819587708
0.012243502773344517 0.9975699782371521 0.9995617866516113 0.9981976747512817 0.9969000220298767 0.9975484609603882 0.008157140575349331 0.997421145439148 0.9999831914901733 0.9975990653038025 0.9972000122070312 0.9973995089530945
0.01222756877541542 0.9972972273826599 0.9996423721313477 0.9977478384971619 0.9968000054359436 0.9972736835479736 0.00869857706129551 0.9976195096969604 0.9999874830245972 0.9979984164237976 0.9972000122070312 0.9975990056991577
0.013405359350144863 0.9972228407859802 0.9996094703674316 0.9977973699569702 0.9965999722480774 0.9971982836723328 0.012592620216310024 0.9968260526657104 0.9999719262123108 0.9948207139968872 0.9987999796867371 0.9968063831329346
0.010668382048606873 0.9977683424949646 0.9996271133422852 0.9979491829872131 0.9975500106811523 0.9977495670318604 0.008888495154678822 0.997421145439148 0.9999775886535645 0.997201144695282 0.9976000189781189 0.9974005818367004
0.013379871845245361 0.9972972273826599 0.9995520710945129 0.9977478384971619 0.9968000054359436 0.9972736835479736 0.00941520743072033 0.9984130263328552 0.9999732375144958 0.9987990260124207 0.9980000257492065 0.9983993768692017
0.011117542162537575 0.9976443648338318 0.9996508955955505 0.9977992177009583 0.9974499940872192 0.9976245164871216 0.009035793133080006 0.9968260526657104 0.9999783039093018 0.9960063695907593 0.9976000189781189 0.9968026280403137
0.010926543734967709 0.9979667067527771 0.9996340274810791 0.9983486533164978 0.9975500106811523 0.9979491233825684 0.009207909926772118 0.997421145439148 0.9999806880950928 0.997201144695282 0.9976000189781189 0.9974005818367004
0.012136818841099739 0.997520387172699 0.999525249004364 0.997948169708252 0.9970499873161316 0.9974988698959351 0.010405328124761581 0.9972227811813354 0.9997813701629639 0.9960095882415771 0.9983999729156494 0.9972033500671387
0.012366707436740398 0.9972724318504333 0.999732255935669 0.9974489808082581 0.9970499873161316 0.99724942445755 0.01760777272284031 0.9956358075141907 0.9989712238311768 0.9991942048072815 0.9919999837875366 0.9955840706825256
0.012387102469801903 0.9973716139793396 0.9996209740638733 0.997847855091095 0.9968500137329102 0.9973487257957458 0.010707194916903973 0.997421145439148 0.9999730587005615 0.9968038201332092 0.9980000257492065 0.9974015355110168
0.013663760386407375 0.997346818447113 0.9994781017303467 0.9979474544525146 0.9966999888420105 0.9973233342170715 0.01234172098338604 0.997024416923523 0.9999595880508423 0.9975970983505249 0.996399998664856 0.9969981908798218
0.012928170152008533 0.9972724318504333 0.9997770190238953 0.997996985912323 0.9965000152587891 0.9972479343414307 0.010281309485435486 0.9982146620750427 0.999587893486023 0.9976028800010681 0.9987999796867371 0.9982010722160339
0.010851791128516197 0.9978179335594177 0.9996365308761597 0.9983980655670166 0.9972000122070312 0.9977986812591553 0.013553054071962833 0.997024416923523 0.9997309446334839 0.9964042901992798 0.9976000189781189 0.9970018267631531
0.011253390461206436 0.9978179335594177 0.9996726512908936 0.9982483983039856 0.9973499774932861 0.9977990388870239 0.010350381024181843 0.9976195096969604 0.9997789859771729 0.9968051314353943 0.9983999729156494 0.9976019263267517
0.010676225647330284 0.9980658888816833 0.9996342658996582 0.9985485672950745 0.9975500106811523 0.9980490803718567 0.010262992233037949 0.997421145439148 0.9997871518135071 0.9960111975669861 0.9987999796867371 0.997403621673584
0.011874140240252018 0.9976443648338318 0.9996494650840759 0.9977992177009583 0.9974499940872192 0.9976245164871216 0.009650048799812794 0.9980162382125854 0.9997857213020325 0.9976019263267517 0.9983999729156494 0.9980007410049438
0.010352044366300106 0.9977187514305115 0.9997137784957886 0.9978991746902466 0.9975000023841858 0.997699499130249 0.010281258262693882 0.997421145439148 0.999781608581543 0.9979975819587708 0.9968000054359436 0.9973984360694885
0.01217346265912056 0.9977187514305115 0.999579131603241 0.9980486631393433 0.9973499774932861 0.9976992011070251 0.01614321395754814 0.997024416923523 0.9994626045227051 0.9971988797187805 0.9968000054359436 0.9969993829727173
0.011855605989694595 0.9973716139793396 0.9996044635772705 0.9975489974021912 0.9971500039100647 0.9973494410514832 0.011171646416187286 0.997817873954773 0.9997729659080505 0.9968063831329346 0.9987999796867371 0.9978021383285522
0.010734871961176395 0.9980162978172302 0.9997060894966125 0.9984984993934631 0.9975000023841858 0.9979990124702454 0.012807216495275497 0.9972227811813354 0.9993737936019897 0.9975980520248413 0.9968000054359436 0.9971988201141357
0.011468056589365005 0.9974460005760193 0.9996764063835144 0.9979478716850281 0.9969000220298767 0.9974237084388733 0.009910575114190578 0.997817873954773 0.9997869729995728 0.9976009726524353 0.9980000257492065 0.9978004693984985
0.012511076405644417 0.9973220229148865 0.9996935129165649 0.9978476166725159 0.996749997138977 0.9972984790802002 0.01335715502500534 0.9972227811813354 0.9993825554847717 0.9964057803153992 0.9980000257492065 0.9972023367881775
0.012557853013277054 0.9973220229148865 0.999639093875885 0.9979972243309021 0.9965999722480774 0.9972981214523315 0.011896300129592419 0.9972227811813354 0.9995757937431335 0.9975980520248413 0.9968000054359436 0.9971988201141357
0.010603837668895721 0.9979915022850037 0.9995917081832886 0.9985982775688171 0.9973499774932861 0.9979736804962158 0.011588631197810173 0.9976195096969604 0.9995847940444946 0.9968051314353943 0.9983999729156494 0.9976019263267517
0.010432945564389229 0.9980906844139099 0.999736487865448 0.9983989596366882 0.9977499842643738 0.9980743527412415 0.009167619980871677 0.9980162382125854 0.9997880458831787 0.9972044825553894 0.9987999796867371 0.9980015754699707
0.011317198164761066 0.997743546962738 0.9996516108512878 0.9981982707977295 0.9972500205039978 0.9977238774299622 0.011262807063758373 0.9976195096969604 0.9997747540473938 0.9968051314353943 0.9983999729156494 0.9976019263267517
0.009927394799888134 0.998140275478363 0.9996657967567444 0.9983492493629456 0.9979000091552734 0.9981245994567871 0.009384474717080593 0.9984130263328552 0.9995937347412109 0.9976038336753845 0.9991999864578247 0.9984012842178345
0.009885469451546669 0.9980410933494568 0.9998137950897217 0.9983987808227539 0.9976500272750854 0.9980242848396301 0.010874276049435139 0.9976195096969604 0.9995909929275513 0.9964086413383484 0.9987999796867371 0.9976028800010681
0.01059266272932291 0.997743546962738 0.9997085928916931 0.9981484413146973 0.9973000288009644 0.9977240562438965 0.010503990575671196 0.9980162382125854 0.9997768998146057 0.9987980723381042 0.9972000122070312 0.9979983568191528
0.01042851246893406 0.997917115688324 0.9996901154518127 0.9983485341072083 0.9974499940872192 0.997899055480957 0.00922449305653572 0.9980162382125854 0.9995956420898438 0.9972044825553894 0.9987999796867371 0.9980015754699707
0.00971935410052538 0.9983882308006287 0.9997198581695557 0.9985993504524231 0.9981499910354614 0.9983745813369751 0.008382217027246952 0.9982146620750427 0.999788761138916 0.9983993768692017 0.9980000257492065 0.9981997013092041
0.009461837820708752 0.9983882308006287 0.999792754650116 0.9987490773200989 0.9980000257492065 0.9983744025230408 0.010584087111055851 0.997817873954773 0.9997870326042175 0.9976009726524353 0.9980000257492065 0.9978004693984985
0.011104291304945946 0.997743546962738 0.999750018119812 0.9980985522270203 0.9973499774932861 0.9977241158485413 0.009612166322767735 0.997817873954773 0.9997864961624146 0.9979991912841797 0.9976000189781189 0.9977995753288269
0.009877538308501244 0.9980906844139099 0.9996675848960876 0.9982494115829468 0.9979000091552734 0.9980747103691101 0.012524144724011421 0.9976195096969604 0.999586284160614 0.9987971186637878 0.996399998664856 0.9975971579551697
0.009960281662642956 0.9980162978172302 0.99964439868927 0.9984486103057861 0.9975500106811523 0.9979991316795349 0.009098922833800316 0.997421145439148 0.9997928142547607 0.9964072108268738 0.9983999729156494 0.997402548789978
0.010468333959579468 0.997917115688324 0.9997629523277283 0.9984483122825623 0.9973499774932861 0.9978988170623779 0.01380146387964487 0.9976195096969604 0.9991728663444519 0.9987971186637878 0.996399998664856 0.9975971579551697
0.010927905328571796 0.9978179335594177 0.999727725982666 0.9979991912841797 0.9976000189781189 0.9977995753288269 0.012461713515222073 0.9976195096969604 0.9995931386947632 0.9956175088882446 0.9995999932289124 0.9976047277450562
0.009242254309356213 0.998140275478363 0.9997704029083252 0.9984489679336548 0.9977999925613403 0.998124361038208 0.009387467987835407 0.9982146620750427 0.9997894763946533 0.9983993768692017 0.9980000257492065 0.9981997013092041
0.009793463163077831 0.9981154799461365 0.9997680187225342 0.9982993006706238 0.9979000091552734 0.9980995655059814 0.011193109676241875 0.9982146620750427 0.9995853900909424 0.9980008006095886 0.9983999729156494 0.9982003569602966
0.010701234452426434 0.9980906844139099 0.9997152090072632 0.9984488487243652 0.9976999759674072 0.9980742931365967 0.010976843535900116 0.9976195096969604 0.9997814893722534 0.9972022175788879 0.9980000257492065 0.9976009130477905
0.011380891315639019 0.9977683424949646 0.9996985197067261 0.9980986714363098 0.9973999857902527 0.9977492094039917 0.012949558906257153 0.997421145439148 0.9993726015090942 0.9975990653038025 0.9972000122070312 0.9973995089530945
0.010075461119413376 0.9980410933494568 0.9996970295906067 0.9983987808227539 0.9976500272750854 0.9980242848396301 0.011773379519581795 0.9980162382125854 0.9997880458831787 0.9964115023612976 0.9995999932289124 0.9980031847953796
0.008667129091918468 0.9982146620750427 0.9997803568840027 0.9983494877815247 0.9980499744415283 0.9981997609138489 0.009430572390556335 0.9988097548484802 0.9997948408126831 0.9980031847953796 0.9995999932289124 0.9988009333610535
0.011939406394958496 0.9975947737693787 0.999569296836853 0.9979982972145081 0.9971500039100647 0.997573971748352 0.010327935218811035 0.997817873954773 0.9997884631156921 0.9972033500671387 0.9983999729156494 0.9978013038635254
0.009486946277320385 0.9981898665428162 0.9997726082801819 0.9984491467475891 0.9979000091552734 0.9981745481491089 0.011063892394304276 0.9976195096969604 0.9997857809066772 0.9983974099159241 0.9968000054359436 0.9975980520248413
0.00924607552587986 0.9983882308006287 0.999774158000946 0.9986991286277771 0.9980499744415283 0.9983744621276855 0.013380732387304306 0.9976195096969604 0.9995823502540588 0.9972022175788879 0.9980000257492065 0.9976009130477905
0.010222475044429302 0.9980162978172302 0.99976646900177 0.9985483884811401 0.9974499940872192 0.9979988932609558 0.01296791061758995 0.997421145439148 0.9995934963226318 0.9956157803535461 0.9991999864578247 0.9974046349525452
0.008613870479166508 0.9986114501953125 0.9998039603233337 0.9987496137619019 0.998449981212616 0.9985998272895813 0.012299329973757267 0.9976195096969604 0.9997773170471191 0.9987971186637878 0.996399998664856 0.9975971579551697
0.018498919904232025 0.9961070418357849 0.9993655681610107 0.9971438646316528 0.9950000047683716 0.9960708022117615 0.012864820659160614 0.997421145439148 0.9993813037872314 0.9975990653038025 0.9972000122070312 0.9973995089530945
0.01158029492944479 0.9978923201560974 0.9996849894523621 0.9979497194290161 0.9977999925613403 0.9978748559951782 0.011977525427937508 0.9982146620750427 0.9993798136711121 0.9980008006095886 0.9983999729156494 0.9982003569602966
0.0104978634044528 0.9981154799461365 0.9997179508209229 0.9986485242843628 0.9975500106811523 0.9980989694595337 0.009331922046840191 0.9984130263328552 0.9996010661125183 0.9972066879272461 0.9995999932289124 0.998401939868927
0.009462378919124603 0.9984378218650818 0.999775230884552 0.9984499216079712 0.9983999729156494 0.9984249472618103 0.008762804791331291 0.9986113905906677 0.999795138835907 0.9987995028495789 0.9983999729156494 0.998599648475647
0.01043018326163292 0.9977931380271912 0.9997460842132568 0.9980489015579224 0.9975000023841858 0.9977743625640869 0.010319444350898266 0.9982146620750427 0.9997895359992981 0.9983993768692017 0.9980000257492065 0.9981997013092041
0.00857068132609129 0.9986610412597656 0.9998041391372681 0.9987996220588684 0.9984999895095825 0.9986497163772583 0.010289718396961689 0.9982146620750427 0.9995936751365662 0.9980008006095886 0.9983999729156494 0.9982003569602966
0.00815583486109972 0.9986362457275391 0.9998818039894104 0.9988994002342224 0.9983500242233276 0.9986246228218079 0.010537070222198963 0.9976195096969604 0.9997850060462952 0.9976000189781189 0.9976000189781189 0.9976000189781189
0.008956421166658401 0.9984874129295349 0.9997551441192627 0.9988491535186768 0.9980999827384949 0.9984744191169739 0.013920008204877377 0.9972227811813354 0.9995851516723633 0.9972000122070312 0.9972000122070312 0.9972000122070312
0.008181856013834476 0.9982890486717224 0.9999094605445862 0.9982002973556519 0.9983500242233276 0.9982751607894897 0.008779921568930149 0.9988097548484802 0.9997933506965637 0.9991993308067322 0.9983999729156494 0.9987994432449341
0.009728241711854935 0.9984130263328552 0.9997263550758362 0.9987990260124207 0.9980000257492065 0.9983993768692017 0.009309999644756317 0.9984130263328552 0.9997937679290771 0.9987990260124207 0.9980000257492065 0.9983993768692017
0.008287308737635612 0.9985122084617615 0.9998345375061035 0.9986994862556458 0.9983000159263611 0.9984996914863586 0.010819800198078156 0.997817873954773 0.9995921850204468 0.9976009726524353 0.9980000257492065 0.9978004693984985
0.008905882947146893 0.9983882308006287 0.9998016953468323 0.9986492395401001 0.9980999827384949 0.9983745813369751 0.009635466150939465 0.9988097548484802 0.9995907545089722 0.9991993308067322 0.9983999729156494 0.9987994432449341
0.009963065385818481 0.9983386397361755 0.9996935725212097 0.9985992312431335 0.9980499744415283 0.9983245134353638 0.012330008670687675 0.9972227811813354 0.9997624158859253 0.9972000122070312 0.9972000122070312 0.9972000122070312
0.010492265224456787 0.9979667067527771 0.9996901154518127 0.9982988238334656 0.9976000189781189 0.9979492425918579 0.010789464227855206 0.9986113905906677 0.9995942115783691 0.9972078204154968 1.0 0.9986019134521484
0.008523296564817429 0.9987850189208984 0.9997817873954773 0.9990494847297668 0.9984999895095825 0.9987746477127075 0.00881983246654272 0.9986113905906677 0.9997951984405518 0.9980024099349976 0.9991999864578247 0.9986008405685425
0.008676540106534958 0.998537003993988 0.9997540712356567 0.9988492727279663 0.998199999332428 0.9985244870185852 0.008453072048723698 0.9988097548484802 0.9997953176498413 0.9980031847953796 0.9995999932289124 0.9988009333610535
0.010012313723564148 0.9980906844139099 0.9996899962425232 0.9984987378120422 0.9976500272750854 0.9980741739273071 0.015743693336844444 0.9972227811813354 0.9989553689956665 0.996802568435669 0.9976000189781189 0.997201144695282
0.00879752542823553 0.9984626173973083 0.999750018119812 0.9986494779586792 0.9982500076293945 0.9984497427940369 0.00993428472429514 0.997817873954773 0.9997904300689697 0.9979991912841797 0.9976000189781189 0.9977995753288269
0.009932062588632107 0.998313844203949 0.9996232390403748 0.9987488985061646 0.9978500008583069 0.9982991814613342 0.011011830531060696 0.9984130263328552 0.9995918869972229 0.9972066879272461 0.9995999932289124 0.998401939868927
0.008994468487799168 0.9984874129295349 0.9997307062149048 0.998649537563324 0.9983000159263611 0.9984747767448425 0.009334987960755825 0.9980162382125854 0.999593198299408 0.9976019263267517 0.9983999729156494 0.9980007410049438
0.007558891549706459 0.9989337921142578 0.9998299479484558 0.9992994666099548 0.9985499978065491 0.9989246129989624 0.00813488382846117 0.9988097548484802 0.9997937083244324 0.9987999796867371 0.9987999796867371 0.9987999796867371
0.008957709185779095 0.9984130263328552 0.9997496604919434 0.9987990260124207 0.9980000257492065 0.9983993768692017 0.012262439355254173 0.997817873954773 0.9993853569030762 0.9979991912841797 0.9976000189781189 0.9977995753288269
0.010488588362932205 0.9979915022850037 0.999714732170105 0.9985982775688171 0.9973499774932861 0.9979736804962158 0.010768749751150608 0.997421145439148 0.99958735704422 0.997201144695282 0.9976000189781189 0.9974005818367004
0.008184246718883514 0.9985866546630859 0.9998807311058044 0.9987495541572571 0.9983999729156494 0.9985747933387756 0.01177583634853363 0.997817873954773 0.9995853900909424 0.9979991912841797 0.9976000189781189 0.9977995753288269
0.009570421651005745 0.9982146620750427 0.9997963309288025 0.9985489845275879 0.9978500008583069 0.9981994032859802 0.009193135425448418 0.997817873954773 0.9995929002761841 0.9976009726524353 0.9980000257492065 0.9978004693984985
0.008538682945072651 0.9985866546630859 0.9997813105583191 0.9989492297172546 0.998199999332428 0.9985744953155518 0.01242048479616642 0.9972227811813354 0.9997819662094116 0.9983961582183838 0.9959999918937683 0.997196614742279
0.01189655065536499 0.9976195693016052 0.9997240900993347 0.9980482459068298 0.9971500039100647 0.9975988864898682 0.010425617918372154 0.9982146620750427 0.9996001720428467 0.9972056150436401 0.9991999864578247 0.998201847076416
0.008649936877191067 0.9986114501953125 0.9997736215591431 0.9991990327835083 0.9980000257492065 0.9985991716384888 0.010667238384485245 0.9982146620750427 0.9997856020927429 0.9980008006095886 0.9983999729156494 0.9982003569602966
0.008294232189655304 0.9987602233886719 0.9998049139976501 0.9990494251251221 0.998449981212616 0.9987496137619019 0.009970554150640965 0.9986113905906677 0.9995975494384766 0.9972078204154968 1.0 0.9986019134521484
0.008140869438648224 0.9985122084617615 0.9998325109481812 0.9986495971679688 0.9983500242233276 0.9984997510910034 0.01417019497603178 0.9976195096969604 0.9991810321807861 0.9972022175788879 0.9980000257492065 0.9976009130477905
0.008145175874233246 0.998537003993988 0.9998345971107483 0.9986496567726135 0.9983999729156494 0.9985247850418091 0.009592536836862564 0.9980162382125854 0.9997908473014832 0.9983987212181091 0.9976000189781189 0.9979991912841797
0.007543948478996754 0.9988594055175781 0.9998598098754883 0.9989497661590576 0.9987499713897705 0.9988498687744141 0.008577712811529636 0.9982146620750427 0.9997921586036682 0.9976028800010681 0.9987999796867371 0.9982010722160339
0.008145613595843315 0.998537003993988 0.9998581409454346 0.9986995458602905 0.9983500242233276 0.9985247254371643 0.01091386191546917 0.9984130263328552 0.9995896816253662 0.9987990260124207 0.9980000257492065 0.9983993768692017
0.009318248368799686 0.9983386397361755 0.9997000098228455 0.9986990094184875 0.99795001745224 0.9983243942260742 0.011058289557695389 0.9984130263328552 0.9997934699058533 0.9968101978302002 1.0 0.9984025359153748
0.009260428138077259 0.9984626173973083 0.9997033476829529 0.9987492561340332 0.9981499910354614 0.9984495639801025 0.009596673771739006 0.997817873954773 0.9997930526733398 0.9968063831329346 0.9987999796867371 0.9978021383285522
0.008171942085027695 0.9986114501953125 0.9997570514678955 0.9988993406295776 0.9983000159263611 0.9985995888710022 0.010651716962456703 0.9980162382125854 0.9995984435081482 0.9968076348304749 0.9991999864578247 0.9980023503303528
0.009585291147232056 0.9980658888816833 0.999771237373352 0.9983989000320435 0.9976999759674072 0.9980493187904358 0.010422916151583195 0.9980162382125854 0.999595046043396 0.9976019263267517 0.9983999729156494 0.9980007410049438
0.0084075341001153 0.9987106323242188 0.9998027682304382 0.9991492629051208 0.9982500076293945 0.998699426651001 0.009709032252430916 0.9980162382125854 0.9997888803482056 0.9976019263267517 0.9983999729156494 0.9980007410049438
0.007534334436058998 0.9988594055175781 0.9998613595962524 0.9992493987083435 0.998449981212616 0.9988495707511902 0.008768313564360142 0.9982146620750427 0.9995993971824646 0.9980008006095886 0.9983999729156494 0.9982003569602966
0.007988608442246914 0.9986610412597656 0.9998567700386047 0.998999297618866 0.9983000159263611 0.998649537563324 0.008621517568826675 0.9986113905906677 0.99959796667099 0.9984006285667419 0.9987999796867371 0.9986002445220947
0.008846072480082512 0.998537003993988 0.999703586101532 0.9988492727279663 0.998199999332428 0.9985244870185852 0.010226128622889519 0.9980162382125854 0.9995940923690796 0.9976019263267517 0.9983999729156494 0.9980007410049438
0.008587917312979698 0.9987354278564453 0.9998482465744019 0.9990493655204773 0.9983999729156494 0.9987245798110962 0.009784214198589325 0.9976195096969604 0.999785304069519 0.9983974099159241 0.9968000054359436 0.9975980520248413
0.007497824262827635 0.9987354278564453 0.9998608827590942 0.9987998008728027 0.9986500144004822 0.9987248778343201 0.01105669979006052 0.997421145439148 0.9995790123939514 0.9991971254348755 0.9955999851226807 0.9973952770233154
0.007826359942555428 0.9986362457275391 0.9998589158058167 0.9989492893218994 0.9983000159263611 0.9986245036125183 0.009835022501647472 0.9976195096969604 0.9997889995574951 0.9987971186637878 0.996399998664856 0.9975971579551697
0.0067527564242482185 0.998809814453125 0.9999150633811951 0.9991993308067322 0.9983999729156494 0.9987994432449341 0.01089690811932087 0.9980162382125854 0.9995986223220825 0.9972044825553894 0.9987999796867371 0.9980015754699707
0.012039120309054852 0.997743546962738 0.9995349049568176 0.9977498650550842 0.9976999759674072 0.9977249503135681 0.009613784961402416 0.9982146620750427 0.9995929002761841 0.9983993768692017 0.9980000257492065 0.9981997013092041
0.008618703112006187 0.9985866546630859 0.9997279047966003 0.9988493919372559 0.9983000159263611 0.9985746145248413 0.00816886592656374 0.9986113905906677 0.9997943639755249 0.9980024099349976 0.9991999864578247 0.9986008405685425
0.008333560079336166 0.9986858367919922 0.9998307228088379 0.9989993572235107 0.9983500242233276 0.9986746311187744 0.010263733565807343 0.9984130263328552 0.9995917677879333 0.9983999729156494 0.9983999729156494 0.9983999729156494
0.0075044818222522736 0.998809814453125 0.9998394846916199 0.9991993308067322 0.9983999729156494 0.9987994432449341 0.010403206571936607 0.9984130263328552 0.9996030330657959 0.9968101978302002 1.0 0.9984025359153748
0.008681968785822392 0.9986114501953125 0.9997515678405762 0.9989492893218994 0.9982500076293945 0.9985995292663574 0.008854673244059086 0.9980162382125854 0.9997941851615906 0.9968076348304749 0.9991999864578247 0.9980023503303528
0.008342319168150425 0.9987354278564453 0.9997571110725403 0.9990493655204773 0.9983999729156494 0.9987245798110962 0.01122936513274908 0.9982146620750427 0.9995993375778198 0.9976028800010681 0.9987999796867371 0.9982010722160339
0.007919752970337868 0.9986362457275391 0.9997835755348206 0.9989992380142212 0.9982500076293945 0.9986244440078735 0.009687582030892372 0.9980162382125854 0.999594509601593 0.9976019263267517 0.9983999729156494 0.9980007410049438
0.008321508765220642 0.998537003993988 0.9997562170028687 0.9988492727279663 0.998199999332428 0.9985244870185852 0.008964520879089832 0.9980162382125854 0.999790370464325 0.9980000257492065 0.9980000257492065 0.9980000257492065
0.008735024370253086 0.9984130263328552 0.9998018145561218 0.998948872089386 0.9978500008583069 0.9983991384506226 0.00821689236909151 0.9990081191062927 0.999600350856781 0.998401939868927 0.9995999932289124 0.999000608921051
0.0072895619086921215 0.9988346099853516 0.9998329877853394 0.999199390411377 0.998449981212616 0.9988245368003845 0.010536381974816322 0.997817873954773 0.9996011853218079 0.9960143566131592 0.9995999932289124 0.9978039860725403
0.010153927840292454 0.998140275478363 0.9997194409370422 0.9982994198799133 0.99795001745224 0.9981246590614319 0.013174382969737053 0.9972227811813354 0.9993970990180969 0.9960095882415771 0.9983999729156494 0.9972033500671387
0.010004477575421333 0.9982146620750427 0.9997410178184509 0.9985988736152649 0.9977999925613403 0.9981992840766907 0.012195988558232784 0.997817873954773 0.9993857741355896 0.998797595500946 0.9968000054359436 0.9977978467941284
0.010443356819450855 0.9981154799461365 0.9996216297149658 0.998498797416687 0.9976999759674072 0.9980992078781128 0.00966424960643053 0.9980162382125854 0.9995912909507751 0.9976019263267517 0.9983999729156494 0.9980007410049438
0.0074239457026124 0.9988842010498047 0.9999096989631653 0.9990496635437012 0.9987000226974487 0.998874843120575 0.010546570643782616 0.9984130263328552 0.9995999932289124 0.9968101978302002 1.0 0.9984025359153748
0.008329938165843487 0.9986858367919922 0.9997575879096985 0.9987996816635132 0.9985499978065491 0.9986748099327087 0.009899158030748367 0.997421145439148 0.9997907876968384 0.9964072108268738 0.9983999729156494 0.997402548789978
0.007842330262064934 0.9987850189208984 0.9998077154159546 0.9990994334220886 0.998449981212616 0.9987745881080627 0.00790425669401884 0.9992064833641052 0.9995988607406616 0.9984025359153748 1.0 0.9992005825042725
0.007495830301195383 0.9989337921142578 0.9997620582580566 0.9993994235992432 0.998449981212616 0.9989244937896729 0.009509908966720104 0.9984130263328552 0.9995946288108826 0.9980015754699707 0.9987999796867371 0.9984005689620972
0.006637165788561106 0.9989585876464844 0.999864935874939 0.9993494749069214 0.9985499978065491 0.9989495277404785 0.009069006890058517 0.9986113905906677 0.9995982050895691 0.9980024099349976 0.9991999864578247 0.9986008405685425
0.007274822797626257 0.9991073608398438 0.9998354911804199 0.999449610710144 0.9987499713897705 0.9990996718406677 0.008873174898326397 0.9984130263328552 0.9996009469032288 0.9972066879272461 0.9995999932289124 0.998401939868927
0.008120815269649029 0.9987850189208984 0.9997056126594543 0.9989995360374451 0.9985499978065491 0.9987747073173523 0.010370949283242226 0.9980162382125854 0.9995987415313721 0.9968076348304749 0.9991999864578247 0.9980023503303528
0.008734732866287231 0.9984130263328552 0.9998006224632263 0.9987491369247437 0.9980499744415283 0.9983994364738464 0.012130222283303738 0.997817873954773 0.9993797540664673 0.9979991912841797 0.9976000189781189 0.9977995753288269
0.007192828692495823 0.998809814453125 0.9998622536659241 0.9990495443344116 0.9985499978065491 0.9987996816635132 0.010094596073031425 0.9990081191062927 0.9995988607406616 0.998401939868927 0.9995999932289124 0.999000608921051
0.00788844283670187 0.9987602233886719 0.9998276829719543 0.9989994764328003 0.9984999895095825 0.9987496733665466 0.010073219425976276 0.9984130263328552 0.9995971322059631 0.9976038336753845 0.9991999864578247 0.9984012842178345
0.00736099760979414 0.9988346099853516 0.9998344779014587 0.9992993474006653 0.9983500242233276 0.998824417591095 0.009216707199811935 0.9986113905906677 0.9997919797897339 0.9980024099349976 0.9991999864578247 0.9986008405685425
0.008007106371223927 0.9985617995262146 0.9998306035995483 0.9989491701126099 0.9981499910354614 0.9985494613647461 0.010348466224968433 0.9980162382125854 0.9995956420898438 0.9983987212181091 0.9976000189781189 0.9979991912841797
0.008524108678102493 0.9983882308006287 0.9997805953025818 0.9984497427940369 0.9983000159263611 0.998374879360199 0.011812875978648663 0.9976195096969604 0.9997937083244324 0.9952229261398315 1.0 0.9976057410240173
0.01813243329524994 0.9962310194969177 0.9993596076965332 0.9965475797653198 0.9958500266075134 0.9961987137794495 0.010910660959780216 0.9976195096969604 0.9995964169502258 0.9960127472877502 0.9991999864578247 0.9976038336753845
0.008604535833001137 0.9987354278564453 0.9997580647468567 0.9988496899604797 0.9986000061035156 0.9987248778343201 0.00991041585803032 0.9984130263328552 0.9997913837432861 0.9972066879272461 0.9995999932289124 0.998401939868927
0.0076107000932097435 0.9987106323242188 0.9999110698699951 0.9990493059158325 0.9983500242233276 0.9986995458602905 0.011424540542066097 0.9968260526657104 0.9997872710227966 0.9960063695907593 0.9976000189781189 0.9968026280403137
0.008450190536677837 0.9985617995262146 0.9998306632041931 0.9985998868942261 0.9984999895095825 0.9985499382019043 0.010476930066943169 0.997817873954773 0.9995984435081482 0.996410071849823 0.9991999864578247 0.9978030920028687
0.007132725790143013 0.9989337921142578 0.9998380541801453 0.9990996718406677 0.9987499713897705 0.9989247918128967 0.01180351059883833 0.997421145439148 0.9995824098587036 0.997201144695282 0.9976000189781189 0.9974005818367004
0.007690055761486292 0.9986610412597656 0.9998843669891357 0.9988994598388672 0.9983999729156494 0.9986496567726135 0.009713594801723957 0.9986113905906677 0.9995977878570557 0.9976047873497009 0.9995999932289124 0.9986013770103455
0.007006483618170023 0.9989833831787109 0.9998875260353088 0.9993495345115662 0.9986000061035156 0.9989745616912842 0.01114259846508503 0.997421145439148 0.9995927810668945 0.9960111975669861 0.9987999796867371 0.997403621673584
0.006921370513737202 0.9990329742431641 0.9998886585235596 0.9993995428085327 0.9986500144004822 0.9990246891975403 0.008510930463671684 0.9990081191062927 0.9996006488800049 0.998401939868927 0.9995999932289124 0.999000608921051
0.007262526545673609 0.9988842010498047 0.9998382925987244 0.9990496635437012 0.9987000226974487 0.998874843120575 0.008359663188457489 0.9984130263328552 0.9997929334640503 0.9976038336753845 0.9991999864578247 0.9984012842178345
0.007448806427419186 0.9988594055175781 0.9997898936271667 0.9989997148513794 0.9987000226974487 0.9988498687744141 0.008992510847747326 0.997817873954773 0.9999812245368958 0.9979991912841797 0.9976000189781189 0.9977995753288269
0.00701796542853117 0.9989337921142578 0.9998157024383545 0.9992495179176331 0.9986000061035156 0.998924732208252 0.010266673751175404 0.9976195096969604 0.9997910857200623 0.9960127472877502 0.9991999864578247 0.9976038336753845
0.006799266207963228 0.9989833831787109 0.9998894333839417 0.9991496801376343 0.9987999796867371 0.9989748001098633 0.007929310202598572 0.9980162382125854 0.9999873042106628 0.9983987212181091 0.9976000189781189 0.9979991912841797
0.0071724336594343185 0.9990329742431641 0.9998360872268677 0.9993995428085327 0.9986500144004822 0.9990246891975403 0.009146851487457752 0.9986113905906677 0.9995969533920288 0.9984006285667419 0.9987999796867371 0.9986002445220947
0.00695529580116272 0.9988594055175781 0.999889075756073 0.9990496039390564 0.9986500144004822 0.9988498091697693 0.009598157368600368 0.9982146620750427 0.9996030330657959 0.9964129328727722 1.0 0.9982032179832458
0.007796154823154211 0.9986114501953125 0.9998027086257935 0.9989492893218994 0.9982500076293945 0.9985995292663574 0.008320845663547516 0.9982146620750427 0.9999856948852539 0.9976028800010681 0.9987999796867371 0.9982010722160339
0.007857459597289562 0.9985866546630859 0.9998873472213745 0.9988493919372559 0.9983000159263611 0.9985746145248413 0.010807759128510952 0.9982146620750427 0.9995951652526855 0.9976028800010681 0.9987999796867371 0.9982010722160339
0.006553396582603455 0.9989585876464844 0.9998666048049927 0.999199628829956 0.9987000226974487 0.9989497065544128 0.007857199758291245 0.9984130263328552 0.9997912049293518 0.9980015754699707 0.9987999796867371 0.9984005689620972
0.006636160891503096 0.9987602233886719 0.9998912215232849 0.9989495873451233 0.9985499978065491 0.9987497925758362 0.007041514851152897 0.9986113905906677 0.9999905228614807 0.9984006285667419 0.9987999796867371 0.9986002445220947
0.006403679493814707 0.9989833831787109 0.9998411536216736 0.999199628829956 0.9987499713897705 0.9989747405052185 0.01012466847896576 0.997817873954773 0.9995938539505005 0.9979991912841797 0.9976000189781189 0.9977995753288269
0.005984673276543617 0.9991569519042969 0.9999663829803467 0.999399721622467 0.9988999962806702 0.9991497993469238 0.008759522810578346 0.9980162382125854 0.9995979070663452 0.9972044825553894 0.9987999796867371 0.9980015754699707
0.007093424443155527 0.9989833831787109 0.9998646974563599 0.9992495775222778 0.9987000226974487 0.9989746809005737 0.011450065299868584 0.9980162382125854 0.9995933771133423 0.9983987212181091 0.9976000189781189 0.9979991912841797
0.008386721834540367 0.9983882308006287 0.999805212020874 0.9986492395401001 0.9980999827384949 0.9983745813369751 0.011092455126345158 0.9980162382125854 0.9991931319236755 0.9983987212181091 0.9976000189781189 0.9979991912841797
0.007214337587356567 0.9989089965820312 0.9998886585235596 0.9992494583129883 0.9985499978065491 0.9988996386528015 0.009731346741318703 0.997817873954773 0.9997897744178772 0.9968063831329346 0.9987999796867371 0.9978021383285522
0.007438518572598696 0.9989833831787109 0.9997811317443848 0.9990997910499573 0.9988499879837036 0.9989748001098633 0.008996324613690376 0.9982146620750427 0.9997915625572205 0.9972056150436401 0.9991999864578247 0.998201847076416
0.0073190354742109776 0.998809814453125 0.9997862577438354 0.9990495443344116 0.9985499978065491 0.9987996816635132 0.00773425679653883 0.9984130263328552 0.9995983839035034 0.9976038336753845 0.9991999864578247 0.9984012842178345
0.010550986975431442 0.9979419112205505 0.9996676445007324 0.998498260974884 0.9973499774932861 0.9979238510131836 0.010761520825326443 0.9984130263328552 0.9998002052307129 0.9968101978302002 1.0 0.9984025359153748
0.006915809586644173 0.9989833831787109 0.9998892545700073 0.9992995262145996 0.9986500144004822 0.998974621295929 0.00873236171901226 0.9982146620750427 0.9997941255569458 0.9972056150436401 0.9991999864578247 0.998201847076416
0.007038561161607504 0.9989585876464844 0.9998374581336975 0.9990497827529907 0.9988499879837036 0.9989498257637024 0.00779184652492404 0.9984130263328552 0.999794065952301 0.9980015754699707 0.9987999796867371 0.9984005689620972
0.007096000015735626 0.9987354278564453 0.9999107718467712 0.9989994764328003 0.998449981212616 0.9987246990203857 0.012747528962790966 0.997817873954773 0.9997584223747253 0.9979991912841797 0.9976000189781189 0.9977995753288269
0.008453772403299809 0.998537003993988 0.9997022151947021 0.9987993240356445 0.9982500076293945 0.99852454662323 0.007156288251280785 0.9988097548484802 0.9997960329055786 0.9984012842178345 0.9991999864578247 0.9988004565238953
0.007077496964484453 0.9990329742431641 0.9999138712882996 0.9991497993469238 0.9988999962806702 0.9990249276161194 0.008998076431453228 0.9984130263328552 0.9999886751174927 0.9968101978302002 1.0 0.9984025359153748
0.008290949277579784 0.9985617995262146 0.9997537136077881 0.9988493323326111 0.9982500076293945 0.9985495805740356 0.010260065086185932 0.9976195096969604 0.9997940063476562 0.9960127472877502 0.9991999864578247 0.9976038336753845
0.0069331512786448 0.9987602233886719 0.999884843826294 0.9988996982574463 0.9986000061035156 0.998749852180481 0.007025839760899544 0.9982146620750427 0.9999914765357971 0.9980008006095886 0.9983999729156494 0.9982003569602966
0.008624495007097721 0.9986362457275391 0.9997016787528992 0.999049186706543 0.998199999332428 0.9986244440078735 0.007959937676787376 0.9986113905906677 0.9997974634170532 0.9984006285667419 0.9987999796867371 0.9986002445220947
0.007500707637518644 0.9988842010498047 0.9997833967208862 0.9993493556976318 0.9983999729156494 0.9988744258880615 0.008756314404308796 0.9982146620750427 0.9997972846031189 0.9968089461326599 0.9995999932289124 0.9982025027275085
0.007021768484264612 0.9989585876464844 0.9999098777770996 0.9992995262145996 0.9986000061035156 0.9989495873451233 0.010469846427440643 0.9982146620750427 0.9997867345809937 0.9980008006095886 0.9983999729156494 0.9982003569602966
0.007110034115612507 0.9988346099853516 0.9998115301132202 0.9989996552467346 0.9986500144004822 0.9988248348236084 0.010667111724615097 0.9980162382125854 0.9995859861373901 0.9983987212181091 0.9976000189781189 0.9979991912841797
0.008517270907759666 0.9985866546630859 0.999732494354248 0.9988493919372559 0.9983000159263611 0.9985746145248413 0.007918103598058224 0.9986113905906677 0.9997978210449219 0.9976047873497009 0.9995999932289124 0.9986013770103455
0.007190405856817961 0.9989089965820312 0.9998364448547363 0.9991495609283447 0.9986500144004822 0.9988996982574463 0.008661027997732162 0.997817873954773 0.9997900724411011 0.9976009726524353 0.9980000257492065 0.9978004693984985
0.0065215760841965675 0.9990081787109375 0.999915361404419 0.9993995428085327 0.9986000061035156 0.9989995956420898 0.008338331244885921 0.9986113905906677 0.9995980858802795 0.9980024099349976 0.9991999864578247 0.9986008405685425
0.007443299051374197 0.9987354278564453 0.9998849630355835 0.9991992115974426 0.9982500076293945 0.9987244606018066 0.010055474936962128 0.9982146620750427 0.9995996952056885 0.9968089461326599 0.9995999932289124 0.9982025027275085
0.006872287951409817 0.9988346099853516 0.99986332654953 0.9989497661590576 0.9987000226974487 0.9988248944282532 0.009428088553249836 0.997817873954773 0.999789297580719 0.9979991912841797 0.9976000189781189 0.9977995753288269
0.007059590891003609 0.9988594055175781 0.9997617602348328 0.9991994500160217 0.9984999895095825 0.9988495707511902 0.009396090172231197 0.9982146620750427 0.9995986819267273 0.9972056150436401 0.9991999864578247 0.998201847076416
0.00710971187800169 0.9989833831787109 0.9999106526374817 0.999199628829956 0.9987499713897705 0.9989747405052185 0.008356498554348946 0.9988097548484802 0.9997953176498413 0.9980031847953796 0.9995999932289124 0.9988009333610535
