loss_s0122 accuracy_s0122 val_auc_s0122 precision_s0122 recall_s0122 f1_score_s0122 val_loss_s0122 val_accuracy_s0122 val_val_auc_s0122 val_precision_s0122 val_recall_s0122 val_f1_score_s0122
0.164945587515831 0.9423067569732666 0.983884334564209 0.9421653151512146 0.9416000247001648 0.9418826103210449 0.05944854021072388 0.9890764355659485 0.9975014925003052 0.9915561079978943 0.9864000082015991 0.9889714121818542
0.05459268391132355 0.9854773879051208 0.9968830347061157 0.9852051734924316 0.9855499863624573 0.9853776097297668 0.031204387545585632 0.9942403435707092 0.9987753033638 0.9940024018287659 0.9944000244140625 0.9942011833190918
0.041089825332164764 0.9890273809432983 0.998052716255188 0.9898316860198975 0.9880499839782715 0.9889400601387024 0.02750149555504322 0.994836151599884 0.9991489052772522 0.9975864887237549 0.9919999837875366 0.9947853684425354
0.03227008506655693 0.9917084574699402 0.9986547231674194 0.9928327798843384 0.9904500246047974 0.9916399717330933 0.021296055987477303 0.9964250326156616 0.9992099404335022 0.9975942373275757 0.995199978351593 0.9963956475257874
0.027103407308459282 0.9927759170532227 0.9989933967590332 0.9936876893043518 0.9917500019073486 0.9927179217338562 0.02629786729812622 0.9942403435707092 0.9991432428359985 0.9928200840950012 0.9955999851226807 0.9942080974578857
0.02521928958594799 0.9930490255355835 0.9991475939750671 0.9931972622871399 0.9927999973297119 0.9929986596107483 0.016920180991292 0.9964250326156616 0.999549925327301 0.9975942373275757 0.995199978351593 0.9963956475257874
0.023164106532931328 0.9940419793128967 0.9993060827255249 0.9948908090591431 0.9930999875068665 0.9939945340156555 0.015091351233422756 0.9968222379684448 0.9997451305389404 0.9971977472305298 0.996399998664856 0.9967986941337585
0.020980942994356155 0.994612991809845 0.9992838501930237 0.9951940178871155 0.9939500093460083 0.9945716261863708 0.0180802159011364 0.9958292245864868 0.9997372031211853 0.9944156408309937 0.9972000122070312 0.9958058595657349
0.02235376089811325 0.9940916299819946 0.999271035194397 0.9947426319122314 0.9933500289916992 0.9940458536148071 0.016350938007235527 0.99622642993927 0.9997568726539612 0.997992753982544 0.9944000244140625 0.9961931705474854
0.020179273560643196 0.9949853420257568 0.9993607401847839 0.9958425164222717 0.9940500259399414 0.9949454665184021 0.012905148789286613 0.997616708278656 0.9997583627700806 0.9987971186637878 0.996399998664856 0.9975971579551697
0.020224157720804214 0.9947370886802673 0.9992846846580505 0.9953439235687256 0.9940500259399414 0.9946965575218201 0.017498573288321495 0.997219443321228 0.9997537136077881 0.9979968070983887 0.996399998664856 0.9971977472305298
0.01771429181098938 0.9957549571990967 0.9994277954101562 0.9963951110839844 0.9950500130653381 0.9957221150398254 0.012106802314519882 0.9980139136314392 0.999774694442749 0.9976019263267517 0.9983999729156494 0.9980007410049438
0.01746726594865322 0.9957053065299988 0.9994694590568542 0.996593713760376 0.9947500228881836 0.9956710338592529 0.013141024857759476 0.9982125163078308 0.9997752904891968 0.9980008006095886 0.9983999729156494 0.9982003569602966
0.018149282783269882 0.9961024522781372 0.9993595480918884 0.9970442652702332 0.9951000213623047 0.9960711598396301 0.012322318740189075 0.9980139136314392 0.9997807741165161 0.9983987212181091 0.9976000189781189 0.9979991912841797
0.019352929666638374 0.9949356913566589 0.9993507266044617 0.9959414601325989 0.9938499927520752 0.9948946833610535 0.012782580219209194 0.9982125163078308 0.9997860789299011 0.9980008006095886 0.9983999729156494 0.9982003569602966
0.01674165390431881 0.995879054069519 0.9994385242462158 0.9966446161270142 0.9950500130653381 0.995846688747406 0.014136388897895813 0.9978153109550476 0.9997815489768982 0.9979991912841797 0.9976000189781189 0.9977995753288269
0.018112244084477425 0.9958541989326477 0.9993147850036621 0.9966444373130798 0.9950000047683716 0.9958215355873108 0.012898746877908707 0.997219443321228 0.9997656345367432 0.9972000122070312 0.9972000122070312 0.9972000122070312
0.017248157411813736 0.9959287047386169 0.999519407749176 0.9969435930252075 0.9948499798774719 0.9958956241607666 0.016749229282140732 0.997219443321228 0.999754786491394 0.9987961649894714 0.9955999851226807 0.9971954822540283
0.017031017690896988 0.9959038496017456 0.9995167851448059 0.9965453147888184 0.995199978351593 0.9958721995353699 0.014275003224611282 0.9980139136314392 0.9995829463005066 0.9964115023612976 0.9995999932289124 0.9980031847953796
0.015890177339315414 0.9964996576309204 0.9994471073150635 0.9974450469017029 0.9955000281333923 0.9964715838432312 0.012797834351658821 0.9982125163078308 0.9995773434638977 0.9972056150436401 0.9991999864578247 0.998201847076416
0.01662978157401085 0.9962266087532043 0.9994186162948608 0.996995210647583 0.9954000115394592 0.996196985244751 0.017527427524328232 0.9978153109550476 0.9996975064277649 0.9972033500671387 0.9983999729156494 0.9978013038635254
0.01592962071299553 0.9964748620986938 0.9995203018188477 0.9974947571754456 0.9954000115394592 0.9964462518692017 0.013107053004205227 0.9980139136314392 0.9995810389518738 0.9972044825553894 0.9987999796867371 0.9980015754699707
0.013591516762971878 0.9970458149909973 0.9996589422225952 0.9973980188369751 0.996649980545044 0.9970238208770752 0.012972046621143818 0.9978153109550476 0.9997786283493042 0.9968063831329346 0.9987999796867371 0.9978021383285522
0.015057399868965149 0.9967231154441833 0.9995135068893433 0.9971972107887268 0.9962000250816345 0.9966983795166016 0.01418984029442072 0.9982125163078308 0.9995832443237305 0.9972056150436401 0.9991999864578247 0.998201847076416
0.0150992963463068 0.9967231154441833 0.9996729493141174 0.9972967505455017 0.9961000084877014 0.9966980218887329 0.012899019755423069 0.998609721660614 0.9997778534889221 0.9980024099349976 0.9991999864578247 0.9986008405685425
0.015099262818694115 0.9969713687896729 0.9995394349098206 0.9973976612091064 0.9965000152587891 0.9969486594200134 0.015792598947882652 0.9974180459976196 0.9997713565826416 0.9983968138694763 0.996399998664856 0.9973974227905273
0.013308841735124588 0.9972940683364868 0.9996351599693298 0.9976980686187744 0.9968500137329102 0.997273862361908 0.012193933129310608 0.998609721660614 0.999786376953125 0.9984006285667419 0.9987999796867371 0.9986002445220947
0.01467265747487545 0.9965493083000183 0.9995216727256775 0.9972957968711853 0.9957500100135803 0.9965223073959351 0.013800238259136677 0.9968222379684448 0.9997751116752625 0.9987951517105103 0.9947999715805054 0.9967935681343079
0.012820425443351269 0.9973189234733582 0.9996211528778076 0.9978476166725159 0.996749997138977 0.9972984790802002 0.014809327200055122 0.9974180459976196 0.9993875622749329 0.9975990653038025 0.9972000122070312 0.9973995089530945
0.014367906376719475 0.9968224167823792 0.9996203184127808 0.9975463151931763 0.9960500001907349 0.9967976212501526 0.014152057468891144 0.9980139136314392 0.9997857809066772 0.9968076348304749 0.9991999864578247 0.9980023503303528
0.01440990436822176 0.9970458149909973 0.9996145367622375 0.9976968765258789 0.9963499903678894 0.9970229268074036 0.014034826308488846 0.9988083243370056 0.9997532367706299 0.9984012842178345 0.9991999864578247 0.9988004565238953
0.01364675909280777 0.9970458149909973 0.9996578693389893 0.9973980188369751 0.996649980545044 0.9970238208770752 0.01555446907877922 0.9978153109550476 0.9995554089546204 0.9968063831329346 0.9987999796867371 0.9978021383285522
0.014014589600265026 0.9972692728042603 0.9995790123939514 0.997947096824646 0.9965500235557556 0.997248113155365 0.013486132957041264 0.9984111189842224 0.9995906949043274 0.9976038336753845 0.9991999864578247 0.9984012842178345
0.013403103686869144 0.9972444176673889 0.9997090101242065 0.9977476596832275 0.9966999888420105 0.9972235560417175 0.0129595547914505 0.9988083243370056 0.9997619986534119 0.9987999796867371 0.9987999796867371 0.9987999796867371
0.011313705705106258 0.9976416230201721 0.9997579455375671 0.9980981945991516 0.9971500039100647 0.997623860836029 0.015840178355574608 0.998609721660614 0.9995937347412109 0.9980024099349976 0.9991999864578247 0.9986008405685425
0.013765418902039528 0.9973933696746826 0.9995949268341064 0.9977981448173523 0.9969499707221985 0.9973738789558411 0.017491288483142853 0.9980139136314392 0.9993764162063599 0.9964115023612976 0.9995999932289124 0.9980031847953796
0.012928372249007225 0.9974678754806519 0.9996210336685181 0.9976988434791565 0.9972000122070312 0.9974493980407715 0.015687815845012665 0.997219443321228 0.9995664954185486 0.9975980520248413 0.9968000054359436 0.9971988201141357
0.014783208258450031 0.996921718120575 0.999667227268219 0.9972480535507202 0.9965500235557556 0.9968989491462708 0.015371943823993206 0.998609721660614 0.9995736479759216 0.9984006285667419 0.9987999796867371 0.9986002445220947
0.01315075159072876 0.997194766998291 0.9995900392532349 0.9978969693183899 0.9964500069618225 0.9971729516983032 0.016206150874495506 0.9980139136314392 0.9997592568397522 0.9976019263267517 0.9983999729156494 0.9980007410049438
0.012270936742424965 0.9977409243583679 0.9996522665023804 0.9983479380607605 0.9970999956130981 0.9977235794067383 0.015617317520081997 0.9980139136314392 0.9995649456977844 0.9968076348304749 0.9991999864578247 0.9980023503303528
0.011697037145495415 0.9979395270347595 0.9997068047523499 0.99839848279953 0.9974499940872192 0.9979240894317627 0.012970932759344578 0.998609721660614 0.9997849464416504 0.9980024099349976 0.9991999864578247 0.9986008405685425
0.011253518983721733 0.9979395270347595 0.999736487865448 0.99839848279953 0.9974499940872192 0.9979240894317627 0.013154028914868832 0.998609721660614 0.9995775818824768 0.9976047873497009 0.9995999932289124 0.9986013770103455
0.01381797343492508 0.9971451163291931 0.9996861815452576 0.9977970123291016 0.9964500069618225 0.9971230626106262 0.016938844695687294 0.998609721660614 0.9995617866516113 0.9980024099349976 0.9991999864578247 0.9986008405685425
0.010043150745332241 0.9982870817184448 0.9998279809951782 0.998599112033844 0.99795001745224 0.9982744455337524 0.013534389436244965 0.9984111189842224 0.999593198299408 0.9976038336753845 0.9991999864578247 0.9984012842178345
0.012027695775032043 0.9978402256965637 0.9997289776802063 0.9982485175132751 0.9973999857902527 0.9978240728378296 0.01236781943589449 0.998609721660614 0.9995756149291992 0.9980024099349976 0.9991999864578247 0.9986008405685425
0.012769105844199657 0.9975175261497498 0.9996994137763977 0.9982972741127014 0.9966999888420105 0.9974979758262634 0.017047084867954254 0.9980139136314392 0.9995673298835754 0.9976019263267517 0.9983999729156494 0.9980007410049438
0.013239354826509953 0.9975671768188477 0.9995956420898438 0.9979981780052185 0.9970999956130981 0.9975488781929016 0.018070805817842484 0.9978153109550476 0.9993768930435181 0.9960143566131592 0.9995999932289124 0.9978039860725403
0.01258055679500103 0.9977409243583679 0.9996762275695801 0.9982481598854065 0.9972000122070312 0.9977238178253174 0.012243361212313175 0.9982125163078308 0.9995832443237305 0.9987985491752625 0.9976000189781189 0.998198926448822
0.011715097352862358 0.9975175261497498 0.9998114705085754 0.997948169708252 0.9970499873161316 0.9974988698959351 0.014279348775744438 0.9982125163078308 0.9995908141136169 0.9980008006095886 0.9983999729156494 0.9982003569602966
0.011859028600156307 0.9979395270347595 0.9996338486671448 0.998498260974884 0.9973499774932861 0.9979238510131836 0.012999760918319225 0.9978153109550476 0.9997737407684326 0.9983980655670166 0.9972000122070312 0.9977986812591553
0.010583545081317425 0.998013973236084 0.9997476935386658 0.9984486103057861 0.9975500106811523 0.9979991316795349 0.016439497470855713 0.9978153109550476 0.9997759461402893 0.998797595500946 0.9968000054359436 0.9977978467941284
0.011996184475719929 0.9975919723510742 0.9998248219490051 0.9980980157852173 0.9970499873161316 0.997573733329773 0.014964591711759567 0.9980139136314392 0.9995844960212708 0.9964115023612976 0.9995999932289124 0.9980031847953796
0.011036640964448452 0.9980636239051819 0.9997932314872742 0.9982991218566895 0.9977999925613403 0.9980494976043701 0.015506260097026825 0.9980139136314392 0.9995872974395752 0.9983987212181091 0.9976000189781189 0.9979991912841797
0.0115745160728693 0.9979891777038574 0.9997125267982483 0.9983986616134644 0.9975500106811523 0.997974157333374 0.012544587254524231 0.9988083243370056 0.9995644092559814 0.9980031847953796 0.9995999932289124 0.9988009333610535
0.010989721864461899 0.9979643225669861 0.9997405409812927 0.9984983205795288 0.9973999857902527 0.9979488849639893 0.012739174999296665 0.9984111189842224 0.9997922778129578 0.9980015754699707 0.9987999796867371 0.9984005689620972
0.010880972258746624 0.998187780380249 0.9997904896736145 0.9985489249229431 0.9977999925613403 0.9981743693351746 0.01666305400431156 0.9980139136314392 0.9995806813240051 0.9964115023612976 0.9995999932289124 0.9980031847953796
0.010592038743197918 0.9981381297111511 0.999890923500061 0.9987983703613281 0.9974499940872192 0.9981237053871155 0.01800977624952793 0.997616708278656 0.9993957877159119 0.9956175088882446 0.9995999932289124 0.9976047277450562
0.010357019491493702 0.998187780380249 0.999818742275238 0.9984491467475891 0.9979000091552734 0.9981745481491089 0.013740256428718567 0.998609721660614 0.9995864033699036 0.9976047873497009 0.9995999932289124 0.9986013770103455
0.012818141840398312 0.9975175261497498 0.9997033476829529 0.9977986812591553 0.9972000122070312 0.9974992275238037 0.01581641472876072 0.998609721660614 0.9993862509727478 0.9980024099349976 0.9991999864578247 0.9986008405685425
0.011464066803455353 0.9978154301643372 0.9996641278266907 0.9979991912841797 0.9976000189781189 0.9977995753288269 0.012593630701303482 0.9978153109550476 0.9995675086975098 0.996410071849823 0.9991999864578247 0.9978030920028687
0.010837058536708355 0.9982125759124756 0.9997892379760742 0.9986987113952637 0.9976999759674072 0.9981991052627563 0.014047781005501747 0.9984111189842224 0.9997748136520386 0.9983999729156494 0.9983999729156494 0.9983999729156494
0.011670947074890137 0.9976664781570435 0.999662458896637 0.9978989362716675 0.9973999857902527 0.9976494312286377 0.015157844871282578 0.9982125163078308 0.9993456602096558 0.9976028800010681 0.9987999796867371 0.9982010722160339
0.010157737880945206 0.9982870817184448 0.9997957944869995 0.9987488389015198 0.9977999925613403 0.9982741475105286 0.018624907359480858 0.9982125163078308 0.9993836879730225 0.9972056150436401 0.9991999864578247 0.998201847076416
0.011317845433950424 0.9978402256965637 0.9997416734695435 0.9981487989425659 0.9975000023841858 0.9978243112564087 0.015595545992255211 0.9980139136314392 0.9995759725570679 0.9980000257492065 0.9980000257492065 0.9980000257492065
0.01162638608366251 0.9978898763656616 0.9997114539146423 0.9985480308532715 0.9972000122070312 0.9978735446929932 0.01755039393901825 0.9984111189842224 0.9993692636489868 0.9972066879272461 0.9995999932289124 0.998401939868927
0.010579554364085197 0.9983615279197693 0.9996969699859619 0.9986990690231323 0.9980000257492065 0.9983494281768799 0.010886505246162415 0.9988083243370056 0.9997831583023071 0.9984012842178345 0.9991999864578247 0.9988004565238953
0.012461874634027481 0.9977409243583679 0.9996432065963745 0.9982980489730835 0.9971500039100647 0.9977236390113831 0.014473085291683674 0.997616708278656 0.9995235800743103 0.9979984164237976 0.9972000122070312 0.9975990056991577
0.010492810048162937 0.9981132745742798 0.9997956156730652 0.9988982081413269 0.9973000288009644 0.9980984926223755 0.014955396763980389 0.9978153109550476 0.9997808337211609 0.9979991912841797 0.9976000189781189 0.9977995753288269
0.010525166988372803 0.9981132745742798 0.9997987747192383 0.998548686504364 0.9976500272750854 0.998099148273468 0.013148033060133457 0.9988083243370056 0.9993954300880432 0.9980031847953796 0.9995999932289124 0.9988009333610535
0.009666028432548046 0.9985353350639343 0.9998189210891724 0.9990989565849304 0.99795001745224 0.9985241293907166 0.01477043703198433 0.9980139136314392 0.9993945956230164 0.9980000257492065 0.9980000257492065 0.9980000257492065
0.012332593090832233 0.9978898763656616 0.9995850324630737 0.9983983039855957 0.9973499774932861 0.997873842716217 0.012922749854624271 0.9984111189842224 0.9995789527893066 0.9976038336753845 0.9991999864578247 0.9984012842178345
0.009822982363402843 0.9982622265815735 0.9997991919517517 0.9983994960784912 0.9980999827384949 0.9982497096061707 0.01421243604272604 0.9982125163078308 0.9993895888328552 0.9976028800010681 0.9987999796867371 0.9982010722160339
0.009315072558820248 0.9986594319343567 0.9998021125793457 0.998999297618866 0.9983000159263611 0.998649537563324 0.015284460969269276 0.9984111189842224 0.9995754957199097 0.9980015754699707 0.9987999796867371 0.9984005689620972
0.009864830411970615 0.9985601305961609 0.9998001456260681 0.9989491701126099 0.9981499910354614 0.9985494613647461 0.014094389975070953 0.9982125163078308 0.9995898008346558 0.9972056150436401 0.9991999864578247 0.998201847076416
0.011206576600670815 0.9978898763656616 0.9996450543403625 0.9982985258102417 0.9974499940872192 0.9978740811347961 0.015567423775792122 0.9980139136314392 0.9995748996734619 0.9964115023612976 0.9995999932289124 0.9980031847953796
0.009912336245179176 0.9983118772506714 0.9997496604919434 0.9986490607261658 0.99795001745224 0.9982993602752686 0.0121286166831851 0.998609721660614 0.9997850656509399 0.9984006285667419 0.9987999796867371 0.9986002445220947
0.009295899420976639 0.9982374310493469 0.9998803734779358 0.9987486600875854 0.9976999759674072 0.9982240200042725 0.01288468949496746 0.9984111189842224 0.9995942115783691 0.9980015754699707 0.9987999796867371 0.9984005689620972
0.01116569060832262 0.9980884790420532 0.999764084815979 0.9981995224952698 0.99795001745224 0.9980747699737549 0.014167689718306065 0.9982125163078308 0.999392569065094 0.9976028800010681 0.9987999796867371 0.9982010722160339
0.009143715724349022 0.9986097812652588 0.9998531341552734 0.9988993406295776 0.9983000159263611 0.9985995888710022 0.01302311010658741 0.9982125163078308 0.9995710849761963 0.9983993768692017 0.9980000257492065 0.9981997013092041
0.010866917669773102 0.998013973236084 0.9997175931930542 0.9986981749534607 0.9973000288009644 0.9979986548423767 0.015121949836611748 0.9980139136314392 0.9993875026702881 0.9968076348304749 0.9991999864578247 0.9980023503303528
0.012154603376984596 0.9977657794952393 0.9996523261070251 0.998148500919342 0.9973499774932861 0.9977490901947021 0.013559181243181229 0.9982125163078308 0.9995743036270142 0.9980008006095886 0.9983999729156494 0.9982003569602966
0.009900065138936043 0.9983118772506714 0.9997695088386536 0.9986989498138428 0.9979000091552734 0.9982993006706238 0.013460352085530758 0.9978153109550476 0.999581515789032 0.9972033500671387 0.9983999729156494 0.9978013038635254
0.00903547927737236 0.9985353350639343 0.9998078942298889 0.9989491105079651 0.9980999827384949 0.9985243082046509 0.012209958396852016 0.9988083243370056 0.9995871782302856 0.9980031847953796 0.9995999932289124 0.9988009333610535
0.01216677762567997 0.9975175261497498 0.9996611475944519 0.9980478286743164 0.9969499707221985 0.997498631477356 0.01442835945636034 0.9974180459976196 0.9995604157447815 0.9964072108268738 0.9983999729156494 0.997402548789978
0.01199527457356453 0.9979395270347595 0.9995816946029663 0.998348593711853 0.9975000023841858 0.9979240894317627 0.012841032817959785 0.9984111189842224 0.9995758533477783 0.9987990260124207 0.9980000257492065 0.9983993768692017
0.01143338531255722 0.9978154301643372 0.9997411370277405 0.9979991912841797 0.9976000189781189 0.9977995753288269 0.013734824024140835 0.9990069270133972 0.9993757009506226 0.998401939868927 0.9995999932289124 0.999000608921051
0.009576660580933094 0.998684287071228 0.9997768402099609 0.998949408531189 0.9983999729156494 0.9986746311187744 0.013922623358666897 0.9984111189842224 0.9991942644119263 0.9980015754699707 0.9987999796867371 0.9984005689620972
0.009666422381997108 0.9984608292579651 0.9998021721839905 0.998898983001709 0.9980000257492065 0.9984493255615234 0.016121136024594307 0.9984111189842224 0.9995799660682678 0.9980015754699707 0.9987999796867371 0.9984005689620972
0.009911482222378254 0.9981132745742798 0.9997773766517639 0.9981996417045593 0.9980000257492065 0.9980998039245605 0.017499739304184914 0.9978153109550476 0.9991699457168579 0.9976009726524353 0.9980000257492065 0.9978004693984985
0.00876169465482235 0.9986594319343567 0.9998104572296143 0.998999297618866 0.9983000159263611 0.998649537563324 0.013266312889754772 0.998609721660614 0.9995747208595276 0.9987995028495789 0.9983999729156494 0.998599648475647
0.007982753217220306 0.9987587332725525 0.9998629689216614 0.9991493225097656 0.9983500242233276 0.9987495541572571 0.015241678804159164 0.9982125163078308 0.9993800520896912 0.9980008006095886 0.9983999729156494 0.9982003569602966
0.00953509658575058 0.9987339377403259 0.999775230884552 0.9992492198944092 0.998199999332428 0.9987244009971619 0.015005774796009064 0.9984111189842224 0.9997260570526123 0.9976038336753845 0.9991999864578247 0.9984012842178345
0.009887116961181164 0.998187780380249 0.9998446702957153 0.9985988140106201 0.9977499842643738 0.9981741905212402 0.012963112443685532 0.9982125163078308 0.999380350112915 0.9976028800010681 0.9987999796867371 0.9982010722160339
0.010001342743635178 0.9982870817184448 0.9998016357421875 0.9987488389015198 0.9977999925613403 0.9982741475105286 0.012593640945851803 0.9984111189842224 0.999548077583313 0.9983999729156494 0.9983999729156494 0.9983999729156494
0.010120281018316746 0.9983367323875427 0.9997762441635132 0.9985493421554565 0.9980999827384949 0.9983246326446533 0.012952701188623905 0.998609721660614 0.9993983507156372 0.9984006285667419 0.9987999796867371 0.9986002445220947
0.009020802564918995 0.9984856843948364 0.9997838139533997 0.998649537563324 0.9983000159263611 0.9984747767448425 0.018117228522896767 0.9980139136314392 0.999178409576416 0.9980000257492065 0.9980000257492065 0.9980000257492065
0.010092534124851227 0.9982374310493469 0.9997732043266296 0.9986488223075867 0.9977999925613403 0.9982242584228516 0.015492272563278675 0.998609721660614 0.9993958473205566 0.9984006285667419 0.9987999796867371 0.9986002445220947
0.010124393738806248 0.9980884790420532 0.9997756481170654 0.9985985159873962 0.9975500106811523 0.9980739951133728 0.014397778548300266 0.9984111189842224 0.9995823502540588 0.9976038336753845 0.9991999864578247 0.9984012842178345
0.009082682430744171 0.9983863830566406 0.9997833371162415 0.9986492395401001 0.9980999827384949 0.9983745813369751 0.012512638233602047 0.9982125163078308 0.9995951056480408 0.9976028800010681 0.9987999796867371 0.9982010722160339
0.01000317931175232 0.9982622265815735 0.999800443649292 0.9985491037368774 0.99795001745224 0.9982495307922363 0.018135778605937958 0.9980139136314392 0.9995811581611633 0.9983987212181091 0.9976000189781189 0.9979991912841797
0.009873655624687672 0.9981132745742798 0.9998025298118591 0.998548686504364 0.9976500272750854 0.998099148273468 0.01538569014519453 0.9980139136314392 0.9993610978126526 0.9976019263267517 0.9983999729156494 0.9980007410049438
0.008837457746267319 0.9985353350639343 0.9998323917388916 0.9987494349479675 0.9983000159263611 0.9985246658325195 0.015269427560269833 0.9990069270133972 0.9993953108787537 0.998401939868927 0.9995999932289124 0.999000608921051
0.009721564128994942 0.9982125759124756 0.9997813701629639 0.9985489845275879 0.9978500008583069 0.9981994032859802 0.016662554815411568 0.9984111189842224 0.9993838667869568 0.9976038336753845 0.9991999864578247 0.9984012842178345
0.00926970224827528 0.9982374310493469 0.9998290538787842 0.9982997179031372 0.9981499910354614 0.9982248544692993 0.011678189970552921 0.9978153109550476 0.9997888803482056 0.9979991912841797 0.9976000189781189 0.9977995753288269
0.009963512420654297 0.9981629252433777 0.9998483657836914 0.9986486434936523 0.9976500272750854 0.9981490969657898 0.014324421063065529 0.9982125163078308 0.9993546605110168 0.9983993768692017 0.9980000257492065 0.9981997013092041
0.00951178465038538 0.9981629252433777 0.9999040961265564 0.9986985921859741 0.9976000189781189 0.998149037361145 0.015924304723739624 0.9980139136314392 0.9995786547660828 0.9976019263267517 0.9983999729156494 0.9980007410049438
0.010136156342923641 0.9981629252433777 0.9998002052307129 0.9982994794845581 0.9980000257492065 0.9981497526168823 0.012822121381759644 0.9982125163078308 0.9995688796043396 0.9976028800010681 0.9987999796867371 0.9982010722160339
0.009099987335503101 0.9984111785888672 0.9999049305915833 0.9988489747047424 0.99795001745224 0.9983993172645569 0.016760464757680893 0.9982125163078308 0.9995663166046143 0.9972056150436401 0.9991999864578247 0.998201847076416
0.011092365719377995 0.9982125759124756 0.9996445775032043 0.9983494877815247 0.9980499744415283 0.9981997609138489 0.01190533209592104 0.9978153109550476 0.9997735023498535 0.9976009726524353 0.9980000257492065 0.9978004693984985
0.009107116609811783 0.9985353350639343 0.9998048543930054 0.9988492727279663 0.998199999332428 0.9985244870185852 0.018436143174767494 0.9980139136314392 0.9991751909255981 0.9968076348304749 0.9991999864578247 0.9980023503303528
0.012281923554837704 0.99769127368927 0.9996085166931152 0.9980485439300537 0.9973000288009644 0.9976741075515747 0.01651928387582302 0.997616708278656 0.9991191029548645 0.9983974099159241 0.9968000054359436 0.9975980520248413
0.01068378146737814 0.9982870817184448 0.9996991753578186 0.99849933385849 0.9980499744415283 0.998274564743042 0.015223969705402851 0.998609721660614 0.9991652369499207 0.9980024099349976 0.9991999864578247 0.9986008405685425
0.01131106074899435 0.9981381297111511 0.9996155500411987 0.9984489679336548 0.9977999925613403 0.998124361038208 0.014740925282239914 0.997616708278656 0.9993808269500732 0.9979984164237976 0.9972000122070312 0.9975990056991577
0.00876506045460701 0.9987090826034546 0.9998317360877991 0.9989994168281555 0.9983999729156494 0.9986996650695801 0.014795397408306599 0.9984111189842224 0.999394416809082 0.9983999729156494 0.9983999729156494 0.9983999729156494
0.010735707357525826 0.9981132745742798 0.9996438026428223 0.9982993006706238 0.9979000091552734 0.9980995655059814 0.014044774696230888 0.9980139136314392 0.9995281100273132 0.9983987212181091 0.9976000189781189 0.9979991912841797
0.008833876810967922 0.998510479927063 0.9998576045036316 0.9989989995956421 0.9980000257492065 0.9984992742538452 0.017158126458525658 0.9982125163078308 0.999581515789032 0.9976028800010681 0.9987999796867371 0.9982010722160339
0.008558119647204876 0.9986346364021301 0.9997838735580444 0.9987496733665466 0.9984999895095825 0.9986248016357422 0.014897363260388374 0.9984111189842224 0.9991788864135742 0.9980015754699707 0.9987999796867371 0.9984005689620972
0.010761748999357224 0.9981132745742798 0.9996259808540344 0.9981498122215271 0.9980499744415283 0.9980998635292053 0.015606043860316277 0.9984111189842224 0.9997673034667969 0.9980015754699707 0.9987999796867371 0.9984005689620972
0.009549327194690704 0.9984111785888672 0.9998023509979248 0.9986992478370667 0.9980999827384949 0.9983994960784912 0.01537582091987133 0.9988083243370056 0.9993807673454285 0.9984012842178345 0.9991999864578247 0.9988004565238953
0.01023303996771574 0.9981381297111511 0.9997730851173401 0.9984988570213318 0.9977499842643738 0.9981243014335632 0.0135190449655056 0.9988083243370056 0.9997800588607788 0.9980031847953796 0.9995999932289124 0.9988009333610535
0.010521836578845978 0.9979395270347595 0.9997721314430237 0.998298704624176 0.9975500106811523 0.997924268245697 0.01927824877202511 0.997616708278656 0.9995664954185486 0.9968051314353943 0.9983999729156494 0.9976019263267517
0.009840678423643112 0.9983118772506714 0.9996774196624756 0.9984495639801025 0.9981499910354614 0.998299777507782 0.016327306628227234 0.9984111189842224 0.9991763234138489 0.9980015754699707 0.9987999796867371 0.9984005689620972
0.00988986250013113 0.9981629252433777 0.9997545480728149 0.9981499910354614 0.9981499910354614 0.9981499910354614 0.016492336988449097 0.9982125163078308 0.9993662238121033 0.9972056150436401 0.9991999864578247 0.998201847076416
0.008706003427505493 0.9985849857330322 0.9998346567153931 0.9988493919372559 0.9983000159263611 0.9985746145248413 0.013600056059658527 0.9980139136314392 0.9991943836212158 0.9980000257492065 0.9980000257492065 0.9980000257492065
0.008065699599683285 0.9988580346107483 0.9997633099555969 0.9989997148513794 0.9987000226974487 0.9988498687744141 0.014311417005956173 0.9984111189842224 0.9993698000907898 0.9980015754699707 0.9987999796867371 0.9984005689620972
0.00985151156783104 0.9979891777038574 0.9997748136520386 0.9980995059013367 0.9978500008583069 0.9979747533798218 0.017862219363451004 0.9978153109550476 0.9995796084403992 0.9968063831329346 0.9987999796867371 0.9978021383285522
0.010468128137290478 0.9983615279197693 0.9997026324272156 0.9985992908477783 0.9980999827384949 0.9983495473861694 0.0188133604824543 0.9980139136314392 0.9991906881332397 0.9980000257492065 0.9980000257492065 0.9980000257492065
0.00930461660027504 0.9984608292579651 0.9997296333312988 0.9985496997833252 0.9983500242233276 0.9984498620033264 0.0156656876206398 0.9982125163078308 0.9991480708122253 0.9980008006095886 0.9983999729156494 0.9982003569602966
0.008182058110833168 0.9987835884094238 0.9998354911804199 0.9991993308067322 0.9983500242233276 0.998774528503418 0.013424665667116642 0.9984111189842224 0.9993818402290344 0.9980015754699707 0.9987999796867371 0.9984005689620972
0.008840973488986492 0.9983615279197693 0.99983149766922 0.9985992908477783 0.9980999827384949 0.9983495473861694 0.013139787130057812 0.9984111189842224 0.9995937347412109 0.9980015754699707 0.9987999796867371 0.9984005689620972
0.009064195677638054 0.9982125759124756 0.9998809695243835 0.9985489845275879 0.9978500008583069 0.9981994032859802 0.013622741214931011 0.9984111189842224 0.999201238155365 0.9976038336753845 0.9991999864578247 0.9984012842178345
0.009861770085990429 0.9981381297111511 0.9997526407241821 0.9987484216690063 0.9975000023841858 0.9981237649917603 0.013836648315191269 0.9982125163078308 0.9997806549072266 0.9976028800010681 0.9987999796867371 0.9982010722160339
0.010569469071924686 0.9980388283729553 0.9997239708900452 0.9982990622520447 0.9977499842643738 0.9980244636535645 0.019572315737605095 0.9984111189842224 0.9993828535079956 0.9983999729156494 0.9983999729156494 0.9983999729156494
0.009458495303988457 0.9983863830566406 0.9997549653053284 0.9987989664077759 0.99795001745224 0.998374342918396 0.013391085900366306 0.9984111189842224 0.9993451833724976 0.9983999729156494 0.9983999729156494 0.9983999729156494
0.008346213027834892 0.9989076852798462 0.9997873902320862 0.9992494583129883 0.9985499978065491 0.9988996386528015 0.017869561910629272 0.9978153109550476 0.9991788268089294 0.9960143566131592 0.9995999932289124 0.9978039860725403
0.008822198957204819 0.9983615279197693 0.9998332262039185 0.9985494017601013 0.9981499910354614 0.998349666595459 0.014434962533414364 0.9982125163078308 0.9995802640914917 0.9980008006095886 0.9983999729156494 0.9982003569602966
0.008551611565053463 0.9987339377403259 0.9997618794441223 0.9989495277404785 0.9984999895095825 0.9987246990203857 0.01829690858721733 0.9980139136314392 0.9991336464881897 0.9980000257492065 0.9980000257492065 0.9980000257492065
0.010150134563446045 0.9982622265815735 0.9997491836547852 0.9985491037368774 0.99795001745224 0.9982495307922363 0.02028365433216095 0.9974180459976196 0.9985827207565308 0.9979975819587708 0.9968000054359436 0.9973984360694885
0.010200629942119122 0.9978898763656616 0.9998041987419128 0.9981988072395325 0.9975500106811523 0.9978743195533752 0.013740063644945621 0.998609721660614 0.9989947080612183 0.9980024099349976 0.9991999864578247 0.9986008405685425
0.00880361907184124 0.9986594319343567 0.9997853636741638 0.9988495111465454 0.998449981212616 0.9986497163772583 0.021525409072637558 0.9984111189842224 0.9991793632507324 0.9983999729156494 0.9983999729156494 0.9983999729156494
0.009159943088889122 0.9983118772506714 0.9997807145118713 0.9986490607261658 0.99795001745224 0.9982993602752686 0.016319822520017624 0.9982125163078308 0.999588668346405 0.9976028800010681 0.9987999796867371 0.9982010722160339
0.009177141822874546 0.9984608292579651 0.9998528361320496 0.9987991452217102 0.9980999827384949 0.998449444770813 0.016703631728887558 0.9982125163078308 0.999152660369873 0.9983993768692017 0.9980000257492065 0.9981997013092041
0.009002238512039185 0.9983615279197693 0.9998041987419128 0.9985494017601013 0.9981499910354614 0.998349666595459 0.01435134094208479 0.9984111189842224 0.9989941716194153 0.9983999729156494 0.9983999729156494 0.9983999729156494
0.00939655676484108 0.9982125759124756 0.9998750686645508 0.9985489845275879 0.9978500008583069 0.9981994032859802 0.011869275011122227 0.997616708278656 0.9995810985565186 0.9976000189781189 0.9976000189781189 0.9976000189781189
0.008770727552473545 0.998510479927063 0.9998328685760498 0.9987992644309998 0.998199999332428 0.9984995126724243 0.01250268705189228 0.9984111189842224 0.999588668346405 0.9976038336753845 0.9991999864578247 0.9984012842178345
0.00789703894406557 0.998684287071228 0.999911367893219 0.9990493059158325 0.9983000159263611 0.9986745715141296 0.01333472691476345 0.9982125163078308 0.9995858669281006 0.9976028800010681 0.9987999796867371 0.9982010722160339
0.008304190821945667 0.998510479927063 0.999861478805542 0.9988991022109985 0.9980999827384949 0.9984993934631348 0.01469661295413971 0.9980139136314392 0.9991962313652039 0.9980000257492065 0.9980000257492065 0.9980000257492065
0.0088176429271698 0.9986097812652588 0.9997843503952026 0.9989991784095764 0.998199999332428 0.9985994100570679 0.015060761012136936 0.9984111189842224 0.9993926882743835 0.9980015754699707 0.9987999796867371 0.9984005689620972
0.00869282241910696 0.9986594319343567 0.9997339248657227 0.9988994598388672 0.9983999729156494 0.9986496567726135 0.018076205626130104 0.9980139136314392 0.9995556473731995 0.9976019263267517 0.9983999729156494 0.9980007410049438
0.010750596411526203 0.9981381297111511 0.9997721314430237 0.9984489679336548 0.9977999925613403 0.998124361038208 0.015873616561293602 0.998609721660614 0.9995688796043396 0.9980024099349976 0.9991999864578247 0.9986008405685425
0.009672295302152634 0.9983118772506714 0.9997766017913818 0.9986490607261658 0.99795001745224 0.9982993602752686 0.012076620012521744 0.9988083243370056 0.9997716546058655 0.9987999796867371 0.9987999796867371 0.9987999796867371
0.007446713279932737 0.9988580346107483 0.9998884797096252 0.9990496039390564 0.9986500144004822 0.9988498091697693 0.013307287357747555 0.998609721660614 0.9991936683654785 0.9984006285667419 0.9987999796867371 0.9986002445220947
0.008238266222178936 0.9985849857330322 0.9998363256454468 0.9988992810249329 0.9982500076293945 0.9985745549201965 0.013883949257433414 0.9982125163078308 0.9993861317634583 0.9983993768692017 0.9980000257492065 0.9981997013092041
0.00841585174202919 0.9983863830566406 0.9998111128807068 0.9987490773200989 0.9980000257492065 0.9983744025230408 0.015205465257167816 0.9984111189842224 0.9989773035049438 0.9980015754699707 0.9987999796867371 0.9984005689620972
0.008427338674664497 0.9986346364021301 0.9998593330383301 0.9988994002342224 0.9983500242233276 0.9986246228218079 0.01742883212864399 0.9978153109550476 0.9991950988769531 0.9976009726524353 0.9980000257492065 0.9978004693984985
0.008178413845598698 0.9986594319343567 0.9998376369476318 0.998999297618866 0.9983000159263611 0.998649537563324 0.0148052042350173 0.9984111189842224 0.9995874762535095 0.9991987347602844 0.9976000189781189 0.9983987212181091
0.011096307076513767 0.9982125759124756 0.9997995495796204 0.9983993768692017 0.9980000257492065 0.9981997013092041 0.011469031684100628 0.9984111189842224 0.9995843172073364 0.9983999729156494 0.9983999729156494 0.9983999729156494
0.00859823077917099 0.9986594319343567 0.9999303817749023 0.9988994598388672 0.9983999729156494 0.9986496567726135 0.01463390327990055 0.9984111189842224 0.9993911981582642 0.9980015754699707 0.9987999796867371 0.9984005689620972
0.009555070661008358 0.9983615279197693 0.9997281432151794 0.9985992908477783 0.9980999827384949 0.9983495473861694 0.015299643389880657 0.9984111189842224 0.9995928406715393 0.9983999729156494 0.9983999729156494 0.9983999729156494
0.008679676800966263 0.998684287071228 0.999782383441925 0.9990493059158325 0.9983000159263611 0.9986745715141296 0.017114896327257156 0.9978153109550476 0.9991838932037354 0.996410071849823 0.9991999864578247 0.9978030920028687
0.008511424995958805 0.9987090826034546 0.9998595118522644 0.9988995790481567 0.9984999895095825 0.9986997842788696 0.015982143580913544 0.9982125163078308 0.9995632171630859 0.9976028800010681 0.9987999796867371 0.9982010722160339
0.008056152611970901 0.9986346364021301 0.9998598694801331 0.9989992380142212 0.9982500076293945 0.9986244440078735 0.01903528906404972 0.9988083243370056 0.9989919662475586 0.9987999796867371 0.9987999796867371 0.9987999796867371
0.008840196765959263 0.9984111785888672 0.9997859597206116 0.9986492991447449 0.9981499910354614 0.9983996152877808 0.014150643721222878 0.9988083243370056 0.9991893172264099 0.9984012842178345 0.9991999864578247 0.9988004565238953
0.008104522712528706 0.9986346364021301 0.9998368620872498 0.9988495111465454 0.9983999729156494 0.9986246824264526 0.013019350357353687 0.9984111189842224 0.9995726346969604 0.9987990260124207 0.9980000257492065 0.9983993768692017
0.007645862642675638 0.9987090826034546 0.999932587146759 0.998849630355835 0.9985499978065491 0.9986998438835144 0.013302868232131004 0.998609721660614 0.9993642568588257 0.9984006285667419 0.9987999796867371 0.9986002445220947
0.008802546188235283 0.9986594319343567 0.9998321533203125 0.9991990923881531 0.9980999827384949 0.9986492395401001 0.0158066526055336 0.9966236352920532 0.9995396137237549 0.997196614742279 0.9959999918937683 0.996597945690155
0.010642915964126587 0.998013973236084 0.999620258808136 0.9983987212181091 0.9976000189781189 0.9979991912841797 0.014090972021222115 0.9988083243370056 0.9993528127670288 0.9987999796867371 0.9987999796867371 0.9987999796867371
0.009710123762488365 0.9982870817184448 0.9997802376747131 0.99849933385849 0.9980499744415283 0.998274564743042 0.02022852562367916 0.9980139136314392 0.998785674571991 0.9972044825553894 0.9987999796867371 0.9980015754699707
0.008523101918399334 0.998684287071228 0.9998571872711182 0.9989993572235107 0.9983500242233276 0.9986746311187744 0.017346234992146492 0.9988083243370056 0.9993686079978943 0.9991993308067322 0.9983999729156494 0.9987994432449341
0.009774736128747463 0.9982125759124756 0.9997289776802063 0.9984492063522339 0.99795001745224 0.9981995820999146 0.015363323502242565 0.998609721660614 0.9993900656700134 0.9980024099349976 0.9991999864578247 0.9986008405685425
0.008955552242696285 0.9983863830566406 0.9998312592506409 0.9987490773200989 0.9980000257492065 0.9983744025230408 0.01596194878220558 0.9980139136314392 0.9993783235549927 0.9980000257492065 0.9980000257492065 0.9980000257492065
0.00820001121610403 0.9989076852798462 0.9997884631156921 0.9989997744560242 0.9987999796867371 0.9988998770713806 0.01800009235739708 0.998609721660614 0.9989734888076782 0.9984006285667419 0.9987999796867371 0.9986002445220947
0.009509910829365253 0.9983367323875427 0.9997809529304504 0.9985992312431335 0.9980499744415283 0.9983245134353638 0.01691516861319542 0.9980139136314392 0.9993907809257507 0.9976019263267517 0.9983999729156494 0.9980007410049438
0.009170757606625557 0.9984111785888672 0.999754011631012 0.9985994100570679 0.998199999332428 0.9983996152877808 0.016800841316580772 0.9978153109550476 0.9991898536682129 0.9972033500671387 0.9983999729156494 0.9978013038635254
0.007823806256055832 0.9988828897476196 0.9998350739479065 0.9991994500160217 0.9985499978065491 0.9988746047019958 0.014027627184987068 0.998609721660614 0.9993889331817627 0.9984006285667419 0.9987999796867371 0.9986002445220947
0.00800151377916336 0.9986097812652588 0.9998864531517029 0.9988494515419006 0.9983500242233276 0.998599648475647 0.017565498128533363 0.9982125163078308 0.9991792440414429 0.9980008006095886 0.9983999729156494 0.9982003569602966
0.009625479578971863 0.9984856843948364 0.9997261166572571 0.9989489912986755 0.9980000257492065 0.9984742999076843 0.018751228228211403 0.9978153109550476 0.9991974234580994 0.9960143566131592 0.9995999932289124 0.9978039860725403
0.008542604744434357 0.998510479927063 0.9998574256896973 0.9986495971679688 0.9983500242233276 0.9984997510910034 0.016986019909381866 0.9982125163078308 0.9989922642707825 0.9976028800010681 0.9987999796867371 0.9982010722160339
0.007722741458564997 0.9988083839416504 0.9998633861541748 0.9989995956420898 0.9986000061035156 0.998799741268158 0.020487332716584206 0.9980139136314392 0.9989814162254333 0.9976019263267517 0.9983999729156494 0.9980007410049438
0.009099389426410198 0.9982374310493469 0.9998573064804077 0.9984991550445557 0.99795001745224 0.9982244968414307 0.015712281689047813 0.9980139136314392 0.9991469979286194 0.9976019263267517 0.9983999729156494 0.9980007410049438
0.00817763153463602 0.998684287071228 0.999880313873291 0.9989993572235107 0.9983500242233276 0.9986746311187744 0.015475626103579998 0.9984111189842224 0.9993969202041626 0.9980015754699707 0.9987999796867371 0.9984005689620972
0.008130479604005814 0.9985353350639343 0.9998382329940796 0.9986496567726135 0.9983999729156494 0.9985247850418091 0.017503198236227036 0.9982125163078308 0.9993856549263 0.9980008006095886 0.9983999729156494 0.9982003569602966
0.009064801037311554 0.998510479927063 0.9997795224189758 0.9988492131233215 0.9981499910354614 0.9984994530677795 0.018910126760601997 0.9970208406448364 0.9989766478538513 0.9983955025672913 0.9955999851226807 0.9969958066940308
0.009001879952847958 0.9984360337257385 0.9998306035995483 0.9985995292663574 0.9982500076293945 0.9984247088432312 0.016557706519961357 0.998609721660614 0.9989696741104126 0.9984006285667419 0.9987999796867371 0.9986002445220947
0.008225386030972004 0.9987835884094238 0.9998350143432617 0.9990994334220886 0.998449981212616 0.9987745881080627 0.01751631498336792 0.9980139136314392 0.9989821910858154 0.9972044825553894 0.9987999796867371 0.9980015754699707
0.010066605173051357 0.9978154301643372 0.9997525215148926 0.9977999925613403 0.9977999925613403 0.9977999925613403 0.01486376952379942 0.9980139136314392 0.9993298649787903 0.9983987212181091 0.9976000189781189 0.9979991912841797
0.0084969662129879 0.9987090826034546 0.9997840523719788 0.998849630355835 0.9985499978065491 0.9986998438835144 0.015281598083674908 0.9982125163078308 0.9987759590148926 0.9980008006095886 0.9983999729156494 0.9982003569602966
0.009555504657328129 0.9981381297111511 0.9998783469200134 0.9983492493629456 0.9979000091552734 0.9981245994567871 0.019984450191259384 0.9984111189842224 0.9993869066238403 0.9980015754699707 0.9987999796867371 0.9984005689620972
0.008446677587926388 0.9985353350639343 0.9998622536659241 0.9988991618156433 0.9981499910354614 0.9985244274139404 0.015908729285001755 0.9980139136314392 0.9993643164634705 0.9976019263267517 0.9983999729156494 0.9980007410049438
0.007539122365415096 0.9988828897476196 0.9998860955238342 0.9993493556976318 0.9983999729156494 0.9988744258880615 0.014632593840360641 0.998609721660614 0.9991971850395203 0.9984006285667419 0.9987999796867371 0.9986002445220947
0.008834481239318848 0.9981629252433777 0.9999077916145325 0.9983493685722351 0.99795001745224 0.9981496930122375 0.016378426924347878 0.9984111189842224 0.9989683628082275 0.9987990260124207 0.9980000257492065 0.9983993768692017
0.007392008788883686 0.9988580346107483 0.999914288520813 0.9990995526313782 0.9986000061035156 0.9988497495651245 0.015047543682157993 0.9978153109550476 0.9993543028831482 0.9979991912841797 0.9976000189781189 0.9977995753288269
0.009170262143015862 0.9983367323875427 0.9998042583465576 0.9983997344970703 0.9982500076293945 0.9983248710632324 0.016543233767151833 0.9982125163078308 0.9991915822029114 0.9987985491752625 0.9976000189781189 0.998198926448822
0.009909812361001968 0.998013973236084 0.9997518062591553 0.9980996251106262 0.9979000091552734 0.9979998469352722 0.01563137397170067 0.9978153109550476 0.9997851252555847 0.9976009726524353 0.9980000257492065 0.9978004693984985
0.009263260290026665 0.9985353350639343 0.9997552037239075 0.9986995458602905 0.9983500242233276 0.9985247254371643 0.017801180481910706 0.9980139136314392 0.9995812177658081 0.9980000257492065 0.9980000257492065 0.9980000257492065
0.00792031828314066 0.9987835884094238 0.999836266040802 0.9990494847297668 0.9984999895095825 0.9987746477127075 0.016982832923531532 0.9984111189842224 0.9993763566017151 0.9987990260124207 0.9980000257492065 0.9983993768692017
0.008304271847009659 0.9986097812652588 0.9998595714569092 0.9988494515419006 0.9983500242233276 0.998599648475647 0.01578412763774395 0.997616708278656 0.9989346861839294 0.9976000189781189 0.9976000189781189 0.9976000189781189
0.007581428624689579 0.9988580346107483 0.9998874068260193 0.9992493987083435 0.998449981212616 0.9988495707511902 0.01705528236925602 0.9978153109550476 0.9991924166679382 0.9972033500671387 0.9983999729156494 0.9978013038635254
0.008413435891270638 0.9983118772506714 0.9998598098754883 0.9984993934631348 0.9980999827384949 0.9982995986938477 0.018178872764110565 0.9978153109550476 0.9991843104362488 0.9983980655670166 0.9972000122070312 0.9977986812591553
0.009186341427266598 0.998510479927063 0.9996848106384277 0.9987493753433228 0.9982500076293945 0.9984996318817139 0.017658501863479614 0.9978153109550476 0.9993789196014404 0.9968063831329346 0.9987999796867371 0.9978021383285522
