loss_s0113 accuracy_s0113 val_auc_s0113 precision_s0113 recall_s0113 f1_score_s0113 val_loss_s0113 val_accuracy_s0113 val_val_auc_s0113 val_precision_s0113 val_recall_s0113 val_f1_score_s0113
0.15749011933803558 0.9449031949043274 0.9848797917366028 0.9426792860031128 0.9464499950408936 0.9445608854293823 0.05214734375476837 0.9839317798614502 0.9976205229759216 0.9797699451446533 0.9879999756813049 0.9838677644729614
0.06944404542446136 0.9789977669715881 0.9958844184875488 0.9788010716438293 0.9788500070571899 0.9788255095481873 0.04224245995283127 0.9882959723472595 0.9982739686965942 0.9818397164344788 0.9947999715805054 0.9882773160934448
0.04538153484463692 0.9871804118156433 0.9978826642036438 0.9873918294906616 0.9867500066757202 0.9870707988739014 0.036074135452508926 0.9908748269081116 0.9992741942405701 0.9959579706192017 0.9855999946594238 0.9907519221305847
0.039362937211990356 0.9894616603851318 0.9981647729873657 0.9905277490615845 0.9882000088691711 0.9893624782562256 0.023970425128936768 0.9934536814689636 0.9993762373924255 0.9943887591362 0.9923999905586243 0.9933933615684509
0.038388319313526154 0.9899575710296631 0.9982960224151611 0.9917189478874207 0.9879999756813049 0.989855945110321 0.022620929405093193 0.9944455623626709 0.9996849298477173 0.9940047860145569 0.9947999715805054 0.9944021701812744
0.03412700816988945 0.9917429089546204 0.9984108209609985 0.9929319620132446 0.9904000163078308 0.9916643500328064 0.046959951519966125 0.9928585886955261 0.9995802640914917 0.9900556802749634 0.9955999851226807 0.9928200840950012
0.03284239023923874 0.991990864276886 0.998558521270752 0.9930837750434875 0.9907500147819519 0.9919155240058899 0.01912500336766243 0.9954373836517334 0.9994008541107178 0.9971898794174194 0.9936000108718872 0.9953917264938354
0.03023715503513813 0.9929579496383667 0.998647153377533 0.9939372539520264 0.9918500185012817 0.9928925633430481 0.01791961118578911 0.9958341717720032 0.999565839767456 0.9963956475257874 0.995199978351593 0.9957974553108215
0.028538743034005165 0.9931811094284058 0.9988800883293152 0.9941380023956299 0.9921000003814697 0.9931179881095886 0.01896669529378414 0.9950406551361084 0.9995816946029663 0.997187614440918 0.9927999973297119 0.9949889779090881
0.026883915066719055 0.9939001798629761 0.9988543391227722 0.9948396682739258 0.9928500056266785 0.9938437938690186 0.01802743785083294 0.9954373836517334 0.9998345375061035 0.9955982565879822 0.995199978351593 0.9953990578651428
0.02906736359000206 0.9930819272994995 0.9988082051277161 0.994434118270874 0.991599977016449 0.9930149912834167 0.013717247173190117 0.9966276288032532 0.9998825192451477 0.9967986941337585 0.996399998664856 0.9965993165969849
0.02723458595573902 0.9938257932662964 0.9987945556640625 0.9947893023490906 0.9927499890327454 0.9937686324119568 0.014482174068689346 0.997421145439148 0.9998932480812073 0.997201144695282 0.9976000189781189 0.9974005818367004
0.025567950680851936 0.9944952726364136 0.9988880157470703 0.9957886338233948 0.9930999875068665 0.9944425225257874 0.05294094607234001 0.9912715554237366 0.999707818031311 0.9838455319404602 0.9987999796867371 0.9912663698196411
0.03900069743394852 0.9899327754974365 0.9981499314308167 0.9904385209083557 0.9892500042915344 0.9898439049720764 0.018379690125584602 0.9958341717720032 0.9991819858551025 0.9963956475257874 0.995199978351593 0.9957974553108215
0.03125178441405296 0.9924867749214172 0.9986670017242432 0.9936344027519226 0.9911999702453613 0.9924156665802002 0.019759617745876312 0.9954373836517334 0.9998526573181152 0.9983903169631958 0.9923999905586243 0.9953861236572266
0.029871420934796333 0.993280291557312 0.9986807107925415 0.9941391348838806 0.9922999739646912 0.993218719959259 0.015530791133642197 0.9964292645454407 0.999893069267273 0.9971955418586731 0.9955999851226807 0.9963971376419067
0.027795419096946716 0.993850588798523 0.9987142086029053 0.994987964630127 0.9926000237464905 0.9937925934791565 0.020572561770677567 0.9952390193939209 0.9993347525596619 0.9948041439056396 0.9955999851226807 0.9952019453048706
0.026120927184820175 0.9940241575241089 0.9989792108535767 0.9946427941322327 0.9933000206947327 0.9939709305763245 0.01426171325147152 0.9968260526657104 0.9999258518218994 0.9975961446762085 0.9959999918937683 0.9967974424362183
0.02623560093343258 0.9939001798629761 0.9990341067314148 0.9945918917655945 0.9930999875068665 0.9938454031944275 0.012280922383069992 0.997024416923523 0.9995265603065491 0.9968012571334839 0.9972000122070312 0.9970005750656128
0.028362607583403587 0.9937266111373901 0.9989871978759766 0.9941939115524292 0.993149995803833 0.9936716556549072 0.012998197227716446 0.9964292645454407 0.9999163150787354 0.9956070184707642 0.9972000122070312 0.9964028596878052
0.02291318029165268 0.995040774345398 0.9992072582244873 0.9959920048713684 0.9940000176429749 0.9949949979782104 0.014546237885951996 0.9966276288032532 0.9999101161956787 0.998794674873352 0.9944000244140625 0.9965924620628357
0.025331251323223114 0.993850588798523 0.999072253704071 0.9945418238639832 0.9930499792098999 0.9937953352928162 0.023839568719267845 0.9934536814689636 0.9994398355484009 0.9896784424781799 0.9972000122070312 0.9934250116348267
0.025445062667131424 0.9945448637008667 0.9990047812461853 0.9953420758247375 0.9936500191688538 0.9944953322410583 0.013380859047174454 0.9972227811813354 0.9999135136604309 0.9972000122070312 0.9972000122070312 0.9972000122070312
0.02251341938972473 0.9949415922164917 0.9991368055343628 0.9955938458442688 0.9941999912261963 0.9948964715003967 0.012051599100232124 0.997024416923523 0.9999467730522156 0.9975970983505249 0.996399998664856 0.9969981908798218
0.021571297198534012 0.9955862760543823 0.9992449283599854 0.9964435696601868 0.9946500062942505 0.9955459237098694 0.012149724178016186 0.997421145439148 0.9999645948410034 0.9964072108268738 0.9983999729156494 0.997402548789978
0.02097165584564209 0.9956854581832886 0.9991120100021362 0.9965935349464417 0.994700014591217 0.9956458806991577 0.013323668390512466 0.9966276288032532 0.9999500513076782 0.9956088066101074 0.9976000189781189 0.9966034293174744
0.023730427026748657 0.9948424100875854 0.9990671873092651 0.9957915544509888 0.9937999844551086 0.9947947859764099 0.014880343340337276 0.9966276288032532 0.9999005794525146 0.9979943633079529 0.995199978351593 0.9965952634811401
0.018929090350866318 0.9961070418357849 0.9993297457695007 0.9972933530807495 0.9948499798774719 0.996070146560669 0.011345414444804192 0.997024416923523 0.9999668002128601 0.9964042901992798 0.9976000189781189 0.9970018267631531
0.021144205704331398 0.9953879117965698 0.9992035031318665 0.996342658996582 0.994350016117096 0.995345413684845 0.013173007406294346 0.9976195096969604 0.9995638728141785 0.9983974099159241 0.9968000054359436 0.9975980520248413
0.023687634617090225 0.9944952726364136 0.9989175796508789 0.9957886338233948 0.9930999875068665 0.9944425225257874 0.01120346412062645 0.9976195096969604 0.9999518990516663 0.9976000189781189 0.9976000189781189 0.9976000189781189
0.01882023736834526 0.9963054060935974 0.9993944764137268 0.9970453977584839 0.9955000281333923 0.9962721467018127 0.01246953010559082 0.997024416923523 0.9999458193778992 0.9956122636795044 0.9983999729156494 0.9970042109489441
0.01809050142765045 0.9960574507713318 0.9993876218795776 0.9967452883720398 0.9952999949455261 0.9960221648216248 0.011259656399488449 0.9972227811813354 0.9999662637710571 0.9964057803153992 0.9980000257492065 0.9972023367881775
0.01870005577802658 0.9962310194969177 0.9993376135826111 0.9968956708908081 0.9955000281333923 0.9961973428726196 0.010986331850290298 0.9982146620750427 0.9999287724494934 0.9983993768692017 0.9980000257492065 0.9981997013092041
0.01758604682981968 0.9961318373680115 0.9994076490402222 0.996944785118103 0.9952499866485596 0.9960966110229492 0.012255427427589893 0.9976195096969604 0.9995713233947754 0.9987971186637878 0.996399998664856 0.9975971579551697
0.017134172841906548 0.9964541792869568 0.999250054359436 0.9975444674491882 0.9952999949455261 0.9964209794998169 0.010898802429437637 0.997024416923523 0.999961793422699 0.9971988797187805 0.9968000054359436 0.9969993829727173
0.01869744434952736 0.9959582686424255 0.9993765950202942 0.9969437122344971 0.9948999881744385 0.9959208369255066 0.009282332845032215 0.997817873954773 0.999979555606842 0.9979991912841797 0.9976000189781189 0.9977995753288269
0.017782093957066536 0.9962062239646912 0.9993915557861328 0.9970448017120361 0.9952999949455261 0.9961715936660767 0.0135820796713233 0.9968260526657104 0.9999796748161316 0.9948207139968872 0.9987999796867371 0.9968063831329346
0.03220769390463829 0.9923380017280579 0.9986939430236816 0.9932368397712708 0.9912999868392944 0.9922674298286438 0.01438368484377861 0.9962309002876282 0.9999319314956665 0.9960016012191772 0.996399998664856 0.9962007403373718
0.031014764681458473 0.9927595257759094 0.9986795783042908 0.9945793747901917 0.9908000230789185 0.9926860928535461 0.014553485438227654 0.9962309002876282 0.999733030796051 0.9956052899360657 0.9968000054359436 0.996202290058136
0.022251173853874207 0.9949663877487183 0.9992774128913879 0.9960411190986633 0.9937999844551086 0.9949193000793457 0.01744259148836136 0.9958341717720032 0.999887228012085 0.9959983825683594 0.9955999851226807 0.9957991242408752
0.022043442353606224 0.9950903654098511 0.9993071556091309 0.9964898228645325 0.9936000108718872 0.9950428009033203 0.012340829707682133 0.997024416923523 0.9997574687004089 0.9971988797187805 0.9968000054359436 0.9969993829727173
0.01842922531068325 0.996156632900238 0.9994781017303467 0.9972438216209412 0.9950000047683716 0.9961206912994385 0.011780085042119026 0.9976195096969604 0.9995809197425842 0.9991974234580994 0.9959999918937683 0.9975961446762085
0.016610806807875633 0.9967021346092224 0.9994201064109802 0.9975457191467285 0.9958000183105469 0.9966720938682556 0.012047444470226765 0.997421145439148 0.9997381567955017 0.9983968138694763 0.996399998664856 0.9973974227905273
0.017635256052017212 0.996330201625824 0.999386727809906 0.9970953464508057 0.9955000281333923 0.9962970018386841 0.011077427305281162 0.9966276288032532 0.9999719858169556 0.9967986941337585 0.996399998664856 0.9965993165969849
0.021643202751874924 0.9943960905075073 0.9993894696235657 0.9951918125152588 0.9934999942779541 0.9943451881408691 0.010539238341152668 0.9982146620750427 0.999970555305481 0.9987985491752625 0.9976000189781189 0.998198926448822
0.0154260927811265 0.9970740675926208 0.9994918704032898 0.9978964328765869 0.9962000250816345 0.997047483921051 0.010181106626987457 0.9976195096969604 0.9999808669090271 0.9976000189781189 0.9976000189781189 0.9976000189781189
0.015151851810514927 0.9968509078025818 0.9995446801185608 0.997596263885498 0.9960500001907349 0.9968225359916687 0.01158097479492426 0.997421145439148 0.9999561905860901 0.9979975819587708 0.9968000054359436 0.9973984360694885
0.01602400280535221 0.9968261122703552 0.9995054006576538 0.9974466562271118 0.996150016784668 0.9967979192733765 0.010860085487365723 0.9976195096969604 0.9999783635139465 0.9976000189781189 0.9976000189781189 0.9976000189781189
0.01780465804040432 0.9962558150291443 0.9993743300437927 0.9967465996742249 0.9957000017166138 0.9962230324745178 0.010892474092543125 0.997421145439148 0.9999701976776123 0.9975990653038025 0.9972000122070312 0.9973995089530945
0.017378630116581917 0.996553361415863 0.9993646144866943 0.9973954558372498 0.9956499934196472 0.9965219497680664 0.011244356632232666 0.997421145439148 0.9999706149101257 0.9975990653038025 0.9972000122070312 0.9973995089530945
0.015478492714464664 0.9968509078025818 0.9995301961898804 0.9975464344024658 0.9961000084877014 0.9968227744102478 0.010876139625906944 0.9972227811813354 0.9999718070030212 0.9983961582183838 0.9959999918937683 0.997196614742279
0.013316276483237743 0.9975451827049255 0.9996144771575928 0.998047947883606 0.996999979019165 0.9975236654281616 0.011156571097671986 0.9976195096969604 0.99997478723526 0.9972022175788879 0.9980000257492065 0.9976009130477905
0.014984136447310448 0.9973716139793396 0.9994028210639954 0.9982468485832214 0.9964500069618225 0.9973475933074951 0.010886330157518387 0.9976195096969604 0.9997823238372803 0.9979984164237976 0.9972000122070312 0.9975990056991577
0.013592577539384365 0.9974460005760193 0.9995593428611755 0.9979478716850281 0.9969000220298767 0.9974237084388733 0.011730559170246124 0.997421145439148 0.9997749924659729 0.9968038201332092 0.9980000257492065 0.9974015355110168
0.01343408040702343 0.9974707961082458 0.999686062335968 0.9979978203773499 0.9969000220298767 0.9974486231803894 0.03067009709775448 0.9934536814689636 0.999530553817749 0.9995949864387512 0.9872000217437744 0.993358850479126
0.027828296646475792 0.9931811094284058 0.9988693594932556 0.9946336150169373 0.991599977016449 0.9931144714355469 0.011349386535584927 0.9982146620750427 0.9995696544647217 0.9983993768692017 0.9980000257492065 0.9981997013092041
0.01885238103568554 0.9962310194969177 0.9994657039642334 0.9964482188224792 0.9959499835968018 0.9961990118026733 0.010940938256680965 0.9976195096969604 0.9999697208404541 0.9979984164237976 0.9972000122070312 0.9975990056991577
0.013392356224358082 0.9975451827049255 0.999669075012207 0.9978983998298645 0.9971500039100647 0.9975240230560303 0.010847587138414383 0.997421145439148 0.9999729990959167 0.9975990653038025 0.9972000122070312 0.9973995089530945
0.012768764048814774 0.9973964095115662 0.9997462034225464 0.9978978037834167 0.9968500137329102 0.9973735809326172 0.011740442365407944 0.997421145439148 0.9997776746749878 0.9979975819587708 0.9968000054359436 0.9973984360694885
0.01275533065199852 0.9978179335594177 0.9996280074119568 0.9982483983039856 0.9973499774932861 0.9977990388870239 0.012468243017792702 0.9976195096969604 0.9993758201599121 0.9976000189781189 0.9976000189781189 0.9976000189781189
0.012273811735212803 0.9977683424949646 0.9996511340141296 0.998148500919342 0.9973499774932861 0.9977490901947021 0.009865586645901203 0.9982146620750427 0.9997866153717041 0.9976028800010681 0.9987999796867371 0.9982010722160339
0.0121373999863863 0.997917115688324 0.9996346235275269 0.9985480904579163 0.9972500205039978 0.9978986382484436 0.01520342007279396 0.997024416923523 0.9995527267456055 0.9964042901992798 0.9976000189781189 0.9970018267631531
0.015534150414168835 0.9969996809959412 0.9995917677879333 0.9974475502967834 0.9965000152587891 0.9969735741615295 0.011572332121431828 0.9972227811813354 0.9999722242355347 0.9979968070983887 0.996399998664856 0.9971977472305298
0.012798733077943325 0.9976939558982849 0.9996049404144287 0.9981980919837952 0.9971500039100647 0.997673749923706 0.011964808218181133 0.9976195096969604 0.9993748068809509 0.9976000189781189 0.9976000189781189 0.9976000189781189
0.013376672752201557 0.9974955916404724 0.9995697140693665 0.9979480504989624 0.996999979019165 0.9974737763404846 0.01397648174315691 0.9976195096969604 0.999535322189331 0.9979984164237976 0.9972000122070312 0.9975990056991577
0.012442652136087418 0.9978923201560974 0.999627947807312 0.9982486963272095 0.9975000023841858 0.9978741407394409 0.010428180918097496 0.997817873954773 0.9999716877937317 0.9976009726524353 0.9980000257492065 0.9978004693984985
0.012414613738656044 0.9979915022850037 0.9995550513267517 0.9984984397888184 0.9974499940872192 0.9979739189147949 0.012873328290879726 0.997421145439148 0.9999505281448364 0.9979975819587708 0.9968000054359436 0.9973984360694885
0.011408442631363869 0.997743546962738 0.9997344613075256 0.9979988932609558 0.9974499940872192 0.9977244138717651 0.011377913877367973 0.9972227811813354 0.9999730587005615 0.9979968070983887 0.996399998664856 0.9971977472305298
0.011709548532962799 0.9980906844139099 0.9996830224990845 0.998648464679718 0.9975000023841858 0.998073935508728 0.010957665741443634 0.997421145439148 0.9997818470001221 0.9975990653038025 0.9972000122070312 0.9973995089530945
0.01206582598388195 0.9978675246238708 0.9996796250343323 0.9982485771179199 0.9974499940872192 0.9978491067886353 0.011098488233983517 0.997421145439148 0.9997710585594177 0.9983968138694763 0.996399998664856 0.9973974227905273
0.011493448168039322 0.9977931380271912 0.9996876120567322 0.9983481168746948 0.9972000122070312 0.9977737665176392 0.009392186999320984 0.997421145439148 0.9999778866767883 0.9979975819587708 0.9968000054359436 0.9973984360694885
0.016568956896662712 0.9961318373680115 0.9995355010032654 0.9972436428070068 0.994949996471405 0.9960954785346985 0.01685388945043087 0.9966276288032532 0.9993473291397095 0.9956088066101074 0.9976000189781189 0.9966034293174744
0.013007404282689095 0.9974955916404724 0.9996757507324219 0.9980975985527039 0.9968500137329102 0.997473418712616 0.010870501399040222 0.997421145439148 0.999782145023346 0.9968038201332092 0.9980000257492065 0.9974015355110168
0.012302217073738575 0.9976691603660583 0.9996786713600159 0.9980484247207642 0.9972500205039978 0.997649073600769 0.014556526206433773 0.9972227811813354 0.9995759129524231 0.9975980520248413 0.9968000054359436 0.9971988201141357
0.011765601113438606 0.9979915022850037 0.9996576309204102 0.9984984397888184 0.9974499940872192 0.9979739189147949 0.012474778108298779 0.9968260526657104 0.9999625086784363 0.9971977472305298 0.996399998664856 0.9967986941337585
0.013331005349755287 0.9971732497215271 0.9996472597122192 0.9976476430892944 0.996649980545044 0.9971485733985901 0.0110100656747818 0.9972227811813354 0.9999726414680481 0.9979968070983887 0.996399998664856 0.9971977472305298
0.011709602549672127 0.997743546962738 0.9996824860572815 0.9981484413146973 0.9973000288009644 0.9977240562438965 0.01268161553889513 0.997024416923523 0.999761164188385 0.9968012571334839 0.9972000122070312 0.9970005750656128
0.012910616584122181 0.9976939558982849 0.9996518492698669 0.9982978701591492 0.9970499873161316 0.997673511505127 0.010543529875576496 0.9976195096969604 0.9999796152114868 0.9983974099159241 0.9968000054359436 0.9975980520248413
0.011405819095671177 0.9979915022850037 0.9996110796928406 0.9984485507011414 0.9975000023841858 0.9979740381240845 0.010315592400729656 0.9980162382125854 0.9997807741165161 0.9983987212181091 0.9976000189781189 0.9979991912841797
0.012587322853505611 0.9975451827049255 0.9996078014373779 0.9984471201896667 0.9965999722480774 0.9975227117538452 0.014574838802218437 0.9962309002876282 0.9997825026512146 0.9940263032913208 0.9983999729156494 0.9962083101272583
0.013178756460547447 0.9976691603660583 0.9995701909065247 0.9980983138084412 0.9972000122070312 0.9976488947868347 0.012005016207695007 0.9976195096969604 0.9997633099555969 0.9979984164237976 0.9972000122070312 0.9975990056991577
0.010684899985790253 0.9980906844139099 0.9997676014900208 0.9983989596366882 0.9977499842643738 0.9980743527412415 0.011440342292189598 0.9976195096969604 0.9995899796485901 0.9976000189781189 0.9976000189781189 0.9976000189781189
0.011376189067959785 0.9978675246238708 0.9997164011001587 0.9983982443809509 0.9973000288009644 0.9978488683700562 0.011281062848865986 0.997421145439148 0.9999760389328003 0.997201144695282 0.9976000189781189 0.9974005818367004
0.010415234602987766 0.9979915022850037 0.9997247457504272 0.9984984397888184 0.9974499940872192 0.9979739189147949 0.009707101620733738 0.997024416923523 0.9999826550483704 0.9979959726333618 0.9959999918937683 0.9969969987869263
0.011014879681169987 0.9981154799461365 0.9996699094772339 0.998548686504364 0.9976500272750854 0.998099148273468 0.010917936451733112 0.9972227811813354 0.9997862577438354 0.9960095882415771 0.9983999729156494 0.9972033500671387
0.012626657262444496 0.9977187514305115 0.9996477365493774 0.998297929763794 0.9970999956130981 0.9976986050605774 0.015063583850860596 0.9962309002876282 0.9993767142295837 0.9944201111793518 0.9980000257492065 0.9962068200111389
0.010703744366765022 0.9979419112205505 0.999739944934845 0.998348593711853 0.9975000023841858 0.9979240894317627 0.011340438388288021 0.997421145439148 0.9995808005332947 0.9968038201332092 0.9980000257492065 0.9974015355110168
0.013281355611979961 0.9972972273826599 0.9995490908622742 0.9977478384971619 0.9968000054359436 0.9972736835479736 0.012064320035278797 0.997421145439148 0.9995947480201721 0.9964072108268738 0.9983999729156494 0.997402548789978
0.011576604098081589 0.9980658888816833 0.9996406435966492 0.998748242855072 0.9973499774932861 0.9980486035346985 0.009096140041947365 0.9976195096969604 0.9999843835830688 0.9976000189781189 0.9976000189781189 0.9976000189781189
0.012854291126132011 0.9972972273826599 0.9996668696403503 0.9979472160339355 0.9965999722480774 0.9972731471061707 0.020067108795046806 0.9944455623626709 0.9993959665298462 0.9983870983123779 0.9904000163078308 0.9943774938583374
0.015104414895176888 0.9969004988670349 0.9996706247329712 0.9975466728210449 0.9962000250816345 0.9968728423118591 0.015186655335128307 0.9966276288032532 0.9995637536048889 0.9979943633079529 0.995199978351593 0.9965952634811401
0.011835075914859772 0.9980410933494568 0.9997279047966003 0.9984985589981079 0.9975500106811523 0.9980241060256958 0.013375570066273212 0.9968260526657104 0.9995773434638977 0.9971977472305298 0.996399998664856 0.9967986941337585
0.011307989247143269 0.9979667067527771 0.9997640252113342 0.9982489347457886 0.9976500272750854 0.9979493618011475 0.011177381500601768 0.9980162382125854 0.9997798800468445 0.9987980723381042 0.9972000122070312 0.9979983568191528
0.011002793908119202 0.9979667067527771 0.9997451901435852 0.9980994462966919 0.9977999925613403 0.9979496598243713 0.012064521200954914 0.997421145439148 0.9995829463005066 0.9964072108268738 0.9983999729156494 0.997402548789978
0.011464189738035202 0.9979915022850037 0.9997139573097229 0.9982988834381104 0.9976500272750854 0.9979743361473083 0.012679281644523144 0.997817873954773 0.9993770718574524 0.998797595500946 0.9968000054359436 0.9977978467941284
0.01088623609393835 0.998140275478363 0.999715268611908 0.9985986948013306 0.9976500272750854 0.9981241226196289 0.011843989603221416 0.997421145439148 0.9995861649513245 0.9979975819587708 0.9968000054359436 0.9973984360694885
0.011281656101346016 0.9976443648338318 0.9997860789299011 0.9981480836868286 0.9970999956130981 0.9976237416267395 0.008709718473255634 0.9982146620750427 0.9997876882553101 0.9991983771324158 0.9972000122070312 0.9981982111930847
0.01313560176640749 0.9977931380271912 0.9995579123497009 0.9978994727134705 0.9976500272750854 0.9977747797966003 0.012146353721618652 0.997421145439148 0.9999783039093018 0.9991971254348755 0.9955999851226807 0.9973952770233154
0.01187717355787754 0.9976443648338318 0.9996607899665833 0.9982478022575378 0.996999979019165 0.9976234436035156 0.009995803236961365 0.9980162382125854 0.9999843835830688 0.9991980791091919 0.9968000054359436 0.9979975819587708
0.009676572866737843 0.9985122084617615 0.999748945236206 0.9989490509033203 0.9980499744415283 0.9984992742538452 0.009093773551285267 0.9986113905906677 0.9997915625572205 0.9987995028495789 0.9983999729156494 0.998599648475647
0.010110453702509403 0.9985866546630859 0.9997455477714539 0.9988493919372559 0.9983000159263611 0.9985746145248413 0.009424809366464615 0.9984130263328552 0.9999819993972778 0.9980015754699707 0.9987999796867371 0.9984005689620972
0.012466310523450375 0.997743546962738 0.9996508359909058 0.9984477758407593 0.996999979019165 0.9977233409881592 0.01143751759082079 0.997024416923523 0.9997906684875488 0.9948228001594543 0.9991999864578247 0.9970065355300903
0.012032932601869106 0.9978923201560974 0.9996368885040283 0.9982985258102417 0.9974499940872192 0.9978740811347961 0.00988117977976799 0.9982146620750427 0.9997900128364563 0.9976028800010681 0.9987999796867371 0.9982010722160339
0.010626709088683128 0.9978923201560974 0.9998206496238708 0.9985979795455933 0.9971500039100647 0.9978734254837036 0.01152681652456522 0.9980162382125854 0.9995903968811035 0.9980000257492065 0.9980000257492065 0.9980000257492065
0.0103582963347435 0.9981154799461365 0.9997010231018066 0.998399019241333 0.9977999925613403 0.9980993866920471 0.008224008604884148 0.9986113905906677 0.9999908804893494 0.9984006285667419 0.9987999796867371 0.9986002445220947
0.010976600460708141 0.9981650710105896 0.9997650384902954 0.9984490871429443 0.9978500008583069 0.9981495141983032 0.017282184213399887 0.997421145439148 0.9987649917602539 0.9975990653038025 0.9972000122070312 0.9973995089530945
0.011858557350933552 0.9980658888816833 0.9996567964553833 0.9984487295150757 0.9976500272750854 0.9980491995811462 0.014874501153826714 0.997024416923523 0.9997493028640747 0.9975970983505249 0.996399998664856 0.9969981908798218
0.010729219764471054 0.9978427290916443 0.9998159408569336 0.9984480738639832 0.9972000122070312 0.9978236556053162 0.013769607059657574 0.997817873954773 0.9993410110473633 0.9976009726524353 0.9980000257492065 0.9978004693984985
0.012906217947602272 0.997346818447113 0.9996005892753601 0.9974493384361267 0.9972000122070312 0.9973246455192566 0.012494176626205444 0.9980162382125854 0.9993821978569031 0.9980000257492065 0.9980000257492065 0.9980000257492065
0.010560146532952785 0.9982146620750427 0.9997467398643494 0.998898446559906 0.9975000023841858 0.9981987476348877 0.01162742543965578 0.997817873954773 0.9995772242546082 0.9983980655670166 0.9972000122070312 0.9977986812591553
0.012316952459514141 0.9978675246238708 0.9996834993362427 0.9983483552932739 0.9973499774932861 0.9978488683700562 0.010990681126713753 0.9982146620750427 0.9995936751365662 0.9972056150436401 0.9991999864578247 0.998201847076416
0.010300909169018269 0.9980658888816833 0.9998235702514648 0.9985984563827515 0.9975000023841858 0.9980489015579224 0.010657226666808128 0.9980162382125854 0.9997900724411011 0.9972044825553894 0.9987999796867371 0.9980015754699707
0.010870428755879402 0.9978179335594177 0.9997937679290771 0.9984979033470154 0.9970999956130981 0.997798502445221 0.012722916901111603 0.9976195096969604 0.9997881054878235 0.9964086413383484 0.9987999796867371 0.9976028800010681
0.01132129691541195 0.9982146620750427 0.9996196627616882 0.9985489845275879 0.9978500008583069 0.9981994032859802 0.011538165621459484 0.997817873954773 0.9995856285095215 0.9972033500671387 0.9983999729156494 0.9978013038635254
0.010208887048065662 0.9981898665428162 0.9997504949569702 0.9985988140106201 0.9977499842643738 0.9981741905212402 0.012729248963296413 0.997817873954773 0.9995737075805664 0.998797595500946 0.9968000054359436 0.9977978467941284
0.010583115741610527 0.9982642531394958 0.9996693134307861 0.9984992742538452 0.9980000257492065 0.9982495903968811 0.011531510390341282 0.997817873954773 0.9997804760932922 0.9972033500671387 0.9983999729156494 0.9978013038635254
0.01056563202291727 0.9982890486717224 0.999697744846344 0.998649001121521 0.9979000091552734 0.9982743859291077 0.01428536418825388 0.9976195096969604 0.9993844628334045 0.9979984164237976 0.9972000122070312 0.9975990056991577
0.010010105557739735 0.998537003993988 0.9997021555900574 0.9987993240356445 0.9982500076293945 0.99852454662323 0.010705799795687199 0.9988097548484802 0.9995866417884827 0.9984012842178345 0.9991999864578247 0.9988004565238953
0.010157966986298561 0.9984626173973083 0.9997204542160034 0.9987492561340332 0.9981499910354614 0.9984495639801025 0.01342395506799221 0.9982146620750427 0.9995633959770203 0.9983993768692017 0.9980000257492065 0.9981997013092041
0.009205439127981663 0.9984378218650818 0.9998567700386047 0.9989988207817078 0.9978500008583069 0.9984240531921387 0.012798271141946316 0.9976195096969604 0.9995757937431335 0.9972022175788879 0.9980000257492065 0.9976009130477905
0.009948529303073883 0.9983386397361755 0.9996548295021057 0.9986990094184875 0.99795001745224 0.9983243942260742 0.012156860902905464 0.9976195096969604 0.9995839595794678 0.9983974099159241 0.9968000054359436 0.9975980520248413
0.011764740571379662 0.9978179335594177 0.999640703201294 0.9982483983039856 0.9973499774932861 0.9977990388870239 0.015062269754707813 0.997421145439148 0.9993062019348145 0.9979975819587708 0.9968000054359436 0.9973984360694885
0.011472398415207863 0.9979915022850037 0.9997133016586304 0.9982490539550781 0.9976999759674072 0.9979744553565979 0.014062671922147274 0.997421145439148 0.9993813633918762 0.997201144695282 0.9976000189781189 0.9974005818367004
0.011605399660766125 0.9978675246238708 0.9997811913490295 0.9983982443809509 0.9973000288009644 0.9978488683700562 0.015067478641867638 0.9980162382125854 0.9991894960403442 0.9972044825553894 0.9987999796867371 0.9980015754699707
0.013643752783536911 0.9971980452537537 0.9995749592781067 0.9974486231803894 0.9969000220298767 0.9971742630004883 0.01438108179718256 0.997817873954773 0.9991843104362488 0.998797595500946 0.9968000054359436 0.9977978467941284
0.011622528545558453 0.9980410933494568 0.999666154384613 0.9984985589981079 0.9975500106811523 0.9980241060256958 0.015104319900274277 0.997421145439148 0.9997629523277283 0.997201144695282 0.9976000189781189 0.9974005818367004
0.010560113936662674 0.998313844203949 0.9997248649597168 0.9985991716384888 0.9980000257492065 0.9982994794845581 0.01176991406828165 0.9980162382125854 0.9995778799057007 0.9972044825553894 0.9987999796867371 0.9980015754699707
0.010637212544679642 0.998140275478363 0.9997683167457581 0.9986985325813293 0.9975500106811523 0.9981239438056946 0.013660749420523643 0.9982146620750427 0.9993860125541687 0.9980008006095886 0.9983999729156494 0.9982003569602966
0.010836519300937653 0.9979667067527771 0.999795138835907 0.9983985424041748 0.9975000023841858 0.9979490637779236 0.010812499560415745 0.997817873954773 0.9997850656509399 0.9983980655670166 0.9972000122070312 0.9977986812591553
0.008769480511546135 0.9988594055175781 0.9998061656951904 0.9990995526313782 0.9986000061035156 0.9988497495651245 0.013973682187497616 0.9976195096969604 0.9995887875556946 0.9972022175788879 0.9980000257492065 0.9976009130477905
0.010861567221581936 0.9980162978172302 0.9997947216033936 0.9984486103057861 0.9975500106811523 0.9979991316795349 0.011003417894244194 0.9982146620750427 0.999595582485199 0.9983993768692017 0.9980000257492065 0.9981997013092041
0.010384728200733662 0.9982890486717224 0.9997724890708923 0.998698890209198 0.9978500008583069 0.9982742667198181 0.011266272515058517 0.9980162382125854 0.9995869994163513 0.9976019263267517 0.9983999729156494 0.9980007410049438
0.009986069984734058 0.998313844203949 0.9997754693031311 0.9989985823631287 0.9976000189781189 0.9982987642288208 0.012018713168799877 0.9976195096969604 0.9995840787887573 0.9968051314353943 0.9983999729156494 0.9976019263267517
0.012152171693742275 0.9977187514305115 0.9996588230133057 0.9980984926223755 0.9973000288009644 0.9976990818977356 0.01481657661497593 0.9968260526657104 0.9995566010475159 0.9983948469161987 0.995199978351593 0.9967948198318481
0.010497656650841236 0.9982394576072693 0.999750554561615 0.9987486600875854 0.9976999759674072 0.9982240200042725 0.011614157818257809 0.9982146620750427 0.9997835159301758 0.9980008006095886 0.9983999729156494 0.9982003569602966
0.010375541634857655 0.9984626173973083 0.9996518492698669 0.9986993670463562 0.998199999332428 0.9984496235847473 0.012573112733662128 0.9972227811813354 0.9995654821395874 0.9975980520248413 0.9968000054359436 0.9971988201141357
0.010568024590611458 0.9982890486717224 0.999770998954773 0.9987987279891968 0.9977499842643738 0.9982740879058838 0.01849971152842045 0.9972227811813354 0.9989755749702454 0.9975980520248413 0.9968000054359436 0.9971988201141357
0.012314997613430023 0.9978923201560974 0.9996327757835388 0.9983484148979187 0.9973999857902527 0.9978739619255066 0.011114627122879028 0.9984130263328552 0.9997804760932922 0.9983999729156494 0.9983999729156494 0.9983999729156494
0.010308441706001759 0.9984626173973083 0.9997188448905945 0.9989489316940308 0.99795001745224 0.9984492659568787 0.014309060759842396 0.9976195096969604 0.9995648860931396 0.9976000189781189 0.9976000189781189 0.9976000189781189
0.012392821721732616 0.9977187514305115 0.999686062335968 0.9979987740516663 0.9973999857902527 0.9976992607116699 0.01493164338171482 0.9972227811813354 0.9995400905609131 0.9975980520248413 0.9968000054359436 0.9971988201141357
0.009632444940507412 0.9983882308006287 0.9998252987861633 0.9987490773200989 0.9980000257492065 0.9983744025230408 0.012723720632493496 0.9980162382125854 0.9993839263916016 0.9987980723381042 0.9972000122070312 0.9979983568191528
0.009748686105012894 0.9982642531394958 0.9997246861457825 0.9985491037368774 0.99795001745224 0.9982495307922363 0.010860126465559006 0.9980162382125854 0.9995933175086975 0.9983987212181091 0.9976000189781189 0.9979991912841797
0.008471752516925335 0.9987354278564453 0.9997835159301758 0.9990993142127991 0.9983500242233276 0.9987245202064514 0.013581283390522003 0.9980162382125854 0.9991922378540039 0.9980000257492065 0.9980000257492065 0.9980000257492065
0.013754066079854965 0.997520387172699 0.99954754114151 0.9980977177619934 0.9969000220298767 0.9974985122680664 0.016080087050795555 0.9968260526657104 0.9991772770881653 0.9960063695907593 0.9976000189781189 0.9968026280403137
0.012499063275754452 0.9978923201560974 0.9995850920677185 0.9983484148979187 0.9973999857902527 0.9978739619255066 0.01355856005102396 0.997817873954773 0.9993802309036255 0.9983980655670166 0.9972000122070312 0.9977986812591553
0.010891272686421871 0.9981650710105896 0.9997225999832153 0.9985987544059753 0.9976999759674072 0.9981491565704346 0.012215619906783104 0.997817873954773 0.9995834231376648 0.9972033500671387 0.9983999729156494 0.9978013038635254
0.009479791857302189 0.9985866546630859 0.9998301267623901 0.9987994432449341 0.9983500242233276 0.9985746741294861 0.014490977860987186 0.997024416923523 0.9993933439254761 0.9964042901992798 0.9976000189781189 0.9970018267631531
0.0094909043982625 0.9984130263328552 0.9997093081474304 0.9986492991447449 0.9981499910354614 0.9983996152877808 0.014242718927562237 0.997817873954773 0.9993974566459656 0.9968063831329346 0.9987999796867371 0.9978021383285522
0.009170821867883205 0.9984378218650818 0.9998804330825806 0.9985995292663574 0.9982500076293945 0.9984247088432312 0.010466373525559902 0.997421145439148 0.999592125415802 0.9987966418266296 0.9959999918937683 0.9973963499069214
0.009626717306673527 0.9985617995262146 0.9997043013572693 0.9988493323326111 0.9982500076293945 0.9985495805740356 0.01417579222470522 0.9976195096969604 0.9993691444396973 0.9979984164237976 0.9972000122070312 0.9975990056991577
0.010878992266952991 0.9982146620750427 0.9996929168701172 0.9984990954399109 0.9979000091552734 0.998199462890625 0.016501186415553093 0.9972227811813354 0.9993436932563782 0.9972000122070312 0.9972000122070312 0.9972000122070312
0.009666772559285164 0.9983386397361755 0.9997503757476807 0.9987489581108093 0.9979000091552734 0.9983242750167847 0.01084099616855383 0.9980162382125854 0.9995827078819275 0.9983987212181091 0.9976000189781189 0.9979991912841797
0.009855387732386589 0.9982642531394958 0.9997289776802063 0.9984493851661682 0.9980499744415283 0.9982497096061707 0.015281162224709988 0.997421145439148 0.9991891980171204 0.9983968138694763 0.996399998664856 0.9973974227905273
0.010204966180026531 0.9984130263328552 0.9998188018798828 0.9990987181663513 0.9976999759674072 0.9983988404273987 0.013665609061717987 0.9976195096969604 0.9995859861373901 0.9983974099159241 0.9968000054359436 0.9975980520248413
0.009544731117784977 0.9984130263328552 0.9998046159744263 0.9987491369247437 0.9980499744415283 0.9983994364738464 0.012591381557285786 0.9982146620750427 0.9991946220397949 0.9987985491752625 0.9976000189781189 0.998198926448822
0.009738381020724773 0.998313844203949 0.9997291564941406 0.9986989498138428 0.9979000091552734 0.9982993006706238 0.013871105387806892 0.997817873954773 0.999391496181488 0.9976009726524353 0.9980000257492065 0.9978004693984985
0.009462586604058743 0.9982146620750427 0.9998772740364075 0.9982996582984924 0.9980999827384949 0.9981998205184937 0.012013920582830906 0.9984130263328552 0.9994027018547058 0.9980015754699707 0.9987999796867371 0.9984005689620972
0.009410150349140167 0.9984378218650818 0.9998313188552856 0.9985995292663574 0.9982500076293945 0.9984247088432312 0.014572867192327976 0.997421145439148 0.9993862509727478 0.9975990653038025 0.9972000122070312 0.9973995089530945
0.010388246737420559 0.9983882308006287 0.9997474551200867 0.9988489151000977 0.9979000091552734 0.9983742833137512 0.01401674747467041 0.9980162382125854 0.999390184879303 0.9980000257492065 0.9980000257492065 0.9980000257492065
0.010591637343168259 0.9983634352684021 0.9996728301048279 0.9987989068031311 0.9979000091552734 0.9983492493629456 0.011223274283111095 0.9982146620750427 0.9993972182273865 0.9976028800010681 0.9987999796867371 0.9982010722160339
0.009726012125611305 0.9982642531394958 0.9998288750648499 0.9985491037368774 0.99795001745224 0.9982495307922363 0.011974438093602657 0.9980162382125854 0.9995843768119812 0.9980000257492065 0.9980000257492065 0.9980000257492065
0.010633040219545364 0.9981154799461365 0.9997223615646362 0.998598575592041 0.9976000189781189 0.9980989694595337 0.010034794919192791 0.9982146620750427 0.9997851848602295 0.9980008006095886 0.9983999729156494 0.9982003569602966
0.011692352592945099 0.9975451827049255 0.9996693730354309 0.998097836971283 0.9969499707221985 0.9975235462188721 0.01239798218011856 0.997421145439148 0.9997760057449341 0.997201144695282 0.9976000189781189 0.9974005818367004
0.009720691479742527 0.9981898665428162 0.9998263120651245 0.9983494281768799 0.9980000257492065 0.9981746673583984 0.01521296240389347 0.9968260526657104 0.9995737075805664 0.9964028596878052 0.9972000122070312 0.9968012571334839
0.010631435550749302 0.9980410933494568 0.9997431039810181 0.9984486699104309 0.9976000189781189 0.9980241656303406 0.0128882871940732 0.9980162382125854 0.9993889331817627 0.9983987212181091 0.9976000189781189 0.9979991912841797
0.010273684747517109 0.9982394576072693 0.9997732639312744 0.9985989332199097 0.9978500008583069 0.9982243180274963 0.012590738944709301 0.9976195096969604 0.9995936155319214 0.9976000189781189 0.9976000189781189 0.9976000189781189
0.010626194067299366 0.9981154799461365 0.9997751116752625 0.998548686504364 0.9976500272750854 0.998099148273468 0.014097951352596283 0.997421145439148 0.9995574951171875 0.997201144695282 0.9976000189781189 0.9974005818367004
0.009662055410444736 0.9983634352684021 0.9997789859771729 0.9985992908477783 0.9980999827384949 0.9983495473861694 0.01171459536999464 0.997817873954773 0.9995911717414856 0.9976009726524353 0.9980000257492065 0.9978004693984985
0.010660123080015182 0.9982890486717224 0.9996973872184753 0.998698890209198 0.9978500008583069 0.9982742667198181 0.011686456389725208 0.997024416923523 0.9995901584625244 0.9987956881523132 0.995199978351593 0.9969946146011353
0.009813369251787663 0.9982394576072693 0.9997772574424744 0.9986488223075867 0.9977999925613403 0.9982242584228516 0.010218553245067596 0.9982146620750427 0.9995902180671692 0.9987985491752625 0.9976000189781189 0.998198926448822
0.010229631327092648 0.998537003993988 0.9996988773345947 0.9988991618156433 0.9981499910354614 0.9985244274139404 0.009447374381124973 0.9980162382125854 0.9997885823249817 0.9980000257492065 0.9980000257492065 0.9980000257492065
0.010050860233604908 0.9984874129295349 0.9998469948768616 0.998799204826355 0.9981499910354614 0.9984744787216187 0.013032767921686172 0.997817873954773 0.9993969202041626 0.9979991912841797 0.9976000189781189 0.9977995753288269
0.009089677594602108 0.9985617995262146 0.9998084902763367 0.9987993836402893 0.9983000159263611 0.9985496401786804 0.01766916736960411 0.9972227811813354 0.9991694688796997 0.9991967678070068 0.995199978351593 0.9971944093704224
0.010748102329671383 0.9982394576072693 0.9997231960296631 0.9986488223075867 0.9977999925613403 0.9982242584228516 0.015199574641883373 0.9964292645454407 0.9997032880783081 0.9967974424362183 0.9959999918937683 0.9963985681533813
0.03256049007177353 0.9925611615180969 0.9986659288406372 0.9922046661376953 0.9927999973297119 0.9925022721290588 0.01364829670637846 0.997421145439148 0.9995803833007812 0.9987966418266296 0.9959999918937683 0.9973963499069214
0.012284794822335243 0.9978923201560974 0.9996781945228577 0.9982985258102417 0.9974499940872192 0.9978740811347961 0.01429649256169796 0.997024416923523 0.9995832443237305 0.9971988797187805 0.9968000054359436 0.9969993829727173
0.011361231096088886 0.9982146620750427 0.9997179508209229 0.9986487627029419 0.9977499842643738 0.9981992244720459 0.013907122425734997 0.9976195096969604 0.9991812109947205 0.9979984164237976 0.9972000122070312 0.9975990056991577
0.010745369829237461 0.9984130263328552 0.9996710419654846 0.9987990260124207 0.9980000257492065 0.9983993768692017 0.014163081534206867 0.997817873954773 0.9991831183433533 0.9979991912841797 0.9976000189781189 0.9977995753288269
0.010738126933574677 0.9984378218650818 0.9996942281723022 0.998948872089386 0.9979000091552734 0.9984241724014282 0.014880485832691193 0.997421145439148 0.9995912909507751 0.9975990653038025 0.9972000122070312 0.9973995089530945
0.009692891500890255 0.9983882308006287 0.9998472929000854 0.9986991286277771 0.9980499744415283 0.9983744621276855 0.012332194484770298 0.9972227811813354 0.9997822642326355 0.9979968070983887 0.996399998664856 0.9971977472305298
0.009056859649717808 0.9986114501953125 0.9998313188552856 0.9988993406295776 0.9983000159263611 0.9985995888710022 0.013513658195734024 0.997421145439148 0.9995706677436829 0.9987966418266296 0.9959999918937683 0.9973963499069214
0.011171914637088776 0.9983386397361755 0.9996867179870605 0.9987489581108093 0.9979000091552734 0.9983242750167847 0.01340643223375082 0.9976195096969604 0.9993841052055359 0.9972022175788879 0.9980000257492065 0.9976009130477905
0.009676051326096058 0.9984130263328552 0.9997331500053406 0.9986992478370667 0.9980999827384949 0.9983994960784912 0.012843897566199303 0.9982146620750427 0.999388575553894 0.9987985491752625 0.9976000189781189 0.998198926448822
0.009846454486250877 0.9982642531394958 0.9997288584709167 0.9984992742538452 0.9980000257492065 0.9982495903968811 0.01349741593003273 0.997817873954773 0.9991915822029114 0.998797595500946 0.9968000054359436 0.9977978467941284
0.009301634505391121 0.9983634352684021 0.9997546076774597 0.9986990690231323 0.9980000257492065 0.9983494281768799 0.010164358653128147 0.9982146620750427 0.9995993375778198 0.9980008006095886 0.9983999729156494 0.9982003569602966
0.00946442037820816 0.9983882308006287 0.99983149766922 0.9985495209693909 0.998199999332428 0.9983747601509094 0.010232710279524326 0.9982146620750427 0.9997822642326355 0.9987985491752625 0.9976000189781189 0.998198926448822
0.008865445852279663 0.9988346099853516 0.999809205532074 0.999199390411377 0.998449981212616 0.9988245368003845 0.009230346418917179 0.9986113905906677 0.9997923374176025 0.9987995028495789 0.9983999729156494 0.998599648475647
0.008696421049535275 0.9986610412597656 0.9998085498809814 0.9990492463111877 0.9982500076293945 0.9986494779586792 0.01220656093209982 0.9980162382125854 0.9991980791091919 0.9983987212181091 0.9976000189781189 0.9979991912841797
0.00916350819170475 0.9984874129295349 0.9998285174369812 0.9990988969802856 0.9978500008583069 0.9984740614891052 0.01334952563047409 0.9980162382125854 0.9993909597396851 0.9983987212181091 0.9976000189781189 0.9979991912841797
0.008195091038942337 0.9986114501953125 0.9998623132705688 0.9989492893218994 0.9982500076293945 0.9985995292663574 0.009693244472146034 0.9988097548484802 0.9997876882553101 0.9987999796867371 0.9987999796867371 0.9987999796867371
0.009371272288262844 0.9985617995262146 0.9997784495353699 0.9988992214202881 0.998199999332428 0.9985495209693909 0.013123825192451477 0.9976195096969604 0.9993934631347656 0.9968051314353943 0.9983999729156494 0.9976019263267517
0.008965469896793365 0.9983882308006287 0.9998310804367065 0.9984996318817139 0.9982500076293945 0.9983748197555542 0.013027165085077286 0.9976195096969604 0.9993994235992432 0.9976000189781189 0.9976000189781189 0.9976000189781189
0.01103101298213005 0.9981898665428162 0.9997621774673462 0.9987984895706177 0.9975500106811523 0.9981738328933716 0.01738883927464485 0.997421145439148 0.9989795684814453 0.9968038201332092 0.9980000257492065 0.9974015355110168
0.010021914727985859 0.9985866546630859 0.999656081199646 0.9989991784095764 0.9981499910354614 0.9985743761062622 0.011519423685967922 0.9980162382125854 0.9994005560874939 0.9972044825553894 0.9987999796867371 0.9980015754699707
0.008236742578446865 0.9987602233886719 0.9998108744621277 0.9989994764328003 0.9984999895095825 0.9987496733665466 0.010525062680244446 0.9990081191062927 0.9993987083435059 0.9988004565238953 0.9991999864578247 0.9990001916885376
0.00944928266108036 0.9986362457275391 0.9998273849487305 0.9989992380142212 0.9982500076293945 0.9986244440078735 0.012377802282571793 0.997817873954773 0.9993976354598999 0.9972033500671387 0.9983999729156494 0.9978013038635254
0.008461402729153633 0.9986610412597656 0.9999315738677979 0.9989493489265442 0.9983500242233276 0.998649537563324 0.014565065503120422 0.997024416923523 0.9995920658111572 0.9964042901992798 0.9976000189781189 0.9970018267631531
0.007993492297828197 0.9989585876464844 0.9998102188110352 0.9992495775222778 0.9986500144004822 0.9989497065544128 0.014966358430683613 0.9976195096969604 0.9993951320648193 0.9964086413383484 0.9987999796867371 0.9976028800010681
0.010603469796478748 0.9979419112205505 0.999698281288147 0.998348593711853 0.9975000023841858 0.9979240894317627 0.013177799992263317 0.9968260526657104 0.9999633431434631 0.9968000054359436 0.9968000054359436 0.9968000054359436
0.01088591106235981 0.9981650710105896 0.9997161626815796 0.9987484812736511 0.9975500106811523 0.9981488585472107 0.014096643775701523 0.997421145439148 0.999387800693512 0.9968038201332092 0.9980000257492065 0.9974015355110168
