loss_s0132 accuracy_s0132 val_auc_s0132 precision_s0132 recall_s0132 f1_score_s0132 val_loss_s0132 val_accuracy_s0132 val_val_auc_s0132 val_precision_s0132 val_recall_s0132 val_f1_score_s0132
0.2056465446949005 0.9307973384857178 0.9768502116203308 0.9381327629089355 0.9219499826431274 0.9299709796905518 0.07213182747364044 0.980861246585846 0.9972373247146606 0.9689816832542419 0.993399977684021 0.9810389876365662
0.07056417316198349 0.9794659614562988 0.9965468645095825 0.9786580801010132 0.9801750183105469 0.9794159531593323 0.0776483342051506 0.9806618690490723 0.9981912970542908 0.9667832255363464 0.9954000115394592 0.980883002281189
0.05343847721815109 0.9854218363761902 0.9977356791496277 0.9853749871253967 0.9853749871253967 0.985374927520752 0.04591705650091171 0.9914274215698242 0.9984058737754822 0.9894422292709351 0.993399977684021 0.9914171695709229
0.04480091854929924 0.9885368347167969 0.9983921051025391 0.9887688159942627 0.988224983215332 0.9884968400001526 0.035987403243780136 0.992723286151886 0.9985466599464417 0.9926014542579651 0.9927999973297119 0.9927007555961609
0.04106750339269638 0.9899323582649231 0.9985199570655823 0.9905868172645569 0.9891999959945679 0.9898928999900818 0.041337594389915466 0.9914274215698242 0.9987487196922302 0.9871134161949158 0.9958000183105469 0.9914376735687256
0.03768066689372063 0.9905055165290833 0.9987934231758118 0.9913594722747803 0.9895750284194946 0.9904664158821106 0.029810383915901184 0.9930223226547241 0.9988569617271423 0.9922124743461609 0.9937999844551086 0.9930055737495422
0.03650515899062157 0.9914649128913879 0.9987091422080994 0.9923113584518433 0.9905499815940857 0.9914299249649048 0.04006696864962578 0.9899322390556335 0.9987677931785583 0.9836130142211914 0.996399998664856 0.9899652600288391
0.03386335447430611 0.9921377301216125 0.9990745186805725 0.9929134845733643 0.9912999868392944 0.9921060800552368 0.036252815276384354 0.9938197731971741 0.9988799691200256 0.9914410710334778 0.9962000250816345 0.9938148856163025
0.03208943456411362 0.9926486015319824 0.9991036653518677 0.9934391975402832 0.9918000102043152 0.9926189184188843 0.02710048481822014 0.994617223739624 0.9990140795707703 0.9936127662658691 0.9955999851226807 0.9946054220199585
0.03056064434349537 0.9931968450546265 0.999146044254303 0.993915855884552 0.9924250245094299 0.9931698441505432 0.02565004862844944 0.9950159192085266 0.9988845586776733 0.9951980710029602 0.9947999715805054 0.9949989318847656
0.029416564851999283 0.993632972240448 0.9991425275802612 0.9942674040794373 0.9929500222206116 0.993608295917511 0.026218542829155922 0.995414674282074 0.999030590057373 0.9946086406707764 0.9962000250816345 0.9954037070274353
0.027987048029899597 0.9942435026168823 0.9992607235908508 0.9952154159545898 0.9932249784469604 0.994219183921814 0.024793092161417007 0.9950159192085266 0.9991637468338013 0.9957932829856873 0.9941999912261963 0.9949959516525269
0.026352455839514732 0.9941936731338501 0.9992884397506714 0.9949173927307129 0.9934250116348267 0.9941706657409668 0.024638904258608818 0.9960127472877502 0.9991127848625183 0.9975922703742981 0.9944000244140625 0.9959936141967773
0.024405747652053833 0.9953649044036865 0.999351978302002 0.9960941672325134 0.9945999979972839 0.9953465461730957 0.032188016921281815 0.9961124658584595 0.9991235733032227 0.9948135018348694 0.9973999857902527 0.9961050748825073
0.02420198731124401 0.9951032400131226 0.9994009137153625 0.9958188533782959 0.994350016117096 0.9950839281082153 0.02268439717590809 0.9963117837905884 0.9991422295570374 0.9963992834091187 0.9962000250816345 0.996299684047699
0.02340252511203289 0.9954894781112671 0.9994111061096191 0.9962193369865417 0.9947249889373779 0.9954715967178345 0.025952143594622612 0.9944178462028503 0.9990584850311279 0.9918424487113953 0.996999979019165 0.9944145083427429
0.02265738509595394 0.9954894781112671 0.99945467710495 0.9961199760437012 0.994825005531311 0.9954720735549927 0.021070608869194984 0.9967105388641357 0.9993879199028015 0.9967993497848511 0.9965999722480774 0.9966996312141418
0.021777218207716942 0.9956514835357666 0.9995074272155762 0.9965934157371521 0.9946749806404114 0.9956332445144653 0.02042355202138424 0.9967105388641357 0.9995902180671692 0.9964021444320679 0.996999979019165 0.9967009425163269
0.021065058186650276 0.9959380626678467 0.9995474815368652 0.9967197775840759 0.9951249957084656 0.9959217309951782 0.0203790795058012 0.9967105388641357 0.9996078014373779 0.9964021444320679 0.996999979019165 0.9967009425163269
0.020592505112290382 0.9960252642631531 0.9995573163032532 0.9968944787979126 0.9951249957084656 0.9960089921951294 0.0201133880764246 0.9972089529037476 0.9993955492973328 0.9975980520248413 0.9968000054359436 0.9971988201141357
0.020115166902542114 0.9963492155075073 0.9995762705802917 0.9969213604927063 0.9957500100135803 0.9963353872299194 0.018826719373464584 0.9974082708358765 0.9996144771575928 0.9979975819587708 0.9968000054359436 0.9973984360694885
0.01862935535609722 0.9966980814933777 0.999660074710846 0.9975208640098572 0.9958500266075134 0.9966847896575928 0.02006337232887745 0.9961124658584595 0.9995033144950867 0.995406448841095 0.9968000054359436 0.9961027503013611
0.01893240585923195 0.9965236783027649 0.9996737241744995 0.9973206520080566 0.9957000017166138 0.9965096712112427 0.018708281219005585 0.997308611869812 0.9996347427368164 0.9973995089530945 0.9972000122070312 0.9972997307777405
0.018731459975242615 0.9969472885131836 0.9996192455291748 0.9976715445518494 0.9962000250816345 0.9969351887702942 0.019139664247632027 0.9968101978302002 0.9996483325958252 0.9975961446762085 0.9959999918937683 0.9967974424362183
0.018207717686891556 0.9966607093811035 0.9996263980865479 0.9973462820053101 0.9959499835968018 0.9966475963592529 0.021120721474289894 0.9963117837905884 0.9994381070137024 0.9979931712150574 0.9945999979972839 0.9962937235832214
0.01707962341606617 0.9970594644546509 0.9996969699859619 0.9977219104766846 0.9963750243186951 0.997048020362854 0.01930214650928974 0.9974082708358765 0.9994319081306458 0.9981971383094788 0.9965999722480774 0.9973978996276855
0.01729653961956501 0.9969971179962158 0.999731183052063 0.9975223541259766 0.9964500069618225 0.9969859719276428 0.020177630707621574 0.9967105388641357 0.9994075298309326 0.9962037801742554 0.9972000122070312 0.9967015981674194
0.017762133851647377 0.9966482520103455 0.999658465385437 0.9973213076591492 0.9959499835968018 0.9966351389884949 0.017596784979104996 0.9977073073387146 0.9996432065963745 0.9979987740516663 0.9973999857902527 0.9976992607116699
0.017156686633825302 0.9969597458839417 0.9997085928916931 0.9975719451904297 0.9963250160217285 0.9969481229782104 0.019457461312413216 0.9976076483726501 0.9996188282966614 0.9970036149024963 0.998199999332428 0.9976013898849487
0.01638631708920002 0.9971591234207153 0.9997614026069641 0.9977223873138428 0.9965749979019165 0.9971483945846558 0.017454784363508224 0.9974082708358765 0.999548614025116 0.9977982640266418 0.996999979019165 0.9973990321159363
0.015771005302667618 0.997346043586731 0.9997333288192749 0.9978727102279663 0.9968000054359436 0.9973360300064087 0.01915682666003704 0.9972089529037476 0.9995943903923035 0.9983961582183838 0.9959999918937683 0.997196614742279
0.015187966637313366 0.9973834156990051 0.9998048543930054 0.9979725480079651 0.9967749714851379 0.9973734021186829 0.017811652272939682 0.9976076483726501 0.999659538269043 0.9985972046852112 0.9965999722480774 0.9975975751876831
0.015332384034991264 0.9974581599235535 0.9997402429580688 0.9978482723236084 0.9970499873161316 0.9974489212036133 0.01704205572605133 0.9978070259094238 0.9994516968727112 0.9976009726524353 0.9980000257492065 0.9978004693984985
0.015205197967588902 0.9973086714744568 0.9997559189796448 0.9979722499847412 0.9966250061988831 0.9972982406616211 0.016291707754135132 0.9976076483726501 0.9994378089904785 0.9974010586738586 0.9977999925613403 0.9976004362106323
0.014861050993204117 0.997620165348053 0.9997633695602417 0.9980483055114746 0.9971749782562256 0.9976114630699158 0.017271775752305984 0.9976076483726501 0.9995577931404114 0.9985972046852112 0.9965999722480774 0.9975975751876831
0.014288162812590599 0.997570276260376 0.9998224973678589 0.9981727600097656 0.9969499707221985 0.9975610375404358 0.01679123193025589 0.9977073073387146 0.9996233582496643 0.9972028136253357 0.998199999332428 0.997701108455658
0.014535337686538696 0.9974581599235535 0.9997097849845886 0.998022735118866 0.996874988079071 0.9974485635757446 0.016849413514137268 0.9975079894065857 0.9995224475860596 0.9977986812591553 0.9972000122070312 0.9974992275238037
0.014074760489165783 0.9976575374603271 0.9997279047966003 0.9980733394622803 0.9972249865531921 0.9976489543914795 0.016174208372831345 0.9979066848754883 0.999553382396698 0.9978004693984985 0.9980000257492065 0.9979002475738525
0.01500130444765091 0.9973211288452148 0.999730110168457 0.9976733326911926 0.9969499707221985 0.997311532497406 0.015249590389430523 0.9979066848754883 0.9995593428611755 0.998198926448822 0.9976000189781189 0.9978994131088257
0.01388248335570097 0.9974830746650696 0.9998003840446472 0.9980477690696716 0.9969000220298767 0.9974735975265503 0.016782013699412346 0.9976076483726501 0.9996533393859863 0.9974010586738586 0.9977999925613403 0.9976004362106323
0.013681863434612751 0.9976949095726013 0.9998002052307129 0.9980735182762146 0.9973000288009644 0.9976866245269775 0.014681796543300152 0.9982057213783264 0.9996568560600281 0.9985988736152649 0.9977999925613403 0.9981992840766907
0.013259331695735455 0.9978818297386169 0.9998447299003601 0.9984731674194336 0.9972749948501587 0.9978737235069275 0.015509214252233505 0.998106062412262 0.9995708465576172 0.9981996417045593 0.9980000257492065 0.9980998039245605
0.014113499782979488 0.9976575374603271 0.9997720122337341 0.9981980323791504 0.9970999956130981 0.9976487159729004 0.015257335267961025 0.998106062412262 0.9995644092559814 0.9980003833770752 0.998199999332428 0.9981001615524292
0.013144507072865963 0.9978070259094238 0.9997493624687195 0.9980490207672119 0.9975500106811523 0.9977994561195374 0.015060356818139553 0.9976076483726501 0.9995548725128174 0.9974010586738586 0.9977999925613403 0.9976004362106323
0.01385839469730854 0.9974955320358276 0.9997653961181641 0.997898280620575 0.9970750212669373 0.9974864721298218 0.01579855941236019 0.9979066848754883 0.9994354844093323 0.9983984231948853 0.9973999857902527 0.9978989958763123
0.01267123594880104 0.9980064034461975 0.9997922778129578 0.998373806476593 0.9976249933242798 0.9979992508888245 0.019550278782844543 0.9964115023612976 0.9993170499801636 0.9956070184707642 0.9972000122070312 0.9964028596878052
0.01288898941129446 0.9976949095726013 0.9998073577880859 0.9982729554176331 0.9970999956130981 0.9976860880851746 0.01491148304194212 0.9975079894065857 0.999566912651062 0.997201681137085 0.9977999925613403 0.9975007176399231
0.012448632158339024 0.9978194832801819 0.9997882843017578 0.9982484579086304 0.9973750114440918 0.9978115558624268 0.01490678172558546 0.9980064034461975 0.9995744824409485 0.9981992840766907 0.9977999925613403 0.9979995489120483
0.012307669036090374 0.9977821111679077 0.999893307685852 0.9981237053871155 0.9974250197410583 0.9977742433547974 0.016808945685625076 0.9971092343330383 0.9995417594909668 0.9970005750656128 0.9972000122070312 0.997100293636322
0.01269539725035429 0.9980811476707458 0.999807596206665 0.9985736012458801 0.9975749850273132 0.9980740547180176 0.015408170409500599 0.998106062412262 0.9993641972541809 0.9978013038635254 0.9983999729156494 0.9981005191802979
0.012789797969162464 0.9977571964263916 0.9997612237930298 0.9980239272117615 0.9974750280380249 0.9977494478225708 0.01518277358263731 0.998106062412262 0.9995717406272888 0.9987983107566833 0.9973999857902527 0.998098611831665
0.012231582775712013 0.9978693723678589 0.9997902512550354 0.9981988072395325 0.9975249767303467 0.9978618025779724 0.015258664265275002 0.9982057213783264 0.999477207660675 0.9989984035491943 0.9973999857902527 0.9981985688209534
0.011736582964658737 0.9980936050415039 0.9997956156730652 0.9985736012458801 0.9976000189781189 0.9980865716934204 0.0132608562707901 0.9984050989151001 0.999574601650238 0.9987990260124207 0.9980000257492065 0.9983993768692017
0.012146537192165852 0.9979690313339233 0.999814510345459 0.9984235167503357 0.9975000023841858 0.9979615211486816 0.015663813799619675 0.9977073073387146 0.9995604753494263 0.9985975027084351 0.9968000054359436 0.9976978898048401
0.011846736073493958 0.9980936050415039 0.9998188018798828 0.998598575592041 0.9975749850273132 0.9980865120887756 0.014038030058145523 0.9984050989151001 0.9995701909065247 0.9983999729156494 0.9983999729156494 0.9983999729156494
0.01184407714754343 0.998106062412262 0.9997703433036804 0.9982743859291077 0.9979249835014343 0.9980996251106262 0.016824204474687576 0.9975079894065857 0.9994511604309082 0.9989969730377197 0.9959999918937683 0.9974961876869202
0.011959207244217396 0.9980811476707458 0.9998616576194763 0.9985236525535583 0.9976249933242798 0.9980741739273071 0.013825478963553905 0.9983054399490356 0.999674379825592 0.9991985559463501 0.9973999857902527 0.9982984662055969
0.011315805837512016 0.998168408870697 0.9998326301574707 0.9985738396644592 0.9977499842643738 0.9981617331504822 0.014718260616064072 0.9983054399490356 0.9994621276855469 0.9985991716384888 0.9980000257492065 0.9982994794845581
0.012232998386025429 0.9978693723678589 0.9998099207878113 0.9981988072395325 0.9975249767303467 0.9978618025779724 0.014107141643762589 0.9980064034461975 0.9995682835578918 0.9983987212181091 0.9976000189781189 0.9979991912841797
0.011057163588702679 0.9982431530952454 0.9998220801353455 0.9985491037368774 0.9979249835014343 0.9982370138168335 0.014660476706922054 0.9982057213783264 0.9995641112327576 0.9978017807006836 0.9986000061035156 0.9982007741928101
0.011579952202737331 0.9980313181877136 0.9998173713684082 0.9983987808227539 0.9976500272750854 0.9980242848396301 0.013784646987915039 0.9983054399490356 0.9995834231376648 0.9985991716384888 0.9980000257492065 0.9982994794845581
0.01084535475820303 0.9982057809829712 0.9998483657836914 0.9987486004829407 0.9976500272750854 0.9981989860534668 0.014994618482887745 0.9980064034461975 0.9994762539863586 0.9985983371734619 0.9973999857902527 0.9979987740516663
0.011521839536726475 0.9979565739631653 0.9998190402984619 0.9982738494873047 0.9976249933242798 0.9979493021965027 0.013984790071845055 0.9982057213783264 0.9995823502540588 0.998199999332428 0.998199999332428 0.998199999332428
0.010944832116365433 0.9980811476707458 0.999799907207489 0.9984737634658813 0.9976750016212463 0.9980742335319519 0.013494270853698254 0.998106062412262 0.9995765686035156 0.9980003833770752 0.998199999332428 0.9981001615524292
0.010883601382374763 0.9981309771537781 0.9998853206634521 0.9985487461090088 0.9976999759674072 0.9981241822242737 0.013671046122908592 0.997308611869812 0.9995662569999695 0.9968032240867615 0.9977999925613403 0.9973013997077942
0.011112116277217865 0.9980562329292297 0.9998714327812195 0.9982742071151733 0.997825026512146 0.9980495572090149 0.013692460022866726 0.9984050989151001 0.9995812773704529 0.9989988207817078 0.9977999925613403 0.9983990788459778
0.010748723521828651 0.9982057809829712 0.9998361468315125 0.9986238479614258 0.9977750182151794 0.9981992244720459 0.013784079812467098 0.9983054399490356 0.999573290348053 0.9989985823631287 0.9976000189781189 0.9982987642288208
0.011060433462262154 0.9981309771537781 0.9998601078987122 0.9985487461090088 0.9976999759674072 0.9981241822242737 0.013139840215444565 0.9983054399490356 0.999575138092041 0.9987987875938416 0.9977999925613403 0.9982991218566895
0.011406590230762959 0.9980562329292297 0.9997884631156921 0.9982991218566895 0.9977999925613403 0.9980494976043701 0.013128254562616348 0.9982057213783264 0.9995796084403992 0.9985988736152649 0.9977999925613403 0.9981992840766907
0.01074183452874422 0.9981434345245361 0.9998246431350708 0.9985238313674927 0.9977499842643738 0.9981368184089661 0.013725895434617996 0.9985047578811646 0.9995580315589905 0.9984003305435181 0.9986000061035156 0.9985001683235168
0.010389840230345726 0.9982805252075195 0.9998750686645508 0.9986240267753601 0.9979249835014343 0.9982743859291077 0.01371157169342041 0.9985047578811646 0.999580442905426 0.9989989995956421 0.9980000257492065 0.9984992742538452
0.010735890828073025 0.9980686902999878 0.9998604655265808 0.9985985159873962 0.9975249767303467 0.9980614185333252 0.012338541448116302 0.9984050989151001 0.9995720386505127 0.9985994100570679 0.998199999332428 0.9983996152877808
0.010434948839247227 0.9982929825782776 0.9998614192008972 0.9986739754676819 0.9979000091552734 0.9982869029045105 0.015417046844959259 0.9978070259094238 0.9993677139282227 0.9981985688209534 0.9973999857902527 0.9977991580963135
0.0098178181797266 0.9984674453735352 0.9998535513877869 0.9987742304801941 0.9981499910354614 0.9984620213508606 0.012824779376387596 0.9984050989151001 0.9995813965797424 0.9989988207817078 0.9977999925613403 0.9983990788459778
0.010817257687449455 0.9982680678367615 0.999822199344635 0.9986489415168762 0.9978749752044678 0.9982618093490601 0.01220202911645174 0.9985047578811646 0.9995757937431335 0.9987992644309998 0.998199999332428 0.9984995126724243
0.009694765321910381 0.998392641544342 0.9998669028282166 0.9987990260124207 0.9979749917984009 0.9983868598937988 0.01422626432031393 0.9979066848754883 0.9993517398834229 0.9976014494895935 0.998199999332428 0.9979006052017212
0.010130117647349834 0.9983428120613098 0.9998375773429871 0.9987739324569702 0.9979000091552734 0.9983367919921875 0.012709864415228367 0.9983054399490356 0.9995791912078857 0.9983996748924255 0.998199999332428 0.9982998371124268
0.01068777684122324 0.9980064034461975 0.9998468160629272 0.9982990026473999 0.9976999759674072 0.9979994297027588 0.014346139505505562 0.9980064034461975 0.9995743036270142 0.9991980791091919 0.9968000054359436 0.9979975819587708
0.009700180031359196 0.9985421895980835 0.9998921751976013 0.9988992214202881 0.9981750249862671 0.998537003993988 0.012968750670552254 0.9980064034461975 0.9995835423469543 0.9980000257492065 0.9980000257492065 0.9980000257492065
0.010695740580558777 0.9982929825782776 0.999809205532074 0.998599112033844 0.9979749917984009 0.9982869625091553 0.01227741502225399 0.9982057213783264 0.9995807409286499 0.9985988736152649 0.9977999925613403 0.9981992840766907
0.009941771626472473 0.998442530632019 0.9998891353607178 0.9986993074417114 0.9981750249862671 0.9984371066093445 0.01268373429775238 0.9984050989151001 0.9995855689048767 0.9987990260124207 0.9980000257492065 0.9983993768692017
0.010053119622170925 0.9983303546905518 0.9998407959938049 0.9987489581108093 0.9979000091552734 0.9983242750167847 0.012601686641573906 0.998106062412262 0.9995799660682678 0.998399019241333 0.9977999925613403 0.9980993866920471
0.009998773224651814 0.9983428120613098 0.999852180480957 0.9986242055892944 0.9980499744415283 0.9983370304107666 0.012628814205527306 0.9983054399490356 0.9995846748352051 0.9987987875938416 0.9977999925613403 0.9982991218566895
0.009685495868325233 0.9985920190811157 0.9998173117637634 0.9991490244865417 0.9980250000953674 0.9985866546630859 0.013093496672809124 0.9983054399490356 0.999472439289093 0.997802197933197 0.9987999796867371 0.9983008503913879
0.010195884853601456 0.9983303546905518 0.9998622536659241 0.9986740946769714 0.9979749917984009 0.998324453830719 0.013256249018013477 0.9982057213783264 0.9995819926261902 0.9983993768692017 0.9980000257492065 0.9981997013092041
0.010006848722696304 0.998430073261261 0.9998353123664856 0.9987741708755493 0.998075008392334 0.9984244704246521 0.013458285480737686 0.9985047578811646 0.9995693564414978 0.9985997080802917 0.9983999729156494 0.9984998106956482
0.009699496440589428 0.9983552694320679 0.9999030232429504 0.9986990690231323 0.9980000257492065 0.9983494281768799 0.01197551004588604 0.9985047578811646 0.9995848536491394 0.9987992644309998 0.998199999332428 0.9984995126724243
0.010070276446640491 0.9981933236122131 0.9999002814292908 0.998424232006073 0.99795001745224 0.9981870651245117 0.012469450943171978 0.9982057213783264 0.999484121799469 0.9980008006095886 0.9983999729156494 0.9982003569602966
0.009401153773069382 0.9985048174858093 0.9998947978019714 0.9987992644309998 0.998199999332428 0.9984995126724243 0.013139232061803341 0.9985047578811646 0.9995834231376648 0.9987992644309998 0.998199999332428 0.9984995126724243
0.010087265633046627 0.9982929825782776 0.9998741745948792 0.9987488389015198 0.997825026512146 0.9982867240905762 0.011707072146236897 0.9986044764518738 0.9995854496955872 0.9989991784095764 0.998199999332428 0.9985994100570679
0.009579997509717941 0.9985421895980835 0.999818742275238 0.9987744092941284 0.9983000159263611 0.9985371828079224 0.011930600740015507 0.9985047578811646 0.9995735287666321 0.9989989995956421 0.9980000257492065 0.9984992742538452
0.009703152813017368 0.9984799027442932 0.9998506903648376 0.9988990426063538 0.9980499744415283 0.9984743595123291 0.01219774130731821 0.9985047578811646 0.999481201171875 0.9987992644309998 0.998199999332428 0.9984995126724243
0.009265364147722721 0.9985297322273254 0.9998440742492676 0.9988492727279663 0.998199999332428 0.9985244870185852 0.011819024570286274 0.9986044764518738 0.9995861053466797 0.9989991784095764 0.998199999332428 0.9985994100570679
0.00960629153996706 0.9984674453735352 0.9998766183853149 0.9988241195678711 0.9980999827384949 0.9984618425369263 0.012936844490468502 0.998106062412262 0.9995585680007935 0.9981996417045593 0.9980000257492065 0.9980998039245605
0.009402316063642502 0.9986169338226318 0.9999034404754639 0.9989992380142212 0.9982249736785889 0.9986119866371155 0.013264955952763557 0.998106062412262 0.9995845556259155 0.998598575592041 0.9976000189781189 0.9980989694595337
0.00964015256613493 0.9983303546905518 0.9998680353164673 0.9984994530677795 0.9981499910354614 0.9983246922492981 0.012639627791941166 0.9984050989151001 0.9995677471160889 0.9989988207817078 0.9977999925613403 0.9983990788459778
0.009027446620166302 0.9984050989151001 0.9998946189880371 0.9988240003585815 0.9979749917984009 0.9983993172645569 0.011758746579289436 0.9984050989151001 0.9994853138923645 0.9982007145881653 0.9986000061035156 0.9984003305435181
0.009236282669007778 0.9984674453735352 0.9999052286148071 0.9987742304801941 0.9981499910354614 0.9984620213508606 0.011044705286622047 0.9983054399490356 0.9995870590209961 0.9983996748924255 0.998199999332428 0.9982998371124268
0.009034383110702038 0.9984923601150513 0.9998953342437744 0.9988491535186768 0.9981250166893005 0.9984869360923767 0.011792607605457306 0.9984050989151001 0.9995864629745483 0.9989988207817078 0.9977999925613403 0.9983990788459778
0.008636158891022205 0.9987789392471313 0.9998723864555359 0.9990994334220886 0.998449981212616 0.9987745881080627 0.011851600371301174 0.9987041354179382 0.9995749592781067 0.9986003041267395 0.9987999796867371 0.9987001419067383
0.009192287921905518 0.9985297322273254 0.9999046325683594 0.9987494349479675 0.9983000159263611 0.9985246658325195 0.01372064184397459 0.998106062412262 0.9995628595352173 0.998598575592041 0.9976000189781189 0.9980989694595337
0.00932866707444191 0.9984674453735352 0.999854564666748 0.9987492561340332 0.9981750249862671 0.9984620213508606 0.011615057475864887 0.9983054399490356 0.9994905591011047 0.9985991716384888 0.9980000257492065 0.9982994794845581
0.0088570024818182 0.9986044764518738 0.9998543858528137 0.9989243149757385 0.9982749819755554 0.9985995292663574 0.013524225912988186 0.9986044764518738 0.9994735717773438 0.9986000061035156 0.9986000061035156 0.9986000061035156
0.008867619559168816 0.9986169338226318 0.9998952746391296 0.9989492893218994 0.9982749819755554 0.9986119866371155 0.011775902472436428 0.9982057213783264 0.999583899974823 0.9980008006095886 0.9983999729156494 0.9982003569602966
0.008964224718511105 0.9986667633056641 0.9998562335968018 0.9990242719650269 0.9983000159263611 0.9986620545387268 0.010412434116005898 0.9984050989151001 0.9995779395103455 0.9985994100570679 0.998199999332428 0.9983996152877808
0.009258645586669445 0.9984799027442932 0.9998659491539001 0.998749315738678 0.998199999332428 0.9984745979309082 0.01328376866877079 0.9980064034461975 0.9995770454406738 0.9987980723381042 0.9972000122070312 0.9979983568191528
0.00924659799784422 0.9984799027442932 0.999855101108551 0.998749315738678 0.998199999332428 0.9984745979309082 0.01154269278049469 0.9985047578811646 0.9994797706604004 0.9985997080802917 0.9983999729156494 0.9984998106956482
0.009221143089234829 0.998641848564148 0.9998531937599182 0.9989743232727051 0.9983000159263611 0.9986370205879211 0.012302255257964134 0.9984050989151001 0.9994807243347168 0.9989988207817078 0.9977999925613403 0.9983990788459778
0.009228934533894062 0.998392641544342 0.9998902082443237 0.9988988637924194 0.9978749752044678 0.9983866214752197 0.010593303479254246 0.9986044764518738 0.9995846748352051 0.9991990327835083 0.9980000257492065 0.9985991716384888
0.008716408163309097 0.9985920190811157 0.9999085664749146 0.9988993406295776 0.9982749819755554 0.9985871315002441 0.011415823362767696 0.9983054399490356 0.9994848966598511 0.9989985823631287 0.9976000189781189 0.9982987642288208
0.008916234597563744 0.998641848564148 0.9998586177825928 0.9989243745803833 0.9983500242233276 0.9986371397972107 0.011279662139713764 0.9983054399490356 0.9994819760322571 0.9987987875938416 0.9977999925613403 0.9982991218566895
0.008281396701931953 0.9987664818763733 0.9999092221260071 0.999024510383606 0.9984999895095825 0.9987621903419495 0.011402544565498829 0.9986044764518738 0.9994889497756958 0.9987995028495789 0.9983999729156494 0.998599648475647
0.009742443449795246 0.9983428120613098 0.999812126159668 0.9986242055892944 0.9980499744415283 0.9983370304107666 0.013270853087306023 0.998106062412262 0.9994845390319824 0.9978013038635254 0.9983999729156494 0.9981005191802979
0.008726219646632671 0.9985795617103577 0.9998951554298401 0.9989492297172546 0.998199999332428 0.9985744953155518 0.011292432434856892 0.9987041354179382 0.9994876980781555 0.9986003041267395 0.9987999796867371 0.9987001419067383
0.009065503254532814 0.9985048174858093 0.999843418598175 0.9989240765571594 0.998075008392334 0.9984993934631348 0.012040899135172367 0.9982057213783264 0.9995841979980469 0.9993985295295715 0.996999979019165 0.9981978535652161
0.008939974941313267 0.9985546469688416 0.9998832941055298 0.9988243579864502 0.9982749819755554 0.9985495805740356 0.011626471765339375 0.9987041354179382 0.9994778037071228 0.998799741268158 0.9986000061035156 0.9986998438835144
0.00887530017644167 0.9984799027442932 0.9998940229415894 0.998799204826355 0.9981499910354614 0.9984744787216187 0.013663244433701038 0.9978070259094238 0.999566912651062 0.9979991912841797 0.9976000189781189 0.9977995753288269
0.008584076538681984 0.9987291097640991 0.9998716115951538 0.9990493655204773 0.9983999729156494 0.9987245798110962 0.01458226889371872 0.9980064034461975 0.9993744492530823 0.9974031448364258 0.9986000061035156 0.998001217842102
0.008654829114675522 0.998654305934906 0.9999041557312012 0.9988744854927063 0.9984250068664551 0.9986497163772583 0.011541236191987991 0.9986044764518738 0.9994801878929138 0.9986000061035156 0.9986000061035156 0.9986000061035156
0.008355661295354366 0.9986792206764221 0.999897301197052 0.9989244341850281 0.9984250068664551 0.9986746311187744 0.011709649115800858 0.9984050989151001 0.9994916915893555 0.9989988207817078 0.9977999925613403 0.9983990788459778
0.00859871692955494 0.9987415671348572 0.9998332262039185 0.9989994764328003 0.9984750151634216 0.9987372159957886 0.011343867518007755 0.9988038539886475 0.9994861483573914 0.9989995956420898 0.9986000061035156 0.998799741268158
0.00817533116787672 0.9988163113594055 0.9998962879180908 0.9990994930267334 0.9985250234603882 0.9988121390342712 0.011348246596753597 0.9985047578811646 0.9994803071022034 0.9982010722160339 0.9987999796867371 0.998500406742096
0.00819020252674818 0.9988163113594055 0.9998968839645386 0.9990745186805725 0.9985499978065491 0.998812198638916 0.013171731494367123 0.9985047578811646 0.9994688034057617 0.9980019927024841 0.9990000128746033 0.9985007643699646
0.008426978252828121 0.9985546469688416 0.9999228715896606 0.9988742470741272 0.9982249736785889 0.9985495805740356 0.010682993568480015 0.9986044764518738 0.9995871186256409 0.9991990327835083 0.9980000257492065 0.9985991716384888
0.008451633155345917 0.9986916780471802 0.9998466968536377 0.9991991519927979 0.9981750249862671 0.9986868500709534 0.012712343595921993 0.9984050989151001 0.9993900060653687 0.9991987347602844 0.9976000189781189 0.9983987212181091
0.008036543615162373 0.9987789392471313 0.9998988509178162 0.9989745616912842 0.99857497215271 0.9987747669219971 0.01204630732536316 0.9985047578811646 0.9994891285896301 0.9989989995956421 0.9980000257492065 0.9984992742538452
0.007919615134596825 0.9988661408424377 0.9999111890792847 0.9991994500160217 0.9985250234603882 0.998862087726593 0.011563637293875217 0.9987041354179382 0.9994814395904541 0.9986003041267395 0.9987999796867371 0.9987001419067383
0.008026457391679287 0.9988287687301636 0.9999339580535889 0.9991244673728943 0.9985250234603882 0.9988247156143188 0.011471603065729141 0.9982057213783264 0.9994919300079346 0.9989984035491943 0.9973999857902527 0.9981985688209534
0.007890894077718258 0.9987789392471313 0.9999252557754517 0.9991993308067322 0.9983500242233276 0.998774528503418 0.010704154148697853 0.9986044764518738 0.9994807243347168 0.9984006285667419 0.9987999796867371 0.9986002445220947
0.00795211736112833 0.9987913966178894 0.9999362826347351 0.999024510383606 0.9985499978065491 0.9987871646881104 0.00991765409708023 0.9985047578811646 0.9994872212409973 0.9989989995956421 0.9980000257492065 0.9984992742538452
0.00850706547498703 0.9986667633056641 0.9998342990875244 0.998949408531189 0.9983749985694885 0.9986621141433716 0.011503645218908787 0.9985047578811646 0.9994856715202332 0.9987992644309998 0.998199999332428 0.9984995126724243
0.008191650733351707 0.9986667633056641 0.9998834133148193 0.998999297618866 0.998324990272522 0.9986620545387268 0.012118041515350342 0.9985047578811646 0.9994847774505615 0.9989989995956421 0.9980000257492065 0.9984992742538452
0.00852010678499937 0.9986044764518738 0.9998341798782349 0.9990241527557373 0.9981750249862671 0.9985994100570679 0.011040051467716694 0.9988038539886475 0.9994843006134033 0.9989995956420898 0.9986000061035156 0.998799741268158
0.007892902940511703 0.9987913966178894 0.9999251961708069 0.9991493821144104 0.9984250068664551 0.9987870454788208 0.011465904302895069 0.9987041354179382 0.9994898438453674 0.9989994168281555 0.9983999729156494 0.9986996650695801
0.008153081871569157 0.9987664818763733 0.9998970031738281 0.9991493225097656 0.9983749985694885 0.9987620115280151 0.011174356564879417 0.9987041354179382 0.9995826482772827 0.998799741268158 0.9986000061035156 0.9986998438835144
0.008111365139484406 0.9987166523933411 0.9999111294746399 0.9989744424819946 0.998449981212616 0.9987121820449829 0.011958455666899681 0.9986044764518738 0.999478280544281 0.9987995028495789 0.9983999729156494 0.998599648475647
0.0072896433994174 0.9990032315254211 0.9999154210090637 0.9992746114730835 0.9987249970436096 0.9989997148513794 0.011767841875553131 0.9985047578811646 0.9994890689849854 0.9989989995956421 0.9980000257492065 0.9984992742538452
0.008217326365411282 0.9986916780471802 0.9998725652694702 0.9990493059158325 0.998324990272522 0.9986870288848877 0.011970090679824352 0.9986044764518738 0.9994902014732361 0.9989991784095764 0.998199999332428 0.9985994100570679
0.007310527376830578 0.9989907145500183 0.9999132752418518 0.9993495345115662 0.9986249804496765 0.9989871382713318 0.011944889090955257 0.9983054399490356 0.9994804263114929 0.997802197933197 0.9987999796867371 0.9983008503913879
0.007849965244531631 0.9987664818763733 0.9999003410339355 0.999024510383606 0.9984999895095825 0.9987621903419495 0.011303277686238289 0.9983054399490356 0.9995766282081604 0.9974046945571899 0.9991999864578247 0.9983015656471252
0.007861536927521229 0.9988287687301636 0.9998734593391418 0.9991244673728943 0.9985250234603882 0.9988247156143188 0.010868296958506107 0.9988038539886475 0.9994916915893555 0.9991993308067322 0.9983999729156494 0.9987994432449341
0.007879212498664856 0.9989035129547119 0.9998856782913208 0.9992494583129883 0.9985499978065491 0.9988996386528015 0.011689022183418274 0.9984050989151001 0.9994875192642212 0.9987990260124207 0.9980000257492065 0.9983993768692017
0.007769064046442509 0.998928427696228 0.9998981356620789 0.9992245435714722 0.9986249804496765 0.998924732208252 0.011597041971981525 0.9984050989151001 0.9994814395904541 0.9987990260124207 0.9980000257492065 0.9983993768692017
0.007877579890191555 0.9987041354179382 0.9999223947525024 0.9989994168281555 0.9983999729156494 0.9986996650695801 0.011963453143835068 0.9984050989151001 0.999488890171051 0.9983999729156494 0.9983999729156494 0.9983999729156494
0.007696193642914295 0.9988785982131958 0.9999120831489563 0.9991495609283447 0.9986000061035156 0.9988747239112854 0.011335963383316994 0.9988038539886475 0.9994809031486511 0.9987999796867371 0.9987999796867371 0.9987999796867371
0.007655588444322348 0.9987166523933411 0.9999250173568726 0.9990493655204773 0.9983749985694885 0.9987120628356934 0.011237921193242073 0.9987041354179382 0.999480664730072 0.9989994168281555 0.9983999729156494 0.9986996650695801
0.00803094357252121 0.9987540245056152 0.9998603463172913 0.9989994764328003 0.9984999895095825 0.9987496733665466 0.01154952310025692 0.9986044764518738 0.9994778037071228 0.9993990659713745 0.9977999925613403 0.9985988736152649
0.008122950792312622 0.998641848564148 0.9998589158058167 0.9989243745803833 0.9983500242233276 0.9986371397972107 0.010403487831354141 0.9990031719207764 0.9994875192642212 0.9991996884346008 0.9987999796867371 0.9989997744560242
0.007501901127398014 0.9988910555839539 0.9998890161514282 0.999099612236023 0.9986749887466431 0.9988872408866882 0.01088407076895237 0.9987041354179382 0.9994865655899048 0.9984009861946106 0.9990000128746033 0.9987004399299622
0.008222479373216629 0.9986169338226318 0.9998710751533508 0.9988993406295776 0.998324990272522 0.998612105846405 0.010749106295406818 0.9987041354179382 0.9995887875556946 0.998799741268158 0.9986000061035156 0.9986998438835144
0.007598420139402151 0.9989657998085022 0.9999117851257324 0.9991496801376343 0.9987750053405762 0.9989622831344604 0.011369508691132069 0.998106062412262 0.9995872974395752 0.9987983107566833 0.9973999857902527 0.998098611831665
0.008135558106005192 0.9987540245056152 0.9998602271080017 0.9990494251251221 0.998449981212616 0.9987496137619019 0.010795259848237038 0.9986044764518738 0.9994644522666931 0.9987995028495789 0.9983999729156494 0.998599648475647
0.008000371046364307 0.9987291097640991 0.9998843669891357 0.9989495277404785 0.9984999895095825 0.9987246990203857 0.011255849152803421 0.998106062412262 0.9994868636131287 0.99899822473526 0.9972000122070312 0.9980983138084412
0.007443058304488659 0.9988536834716797 0.9999261498451233 0.9991744756698608 0.9985250234603882 0.998849630355835 0.010355537757277489 0.9988038539886475 0.9994869232177734 0.9984012842178345 0.9991999864578247 0.9988004565238953
0.0076713114976882935 0.9988038539886475 0.9998992085456848 0.998974621295929 0.9986249804496765 0.9987998008728027 0.011599725112318993 0.9987041354179382 0.9995778799057007 0.998799741268158 0.9986000061035156 0.9986998438835144
0.0077578178606927395 0.9988038539886475 0.9998984336853027 0.9990994334220886 0.9984999895095825 0.9987996816635132 0.010685807093977928 0.9987041354179382 0.9994868636131287 0.998799741268158 0.9986000061035156 0.9986998438835144
0.007602286525070667 0.9988287687301636 0.9999113082885742 0.9990495443344116 0.9986000061035156 0.9988247156143188 0.010998641140758991 0.9984050989151001 0.999586284160614 0.9983999729156494 0.9983999729156494 0.9983999729156494
0.00785992480814457 0.9986792206764221 0.9998969435691833 0.9988495707511902 0.9984999895095825 0.9986748099327087 0.011253616772592068 0.9985047578811646 0.9994913339614868 0.9985997080802917 0.9983999729156494 0.9984998106956482
0.007475920487195253 0.9988287687301636 0.9999112486839294 0.9990745186805725 0.99857497215271 0.9988247156143188 0.010949406772851944 0.9988038539886475 0.9994767308235168 0.9987999796867371 0.9987999796867371 0.9987999796867371
0.007247223984450102 0.9987913966178894 0.999878466129303 0.999024510383606 0.9985499978065491 0.9987871646881104 0.012611845508217812 0.9983054399490356 0.999454915523529 0.9976033568382263 0.9990000128746033 0.9983012080192566
0.007247864734381437 0.9989533424377441 0.9999153017997742 0.9991746544837952 0.9987249970436096 0.9989497661590576 0.010679404251277447 0.9986044764518738 0.9994877576828003 0.9987995028495789 0.9983999729156494 0.998599648475647
0.007883724756538868 0.9987540245056152 0.9999094605445862 0.9990244507789612 0.9984750151634216 0.9987496733665466 0.011213300749659538 0.9984050989151001 0.9993912577629089 0.9983999729156494 0.9983999729156494 0.9983999729156494
0.007721997797489166 0.9986792206764221 0.9998748898506165 0.998949408531189 0.9983999729156494 0.9986746311187744 0.011005967855453491 0.9987041354179382 0.9994909167289734 0.9991992115974426 0.998199999332428 0.9986993670463562
0.008163319900631905 0.9985920190811157 0.9999102354049683 0.998824417591095 0.9983500242233276 0.9985871911048889 0.010770519264042377 0.9986044764518738 0.9994925260543823 0.9989991784095764 0.998199999332428 0.9985994100570679
0.007084422279149294 0.9989782571792603 0.9998785853385925 0.9993495345115662 0.9986000061035156 0.9989745616912842 0.010908273980021477 0.9985047578811646 0.9994736909866333 0.9987992644309998 0.998199999332428 0.9984995126724243
0.007058888208121061 0.998928427696228 0.9999157786369324 0.9992245435714722 0.9986249804496765 0.998924732208252 0.010844569653272629 0.9985047578811646 0.9994885325431824 0.9985997080802917 0.9983999729156494 0.9984998106956482
0.00742256548255682 0.9987166523933411 0.9999132752418518 0.9990493655204773 0.9983749985694885 0.9987120628356934 0.010507382452487946 0.998106062412262 0.9994664788246155 0.9980003833770752 0.998199999332428 0.9981001615524292
0.007487835828214884 0.9987540245056152 0.999913215637207 0.9991493225097656 0.9983500242233276 0.9987495541572571 0.012358170934021473 0.9980064034461975 0.9994794130325317 0.9976019263267517 0.9983999729156494 0.9980007410049438
0.007820092141628265 0.9986667633056641 0.9999107718467712 0.9989743828773499 0.9983500242233276 0.9986620545387268 0.012053863145411015 0.9982057213783264 0.999485969543457 0.997404158115387 0.9990000128746033 0.9982014894485474
0.006779530085623264 0.9990779757499695 0.9999281764030457 0.9994995594024658 0.9986500144004822 0.9990745782852173 0.009824676439166069 0.9984050989151001 0.999687671661377 0.9991987347602844 0.9976000189781189 0.9983987212181091
0.0074679371900856495 0.9989035129547119 0.9998879432678223 0.9991995096206665 0.9986000061035156 0.9988996982574463 0.011445875279605389 0.9985047578811646 0.999583899974823 0.999198853969574 0.9977999925613403 0.9984989762306213
0.007430316414684057 0.9989782571792603 0.999886691570282 0.9993245005607605 0.9986249804496765 0.998974621295929 0.012982932850718498 0.998106062412262 0.999488890171051 0.9995988011360168 0.9965999722480774 0.9980971217155457
0.007373159751296043 0.9988785982131958 0.9998517036437988 0.9991245865821838 0.9986249804496765 0.9988747239112854 0.011864548549056053 0.998106062412262 0.9995860457420349 0.9978013038635254 0.9983999729156494 0.9981005191802979
0.007426480296999216 0.9988038539886475 0.9999259114265442 0.9990745186805725 0.9985250234603882 0.9987996816635132 0.011250465176999569 0.9984050989151001 0.999479353427887 0.9976038336753845 0.9991999864578247 0.9984012842178345
0.006702253594994545 0.9989408850669861 0.999904215335846 0.9992994666099548 0.99857497215271 0.9989370703697205 0.01053601410239935 0.9986044764518738 0.9995832443237305 0.9993990659713745 0.9977999925613403 0.9985988736152649
0.006749107968062162 0.9990032315254211 0.9999157786369324 0.9992496371269226 0.9987499713897705 0.9989997148513794 0.010678823105990887 0.9985047578811646 0.9994858503341675 0.9985997080802917 0.9983999729156494 0.9984998106956482
0.007058349438011646 0.9988910555839539 0.9999385476112366 0.9989997744560242 0.9987750053405762 0.9988873600959778 0.010784881189465523 0.9987041354179382 0.9994922280311584 0.9989994168281555 0.9983999729156494 0.9986996650695801
0.006626229267567396 0.9991153478622437 0.9999266862869263 0.999449610710144 0.9987750053405762 0.9991121888160706 0.011871062219142914 0.9983054399490356 0.9994909167289734 0.9983996748924255 0.998199999332428 0.9982998371124268
0.007005590479820967 0.9989408850669861 0.9999159574508667 0.9990747570991516 0.9987999796867371 0.9989373683929443 0.009822879917919636 0.9989035129547119 0.999491274356842 0.9991995096206665 0.9986000061035156 0.9988996982574463
0.0070143635384738445 0.9989782571792603 0.9999385476112366 0.9993994832038879 0.9985499978065491 0.9989745616912842 0.010669855400919914 0.9984050989151001 0.9995850920677185 0.9982007145881653 0.9986000061035156 0.9984003305435181
0.006986562162637711 0.9988412261009216 0.9999281764030457 0.9991494417190552 0.9985250234603882 0.9988371133804321 0.010490262880921364 0.9985047578811646 0.9995862245559692 0.9989989995956421 0.9980000257492065 0.9984992742538452
0.007185856346040964 0.9989408850669861 0.9999011754989624 0.9992495179176331 0.9986249804496765 0.9989371299743652 0.010523474775254726 0.9986044764518738 0.9994907379150391 0.9989991784095764 0.998199999332428 0.9985994100570679
0.007204520981758833 0.9987540245056152 0.9999023079872131 0.9990494251251221 0.998449981212616 0.9987496137619019 0.010329300537705421 0.9990031719207764 0.9994884729385376 0.9991996884346008 0.9987999796867371 0.9989997744560242
0.006975807249546051 0.9988785982131958 0.9998782873153687 0.9991744756698608 0.99857497215271 0.9988746643066406 0.011118452064692974 0.9987041354179382 0.9993889331817627 0.9986003041267395 0.9987999796867371 0.9987001419067383
0.0067253923043608665 0.99891597032547 0.999952495098114 0.9991246461868286 0.9987000226974487 0.9989122748374939 0.009857316501438618 0.9985047578811646 0.9995883703231812 0.9984003305435181 0.9986000061035156 0.9985001683235168
0.006686953827738762 0.9991028904914856 0.9998669028282166 0.9993496537208557 0.9988499879837036 0.9990997314453125 0.012264559045433998 0.9984050989151001 0.999488353729248 0.9989988207817078 0.9977999925613403 0.9983990788459778
0.007125808857381344 0.9989408850669861 0.9998878836631775 0.9991995692253113 0.9986749887466431 0.9989372491836548 0.010132801719009876 0.9986044764518738 0.9996889233589172 0.9989991784095764 0.998199999332428 0.9985994100570679
0.007073109038174152 0.9988910555839539 0.9999029040336609 0.9991995096206665 0.99857497215271 0.9988871216773987 0.01005872804671526 0.9984050989151001 0.999488890171051 0.9985994100570679 0.998199999332428 0.9983996152877808
0.007393063977360725 0.99891597032547 0.9999113082885742 0.9991995692253113 0.9986249804496765 0.9989121556282043 0.010600567795336246 0.9986044764518738 0.9995822906494141 0.9982014298439026 0.9990000128746033 0.9986005425453186
0.007111154496669769 0.9989907145500183 0.9998881816864014 0.9992995858192444 0.9986749887466431 0.9989871978759766 0.012263963930308819 0.9984050989151001 0.9993851184844971 0.9980015754699707 0.9987999796867371 0.9984005689620972
0.0070383003912866116 0.9989657998085022 0.9999015927314758 0.9992995262145996 0.9986249804496765 0.9989621043205261 0.011533772572875023 0.9987041354179382 0.9994866847991943 0.9989994168281555 0.9983999729156494 0.9986996650695801
0.006444219499826431 0.9989907145500183 0.9999296069145203 0.9992246031761169 0.9987499713897705 0.9989871978759766 0.01020777877420187 0.9985047578811646 0.9995923638343811 0.9989989995956421 0.9980000257492065 0.9984992742538452
0.006937204394489527 0.9990032315254211 0.9999011158943176 0.9993495345115662 0.9986500144004822 0.9989996552467346 0.010860572569072247 0.9985047578811646 0.9994891881942749 0.999198853969574 0.9977999925613403 0.9984989762306213
0.007113511674106121 0.9989657998085022 0.999901533126831 0.9993245005607605 0.9986000061035156 0.9989621043205261 0.01103587169200182 0.9984050989151001 0.999476432800293 0.9987990260124207 0.9980000257492065 0.9983993768692017
0.006511395797133446 0.9990530610084534 0.9999290108680725 0.9992746710777283 0.9988250136375427 0.9990497827529907 0.013988004997372627 0.9977073073387146 0.9992756843566895 0.9989973902702332 0.996399998664856 0.9976970553398132
0.008667027577757835 0.998442530632019 0.999856173992157 0.9988740086555481 0.9980000257492065 0.9984368085861206 0.01009142305701971 0.9984050989151001 0.9995913505554199 0.9989988207817078 0.9977999925613403 0.9983990788459778
0.006768026854842901 0.9990406036376953 0.9998777508735657 0.9992996454238892 0.9987750053405762 0.9990372061729431 0.0095957200974226 0.9984050989151001 0.9996912479400635 0.9982007145881653 0.9986000061035156 0.9984003305435181
0.006713751703500748 0.9990655183792114 0.9999035596847534 0.9992996454238892 0.9988250136375427 0.9990622997283936 0.010444995947182178 0.9985047578811646 0.9995851516723633 0.9984003305435181 0.9986000061035156 0.9985001683235168
0.006570320576429367 0.9990904331207275 0.9999282956123352 0.9993246793746948 0.9988499879837036 0.9990872740745544 0.01184047944843769 0.9983054399490356 0.999491274356842 0.9991985559463501 0.9973999857902527 0.9982984662055969
0.007409833837300539 0.9987415671348572 0.9998875856399536 0.9988996386528015 0.99857497215271 0.9987372159957886 0.010275091975927353 0.9984050989151001 0.9994897842407227 0.9987990260124207 0.9980000257492065 0.9983993768692017
