loss_s0135 accuracy_s0135 val_auc_s0135 precision_s0135 recall_s0135 f1_score_s0135 val_loss_s0135 val_accuracy_s0135 val_val_auc_s0135 val_precision_s0135 val_recall_s0135 val_f1_score_s0135
0.19742102921009064 0.9328033924102783 0.9779506921768188 0.9334218502044678 0.9316250085830688 0.9325225949287415 0.11124135553836823 0.9621211886405945 0.996015727519989 0.9371688365936279 0.9904000163078308 0.9630494117736816
0.08802498131990433 0.9733232259750366 0.9945728778839111 0.9708713889122009 0.9757500290870667 0.9733046293258667 0.06011016666889191 0.9841507077217102 0.9978703260421753 0.9739573001861572 0.9947999715805054 0.984268307685852
0.06582951545715332 0.9805001616477966 0.9968087077140808 0.9798976182937622 0.9810000061988831 0.9804484844207764 0.04526762664318085 0.990031898021698 0.9984800219535828 0.9851484894752502 0.9950000047683716 0.9900497198104858
0.053410183638334274 0.985658586025238 0.9977771043777466 0.9859405159950256 0.9852749705314636 0.9856076240539551 0.04175418242812157 0.9912280440330505 0.9986720681190491 0.9953610301017761 0.9869999885559082 0.9911628365516663
0.046388234943151474 0.9877020120620728 0.9981861114501953 0.9882117509841919 0.9871000051498413 0.987655520439148 0.04146586358547211 0.9932217001914978 0.9985817670822144 0.990648627281189 0.9958000183105469 0.9932176470756531
0.04283386468887329 0.9892719388008118 0.9983940720558167 0.9902302026748657 0.988224983215332 0.9892265796661377 0.0349411778151989 0.9939194321632385 0.9986595511436462 0.9910519123077393 0.9968000054359436 0.9939176440238953
0.04026735946536064 0.9904182553291321 0.998660683631897 0.9913825392723083 0.9893749952316284 0.9903777837753296 0.03845589980483055 0.9921252131462097 0.9986862540245056 0.988291323184967 0.9959999918937683 0.992130696773529
0.03606363758444786 0.9917141199111938 0.9988375306129456 0.9929074645042419 0.9904500246047974 0.9916772246360779 0.027185186743736267 0.9949162602424622 0.9989722371101379 0.9951971173286438 0.9945999979972839 0.9948984384536743
0.03373577818274498 0.9925738573074341 0.9988608956336975 0.9934876561164856 0.991599977016449 0.9925429224967957 0.03136451169848442 0.9949162602424622 0.998860239982605 0.9936165809631348 0.9962000250816345 0.9949066042900085
0.03154416382312775 0.9929600954055786 0.9989949464797974 0.9943091869354248 0.9915500283241272 0.9929277300834656 0.02548426203429699 0.9960127472877502 0.9989044070243835 0.9961984753608704 0.9958000183105469 0.9959992170333862
0.030198534950613976 0.9934211373329163 0.9990546703338623 0.9943640232086182 0.9924250245094299 0.99339359998703 0.025244086980819702 0.9958133697509766 0.9989937543869019 0.9950079917907715 0.9965999722480774 0.9958034157752991
0.028415769338607788 0.9941936731338501 0.9991164803504944 0.9952893853187561 0.9930499792098999 0.9941684007644653 0.02934390865266323 0.9952152967453003 0.9992037415504456 0.9940143823623657 0.996399998664856 0.9952057600021362
0.026163294911384583 0.9943431615829468 0.999320924282074 0.9951915740966797 0.9934499859809875 0.9943200349807739 0.030102500692009926 0.9945175647735596 0.9991376996040344 0.9926280379295349 0.996399998664856 0.9945104718208313
0.025957593694329262 0.9946421980857849 0.9993194937705994 0.9956162571907043 0.9936249852180481 0.994619607925415 0.02247064746916294 0.9970095753669739 0.9994217753410339 0.9985954761505127 0.9954000115394592 0.996995210647583
0.02408827468752861 0.9954396486282349 0.9992883801460266 0.9962934851646423 0.9945499897003174 0.9954209327697754 0.021937739104032516 0.9962121248245239 0.9993352293968201 0.9971944093704224 0.995199978351593 0.9961961507797241
0.02329922467470169 0.9952402710914612 0.9994451999664307 0.9963417649269104 0.9940999746322632 0.9952195882797241 0.022868400439620018 0.9969099164009094 0.9993860721588135 0.9973974227905273 0.996399998664856 0.9968984723091125
0.02235688455402851 0.9957885146141052 0.9994297027587891 0.9965943694114685 0.994949996471405 0.9957715272903442 0.02146747335791588 0.9969099164009094 0.9992716908454895 0.9973974227905273 0.996399998664856 0.9968984723091125
0.022406022995710373 0.9953773617744446 0.999489426612854 0.9962185025215149 0.9944999814033508 0.9953585267066956 0.021666061133146286 0.9966108202934265 0.9992274045944214 0.9985944032669067 0.9945999979972839 0.9965932369232178
0.021569987758994102 0.9958009719848633 0.9994258284568787 0.9966441988945007 0.9949250221252441 0.9957838654518127 0.019437922164797783 0.9971092343330383 0.999508798122406 0.997796893119812 0.996399998664856 0.9970979690551758
0.02048622816801071 0.996000349521637 0.9995972514152527 0.996894359588623 0.995074987411499 0.9959838390350342 0.0212054755538702 0.9960127472877502 0.9993116855621338 0.9946150779724121 0.9973999857902527 0.9960055351257324
0.01970340497791767 0.9962993860244751 0.9995595812797546 0.9970952868461609 0.9954749941825867 0.9962844848632812 0.019360559061169624 0.9967105388641357 0.9995218515396118 0.9964021444320679 0.996999979019165 0.9967009425163269
0.019919084385037422 0.9961000084877014 0.9995797276496887 0.9969944953918457 0.9951750040054321 0.9960839152336121 0.023419326171278954 0.9953150153160095 0.9993595480918884 0.9924437999725342 0.998199999332428 0.9953135848045349
0.019599853083491325 0.9962993860244751 0.9995197057723999 0.9970703721046448 0.9955000281333923 0.996284544467926 0.018590208142995834 0.9971092343330383 0.9995298385620117 0.9973984360694885 0.9968000054359436 0.9970991611480713
0.01860737055540085 0.9964489340782166 0.9997378587722778 0.9972206354141235 0.9956499934196472 0.99643474817276 0.0225512757897377 0.995414674282074 0.9992589354515076 0.9961938858032227 0.9945999979972839 0.9953962564468384
0.018894819542765617 0.9964115023612976 0.9996610879898071 0.997170627117157 0.9956250190734863 0.9963971972465515 0.018172169104218483 0.9971092343330383 0.9995439648628235 0.9973984360694885 0.9968000054359436 0.9970991611480713
0.018662963062524796 0.996286928653717 0.9996132850646973 0.9969956278800964 0.9955499768257141 0.9962722659111023 0.01759328506886959 0.9975079894065857 0.9994379281997681 0.9975995421409607 0.9973999857902527 0.9974997639656067
0.017731959000229836 0.9967604279518127 0.9996095895767212 0.9974713325500488 0.996025025844574 0.9967476725578308 0.018117262050509453 0.9971092343330383 0.9996312856674194 0.9962068200111389 0.9980000257492065 0.9971025586128235
0.017587529495358467 0.9966731667518616 0.9996416568756104 0.997371256351471 0.9959499835968018 0.9966601729393005 0.017221173271536827 0.9976076483726501 0.9995486736297607 0.9974010586738586 0.9977999925613403 0.9976004362106323
0.01747959479689598 0.9967479705810547 0.9996127486228943 0.9973467588424683 0.9961249828338623 0.9967354536056519 0.018351882696151733 0.9974082708358765 0.9994247555732727 0.9968038201332092 0.9980000257492065 0.9974015355110168
0.017386021092534065 0.9968974590301514 0.9996055364608765 0.9977211952209473 0.9960500001907349 0.9968848824501038 0.018367528915405273 0.9972089529037476 0.9995287656784058 0.9972000122070312 0.9972000122070312 0.9972000122070312
0.01713773049414158 0.9967355132102966 0.9997133612632751 0.9973466992378235 0.9961000084877014 0.9967229962348938 0.016472123563289642 0.9976076483726501 0.9995505809783936 0.9972022175788879 0.9980000257492065 0.9976009130477905
0.016727423295378685 0.9969348311424255 0.9997287392616272 0.9974722266197205 0.9963750243186951 0.9969233274459839 0.016828840598464012 0.9974082708358765 0.9995534420013428 0.9975990653038025 0.9972000122070312 0.9973995089530945
0.016013802960515022 0.9971217513084412 0.9997268319129944 0.9978468418121338 0.9963750243186951 0.9971103668212891 0.018142424523830414 0.9971092343330383 0.9995171427726746 0.9964050054550171 0.9977999925613403 0.9971020221710205
0.01588927023112774 0.9972214102745056 0.999739944934845 0.9976728558540344 0.996749997138977 0.997211217880249 0.016754813492298126 0.9975079894065857 0.9995526671409607 0.9981974959373474 0.9968000054359436 0.9974982738494873
0.01596488244831562 0.997096836566925 0.9997040629386902 0.9976473450660706 0.99652498960495 0.9970858693122864 0.015436340123414993 0.9978070259094238 0.9996519088745117 0.9981985688209534 0.9973999857902527 0.9977991580963135
0.015318931080400944 0.9972338676452637 0.9997256994247437 0.9979470372200012 0.9965000152587891 0.9972230792045593 0.016079697757959366 0.9976076483726501 0.9995487332344055 0.9983974099159241 0.9968000054359436 0.9975980520248413
0.01564023829996586 0.9970345497131348 0.9997195601463318 0.9974976181983948 0.9965500235557556 0.9970235824584961 0.01737223193049431 0.9975079894065857 0.9994577169418335 0.9987968802452087 0.9962000250816345 0.9974967837333679
0.017516717314720154 0.9967853426933289 0.999588668346405 0.997596025466919 0.9959499835968018 0.996772289276123 0.017969395965337753 0.997308611869812 0.9992570281028748 0.9968032240867615 0.9977999925613403 0.9973013997077942
0.014607332646846771 0.9974457025527954 0.9997072815895081 0.9981223940849304 0.996749997138977 0.9974357485771179 0.017094066366553307 0.9971092343330383 0.9994533061981201 0.9964050054550171 0.9977999925613403 0.9971020221710205
0.01496291346848011 0.9972338676452637 0.9997260570526123 0.9975733160972595 0.996874988079071 0.9972240328788757 0.01613549329340458 0.9980064034461975 0.9995572566986084 0.9980000257492065 0.9980000257492065 0.9980000257492065
0.014782601036131382 0.9975329041481018 0.9997158050537109 0.9979732036590576 0.9970750212669373 0.997523844242096 0.016886061057448387 0.9971092343330383 0.9995498061180115 0.9971994161605835 0.996999979019165 0.9970996975898743
0.014218577183783054 0.9977447390556335 0.9997101426124573 0.9981983304023743 0.9972749948501587 0.997736394405365 0.015924138948321342 0.9978070259094238 0.9994585514068604 0.9976009726524353 0.9980000257492065 0.9978004693984985
0.014808467589318752 0.9972836971282959 0.9997737407684326 0.9978474974632263 0.9966999888420105 0.9972733855247498 0.016770487651228905 0.9976076483726501 0.9993614554405212 0.9972022175788879 0.9980000257492065 0.9976009130477905
0.013733836822211742 0.9975578188896179 0.9997291564941406 0.9979483485221863 0.9971500039100647 0.9975489974021912 0.015179824084043503 0.998106062412262 0.9994615316390991 0.9981996417045593 0.9980000257492065 0.9980998039245605
0.014390205964446068 0.997346043586731 0.9997467994689941 0.9980472326278687 0.9966250061988831 0.9973356127738953 0.01481292862445116 0.9978070259094238 0.9995642304420471 0.9977999925613403 0.9977999925613403 0.9977999925613403
0.013869976624846458 0.9975079894065857 0.9997477531433105 0.9980229139328003 0.9969750046730042 0.997498631477356 0.016863415017724037 0.9970095753669739 0.9995601177215576 0.9958100318908691 0.998199999332428 0.9970036149024963
0.0142048429697752 0.9976699948310852 0.9997175931930542 0.9980983138084412 0.9972249865531921 0.9976614713668823 0.014643018133938313 0.9976076483726501 0.9995673894882202 0.9979984164237976 0.9972000122070312 0.9975990056991577
0.013478626497089863 0.9976699948310852 0.9997379183769226 0.9980235695838928 0.9973000288009644 0.9976616501808167 0.018784360960125923 0.997308611869812 0.999403178691864 0.9964064955711365 0.998199999332428 0.9973024725914001
0.013945013284683228 0.9975827932357788 0.9997434020042419 0.9980481266975403 0.9970999956130981 0.9975737929344177 0.01525843795388937 0.9975079894065857 0.9995609521865845 0.9970030188560486 0.9980000257492065 0.9975013136863708
0.013500357046723366 0.9977821111679077 0.9997383952140808 0.9982483386993408 0.9973000288009644 0.9977739453315735 0.013865682296454906 0.9978070259094238 0.9995657205581665 0.9976009726524353 0.9980000257492065 0.9978004693984985
0.013114402070641518 0.9977322816848755 0.9997789263725281 0.9983479380607605 0.9970999956130981 0.9977235794067383 0.01376720704138279 0.9976076483726501 0.9996702075004578 0.9968051314353943 0.9983999729156494 0.9976019263267517
0.012369923293590546 0.9980188608169556 0.9997993111610413 0.99842369556427 0.9976000189781189 0.9980117082595825 0.013303066603839397 0.998106062412262 0.9995654225349426 0.9981996417045593 0.9980000257492065 0.9980998039245605
0.012999028898775578 0.9976077079772949 0.9998171329498291 0.9982227683067322 0.9969750046730042 0.9975984692573547 0.014192979782819748 0.9978070259094238 0.999569833278656 0.9976009726524353 0.9980000257492065 0.9978004693984985
0.012752207927405834 0.9976077079772949 0.9997987151145935 0.9980233311653137 0.9971749782562256 0.9975990056991577 0.013472994789481163 0.9980064034461975 0.9995644092559814 0.9981992840766907 0.9977999925613403 0.9979995489120483
0.01316163968294859 0.9975329041481018 0.9998484253883362 0.998097836971283 0.9969499707221985 0.9975235462188721 0.013699213974177837 0.9976076483726501 0.9996609687805176 0.9974010586738586 0.9977999925613403 0.9976004362106323
0.011810215190052986 0.9980188608169556 0.9998065829277039 0.9983987808227539 0.9976249933242798 0.9980117678642273 0.013415079563856125 0.9980064034461975 0.9994825124740601 0.9981992840766907 0.9977999925613403 0.9979995489120483
0.012020673602819443 0.9980064034461975 0.9998111128807068 0.998373806476593 0.9976249933242798 0.9979992508888245 0.012748649343848228 0.9984050989151001 0.9996718764305115 0.9987990260124207 0.9980000257492065 0.9983993768692017
0.011981332674622536 0.9980936050415039 0.999811053276062 0.998548686504364 0.9976249933242798 0.99808669090271 0.013144832104444504 0.9983054399490356 0.9996659159660339 0.9983996748924255 0.998199999332428 0.9982998371124268
0.01182739157229662 0.9979939460754395 0.9997900128364563 0.9985234141349792 0.9974499940872192 0.9979864358901978 0.014459226280450821 0.9976076483726501 0.9993703365325928 0.9972022175788879 0.9980000257492065 0.9976009130477905
0.012287491001188755 0.997632622718811 0.9998108744621277 0.9981979131698608 0.9970499873161316 0.99762362241745 0.012584978714585304 0.9983054399490356 0.9996710419654846 0.9983996748924255 0.998199999332428 0.9982998371124268
0.01142778992652893 0.9980811476707458 0.9998023509979248 0.9985486268997192 0.9976000189781189 0.9980741143226624 0.01326992642134428 0.9980064034461975 0.99957674741745 0.9981992840766907 0.9977999925613403 0.9979995489120483
0.011606479063630104 0.9980064034461975 0.9998501539230347 0.9984735250473022 0.9975249767303467 0.9979990124702454 0.013440188020467758 0.998106062412262 0.9994747638702393 0.9980003833770752 0.998199999332428 0.9981001615524292
0.01149724144488573 0.9980562329292297 0.9997677803039551 0.9984737038612366 0.9976249933242798 0.9980491399765015 0.014377128332853317 0.9978070259094238 0.9995508790016174 0.9974020719528198 0.998199999332428 0.9978008270263672
0.01145605742931366 0.9980064034461975 0.9998170733451843 0.998373806476593 0.9976249933242798 0.9979992508888245 0.016042573377490044 0.9971092343330383 0.9994547367095947 0.9966033697128296 0.9976000189781189 0.9971014857292175
0.011206477880477905 0.9980188608169556 0.9998316764831543 0.998523473739624 0.9975000023841858 0.9980115294456482 0.012990005314350128 0.9983054399490356 0.999659538269043 0.9989985823631287 0.9976000189781189 0.9982987642288208
0.011248976923525333 0.9979316592216492 0.9998442530632019 0.998348593711853 0.9975000023841858 0.9979240894317627 0.013997865840792656 0.9976076483726501 0.9994620680809021 0.9970036149024963 0.998199999332428 0.9976013898849487
0.0115129379555583 0.9980562329292297 0.999790370464325 0.9985734820365906 0.9975249767303467 0.9980489015579224 0.013656427152454853 0.9979066848754883 0.9996711015701294 0.9991979002952576 0.9965999722480774 0.9978972673416138
0.01102421060204506 0.9981309771537781 0.9998292922973633 0.9987983703613281 0.9974499940872192 0.9981237053871155 0.012286407873034477 0.9983054399490356 0.9994747042655945 0.9985991716384888 0.9980000257492065 0.9982994794845581
0.011257410980761051 0.9979565739631653 0.9997791647911072 0.9983985424041748 0.9975000023841858 0.9979490637779236 0.014717210084199905 0.9975079894065857 0.9992620944976807 0.9974005222320557 0.9976000189781189 0.9975002408027649
0.011105041019618511 0.9980562329292297 0.9998390078544617 0.9984737038612366 0.9976249933242798 0.9980491399765015 0.012391527183353901 0.9984050989151001 0.9996758103370667 0.9985994100570679 0.998199999332428 0.9983996152877808
0.010997683741152287 0.9981309771537781 0.9998528957366943 0.9984988570213318 0.9977499842643738 0.9981243014335632 0.01295684464275837 0.9983054399490356 0.9995650053024292 0.9985991716384888 0.9980000257492065 0.9982994794845581
0.010326259769499302 0.9982431530952454 0.9998618364334106 0.9987237453460693 0.9977499842643738 0.9982365965843201 0.01314054150134325 0.9984050989151001 0.9996764063835144 0.9991987347602844 0.9976000189781189 0.9983987212181091
0.0105952899903059 0.9982680678367615 0.9998105764389038 0.9985990524291992 0.9979249835014343 0.9982618689537048 0.013365392573177814 0.9977073073387146 0.9994724988937378 0.9974015355110168 0.9980000257492065 0.9977006316184998
0.010872822254896164 0.9982057809829712 0.9998339414596558 0.9985988736152649 0.9977999925613403 0.9981992840766907 0.013314414769411087 0.9980064034461975 0.9995660781860352 0.9981992840766907 0.9977999925613403 0.9979995489120483
0.010776421055197716 0.9981933236122131 0.9997819662094116 0.9986487627029419 0.9977250099182129 0.9981867074966431 0.012315264903008938 0.9982057213783264 0.999578595161438 0.9985988736152649 0.9977999925613403 0.9981992840766907
0.00998696219176054 0.9983552694320679 0.9998595118522644 0.998823881149292 0.9978749752044678 0.9983491897583008 0.013382265344262123 0.9982057213783264 0.9994702339172363 0.9987985491752625 0.9976000189781189 0.998198926448822
0.010793628171086311 0.9982182383537292 0.9998281002044678 0.9986488223075867 0.9977750182151794 0.998211681842804 0.012321604415774345 0.9983054399490356 0.9997575879096985 0.9991985559463501 0.9973999857902527 0.9982984662055969
0.010770591907203197 0.9982306957244873 0.9998046159744263 0.9986239075660706 0.997825026512146 0.9982242584228516 0.013013700023293495 0.9983054399490356 0.9994754791259766 0.9991985559463501 0.9973999857902527 0.9982984662055969
0.01086763758212328 0.998106062412262 0.9998053908348083 0.9986235499382019 0.9975749850273132 0.9980989694595337 0.012656612321734428 0.998106062412262 0.9994727969169617 0.9981996417045593 0.9980000257492065 0.9980998039245605
0.01037871278822422 0.9982057809829712 0.999808669090271 0.9985489845275879 0.9978500008583069 0.9981994032859802 0.012639383785426617 0.9982057213783264 0.9995814561843872 0.9989984035491943 0.9973999857902527 0.9981985688209534
0.009634744375944138 0.9984175562858582 0.9998882412910461 0.9988240003585815 0.9980000257492065 0.9984118342399597 0.012973290868103504 0.998106062412262 0.9994631409645081 0.998598575592041 0.9976000189781189 0.9980989694595337
0.009998037479817867 0.9984549880027771 0.9998360276222229 0.998898983001709 0.9980000257492065 0.9984493255615234 0.012629005126655102 0.9980064034461975 0.9994696974754333 0.997800886631012 0.998199999332428 0.9980003833770752
0.010466828010976315 0.99811851978302 0.9998694658279419 0.9985986351966858 0.9976249933242798 0.9981115460395813 0.012792489491403103 0.9978070259094238 0.9994768500328064 0.9977999925613403 0.9977999925613403 0.9977999925613403
0.00962251890450716 0.9985795617103577 0.9998631477355957 0.9989991784095764 0.9981499910354614 0.9985743761062622 0.01168993953615427 0.9984050989151001 0.9996753931045532 0.9985994100570679 0.998199999332428 0.9983996152877808
0.009895934723317623 0.998380184173584 0.9998521208763123 0.998724102973938 0.9980250000953674 0.9983744025230408 0.013537180610001087 0.998106062412262 0.9994683265686035 0.998399019241333 0.9977999925613403 0.9980993866920471
0.009666590951383114 0.9984799027442932 0.9998658895492554 0.998799204826355 0.9981499910354614 0.9984744787216187 0.0131076630204916 0.9982057213783264 0.9996766448020935 0.9991983771324158 0.9972000122070312 0.9981982111930847
0.009824142791330814 0.9984923601150513 0.9998381733894348 0.9988241791725159 0.9981499910354614 0.9984869360923767 0.011770019307732582 0.9982057213783264 0.9996786713600159 0.9991983771324158 0.9972000122070312 0.9981982111930847
0.009563097730278969 0.998430073261261 0.9998655319213867 0.998948872089386 0.9979000091552734 0.9984241724014282 0.011758506298065186 0.9983054399490356 0.9995756149291992 0.9982003569602966 0.9983999729156494 0.9983001351356506
0.009695335291326046 0.998380184173584 0.999866247177124 0.9987490773200989 0.9980000257492065 0.9983744025230408 0.012260837480425835 0.9983054399490356 0.9996766448020935 0.9989985823631287 0.9976000189781189 0.9982987642288208
0.009447000920772552 0.9983677268028259 0.9998777508735657 0.9988488554954529 0.9978749752044678 0.9983616471290588 0.01136436965316534 0.9984050989151001 0.999671995639801 0.9989988207817078 0.9977999925613403 0.9983990788459778
0.00988651905208826 0.9983054399490356 0.9998354911804199 0.9987488985061646 0.9978500008583069 0.9982991814613342 0.013437391258776188 0.9982057213783264 0.9995684027671814 0.9987985491752625 0.9976000189781189 0.998198926448822
0.009143180213868618 0.9985421895980835 0.999832808971405 0.998974084854126 0.9980999827384949 0.9985368251800537 0.012639615684747696 0.9984050989151001 0.9996607899665833 0.9993987679481506 0.9973999857902527 0.9983983635902405
0.00936038326472044 0.9986044764518738 0.9998288750648499 0.9989243149757385 0.9982749819755554 0.9985995292663574 0.01278700027614832 0.998106062412262 0.9996740221977234 0.998399019241333 0.9977999925613403 0.9980993866920471
0.009635983034968376 0.998430073261261 0.9998514652252197 0.998898983001709 0.99795001745224 0.998424232006073 0.010904921218752861 0.9983054399490356 0.9996747970581055 0.9987987875938416 0.9977999925613403 0.9982991218566895
0.009561453945934772 0.9983677268028259 0.9998753666877747 0.9986492395401001 0.998075008392334 0.9983620643615723 0.011988216079771519 0.9982057213783264 0.9995750784873962 0.9987985491752625 0.9976000189781189 0.998198926448822
0.009634594433009624 0.998392641544342 0.9998758435249329 0.9988240003585815 0.99795001745224 0.998386800289154 0.011404283344745636 0.998106062412262 0.9996798038482666 0.998598575592041 0.9976000189781189 0.9980989694595337
0.008830485865473747 0.9986169338226318 0.9998802542686462 0.9989992380142212 0.9982249736785889 0.9986119866371155 0.012008313089609146 0.9984050989151001 0.9994867444038391 0.9985994100570679 0.998199999332428 0.9983996152877808
0.009154985658824444 0.9984923601150513 0.9998536705970764 0.9988991022109985 0.998075008392334 0.9984869360923767 0.011769895441830158 0.9985047578811646 0.9994855523109436 0.9987992644309998 0.998199999332428 0.9984995126724243
0.009368345141410828 0.9984674453735352 0.9998522400856018 0.9988740682601929 0.9980499744415283 0.9984618425369263 0.013636509887874126 0.9980064034461975 0.9994581341743469 0.9972044825553894 0.9987999796867371 0.9980015754699707
0.009313122369349003 0.9983054399490356 0.9998669624328613 0.9986740350723267 0.9979249835014343 0.9982993602752686 0.012283646501600742 0.9980064034461975 0.9994581937789917 0.9980000257492065 0.9980000257492065 0.9980000257492065
0.009767318144440651 0.9981933236122131 0.9998248219490051 0.9985489249229431 0.997825026512146 0.9981868863105774 0.01305655762553215 0.998106062412262 0.9995529651641846 0.9981996417045593 0.9980000257492065 0.9980998039245605
0.009148462675511837 0.9984549880027771 0.9998920559883118 0.998898983001709 0.9980000257492065 0.9984493255615234 0.010899467393755913 0.9984050989151001 0.9994843602180481 0.9987990260124207 0.9980000257492065 0.9983993768692017
0.009211386553943157 0.9984674453735352 0.9998671412467957 0.9988740682601929 0.9980499744415283 0.9984618425369263 0.01078302413225174 0.9986044764518738 0.9996805787086487 0.9991990327835083 0.9980000257492065 0.9985991716384888
0.009145528078079224 0.9985172748565674 0.999868631362915 0.9989490509033203 0.998075008392334 0.9985118508338928 0.011499861255288124 0.998106062412262 0.9995630979537964 0.9980003833770752 0.998199999332428 0.9981001615524292
0.008699500001966953 0.9987415671348572 0.999916672706604 0.9991992712020874 0.9982749819755554 0.9987369179725647 0.014845089055597782 0.9978070259094238 0.9992581009864807 0.9979991912841797 0.9976000189781189 0.9977995753288269
0.009656544774770737 0.9983428120613098 0.9998355507850647 0.9987989068031311 0.9978749752044678 0.9983367919921875 0.011700808070600033 0.9982057213783264 0.9994819164276123 0.9989984035491943 0.9973999857902527 0.9981985688209534
0.008761347271502018 0.9985920190811157 0.999880850315094 0.9990491271018982 0.9981250166893005 0.998586893081665 0.01223680842667818 0.9978070259094238 0.9995750188827515 0.9989975690841675 0.9965999722480774 0.9977973103523254
0.009026451967656612 0.9984674453735352 0.9998805522918701 0.998849093914032 0.998075008392334 0.9984618425369263 0.012330003082752228 0.9982057213783264 0.99958336353302 0.9987985491752625 0.9976000189781189 0.998198926448822
0.008996061980724335 0.9984799027442932 0.9998659491539001 0.9989240169525146 0.9980250000953674 0.9984743595123291 0.012700256891548634 0.9983054399490356 0.999476432800293 0.997802197933197 0.9987999796867371 0.9983008503913879
0.00869656354188919 0.9985546469688416 0.9999299049377441 0.9990990161895752 0.9980000257492065 0.998549222946167 0.01267087459564209 0.9983054399490356 0.9993795156478882 0.9991985559463501 0.9973999857902527 0.9982984662055969
0.008252620697021484 0.9987664818763733 0.9998952150344849 0.9991742968559265 0.9983500242233276 0.9987620115280151 0.013646574690937996 0.9977073073387146 0.9993752837181091 0.9970042109489441 0.9983999729156494 0.9977015256881714
0.008753404021263123 0.9985421895980835 0.9998936653137207 0.9989990592002869 0.998075008392334 0.9985367655754089 0.011157995089888573 0.9986044764518738 0.9995817542076111 0.9987995028495789 0.9983999729156494 0.998599648475647
0.008648183196783066 0.9985546469688416 0.9998560547828674 0.9987744688987732 0.998324990272522 0.9985496997833252 0.01538575254380703 0.9976076483726501 0.9993816018104553 0.9993978142738342 0.9958000183105469 0.9975956678390503
0.008818823844194412 0.998442530632019 0.9999315142631531 0.9987991452217102 0.998075008392334 0.9984369874000549 0.01160324364900589 0.9983054399490356 0.9996843338012695 0.9987987875938416 0.9977999925613403 0.9982991218566895
0.008608713746070862 0.9987041354179382 0.9998927712440491 0.9991992115974426 0.998199999332428 0.9986993670463562 0.011554677970707417 0.9987041354179382 0.9995691180229187 0.9989994168281555 0.9983999729156494 0.9986996650695801
0.008929193019866943 0.998442530632019 0.9999151825904846 0.9988240599632263 0.9980499744415283 0.9984368085861206 0.013138611800968647 0.9982057213783264 0.9995707273483276 0.9991983771324158 0.9972000122070312 0.9981982111930847
0.009190256707370281 0.9985795617103577 0.9998894929885864 0.9989991784095764 0.9981499910354614 0.9985743761062622 0.010737535543739796 0.9983054399490356 0.9997739791870117 0.9987987875938416 0.9977999925613403 0.9982991218566895
0.008724736981093884 0.9986044764518738 0.9998933672904968 0.9990741014480591 0.9981250166893005 0.9985993504524231 0.011418207548558712 0.9986044764518738 0.9994784593582153 0.9986000061035156 0.9986000061035156 0.9986000061035156
0.008032134734094143 0.9988412261009216 0.9998590350151062 0.9990995526313782 0.99857497215271 0.9988372325897217 0.010895559564232826 0.9986044764518738 0.9996680617332458 0.9991990327835083 0.9980000257492065 0.9985991716384888
0.008277971297502518 0.998654305934906 0.9999083280563354 0.998999297618866 0.9983000159263611 0.998649537563324 0.011294879950582981 0.9982057213783264 0.9995823502540588 0.9987985491752625 0.9976000189781189 0.998198926448822
0.00871407799422741 0.998442530632019 0.9998563528060913 0.9988240599632263 0.9980499744415283 0.9984368085861206 0.012819282710552216 0.9982057213783264 0.9993763566017151 0.9983993768692017 0.9980000257492065 0.9981997013092041
0.008554349653422832 0.9985671043395996 0.9998464584350586 0.9989741444587708 0.9981499910354614 0.9985618591308594 0.010915121994912624 0.9983054399490356 0.9995779395103455 0.9983996748924255 0.998199999332428 0.9982998371124268
0.008045786991715431 0.9988163113594055 0.9998598098754883 0.999199390411377 0.9984250068664551 0.9988120198249817 0.012700023129582405 0.9980064034461975 0.9992715716362 0.9983987212181091 0.9976000189781189 0.9979991912841797
0.00929875485599041 0.9982929825782776 0.9998605251312256 0.9986739754676819 0.9979000091552734 0.9982869029045105 0.011205204762518406 0.9984050989151001 0.9993864297866821 0.9983999729156494 0.9983999729156494 0.9983999729156494
0.008242243900895119 0.9986667633056641 0.999860942363739 0.999174177646637 0.9981499910354614 0.9986618161201477 0.01104404404759407 0.9983054399490356 0.9996815323829651 0.9991985559463501 0.9973999857902527 0.9982984662055969
0.008463812991976738 0.9987041354179382 0.9999051094055176 0.9990243911743164 0.9983749985694885 0.9986996650695801 0.010441887192428112 0.9985047578811646 0.9996835589408875 0.999198853969574 0.9977999925613403 0.9984989762306213
0.00863667018711567 0.998641848564148 0.9998552203178406 0.9987996220588684 0.9984750151634216 0.998637318611145 0.011328514665365219 0.9984050989151001 0.9995792508125305 0.9985994100570679 0.998199999332428 0.9983996152877808
0.008784687146544456 0.9985297322273254 0.9998671412467957 0.9988492727279663 0.998199999332428 0.9985244870185852 0.011723469011485577 0.9980064034461975 0.9994803667068481 0.9980000257492065 0.9980000257492065 0.9980000257492065
0.008322746492922306 0.9988163113594055 0.9998804330825806 0.9990994930267334 0.9985250234603882 0.9988121390342712 0.012105211615562439 0.998106062412262 0.9995654821395874 0.9981996417045593 0.9980000257492065 0.9980998039245605
0.008408552035689354 0.9986044764518738 0.9999058246612549 0.9989492893218994 0.9982500076293945 0.9985995292663574 0.011326435953378677 0.9985047578811646 0.9996681213378906 0.9982010722160339 0.9987999796867371 0.998500406742096
0.008223159238696098 0.9986169338226318 0.9998612403869629 0.9989243149757385 0.9983000159263611 0.998612105846405 0.011821849271655083 0.9982057213783264 0.9994832277297974 0.9985988736152649 0.9977999925613403 0.9981992840766907
0.008229287341237068 0.9986792206764221 0.999883234500885 0.9990493059158325 0.9983000159263611 0.9986745715141296 0.010785317979753017 0.9986044764518738 0.9994840025901794 0.9989991784095764 0.998199999332428 0.9985994100570679
0.00858245138078928 0.9986169338226318 0.9999057650566101 0.9990741610527039 0.9981499910354614 0.9986119270324707 0.011470463126897812 0.9982057213783264 0.9994826316833496 0.998199999332428 0.998199999332428 0.998199999332428
0.007635603193193674 0.9988412261009216 0.9999110698699951 0.9993243217468262 0.9983500242233276 0.9988369345664978 0.01204516552388668 0.9980064034461975 0.9993854761123657 0.9983987212181091 0.9976000189781189 0.9979991912841797
0.0085862772539258 0.9984923601150513 0.9998685717582703 0.9988241791725159 0.9981499910354614 0.9984869360923767 0.011579165235161781 0.9985047578811646 0.9994863867759705 0.9989989995956421 0.9980000257492065 0.9984992742538452
0.008534875698387623 0.9985172748565674 0.9998565912246704 0.9987993240356445 0.9982249736785889 0.9985120892524719 0.01300347875803709 0.9976076483726501 0.9994857311248779 0.9989972114562988 0.9962000250816345 0.9975966215133667
0.008143696002662182 0.9986792206764221 0.999858558177948 0.9992241263389587 0.9981250166893005 0.9986742734909058 0.012333335354924202 0.9983054399490356 0.99948650598526 0.9993986487388611 0.9972000122070312 0.9982980489730835
0.008204844780266285 0.998654305934906 0.9998953938484192 0.9990242719650269 0.9982749819755554 0.9986494779586792 0.0120003717020154 0.998106062412262 0.9996755123138428 0.9981996417045593 0.9980000257492065 0.9980998039245605
0.007860331796109676 0.998641848564148 0.9998747110366821 0.9989743232727051 0.9983000159263611 0.9986370205879211 0.012171062640845776 0.998106062412262 0.9995777606964111 0.99899822473526 0.9972000122070312 0.9980983138084412
0.007776919286698103 0.9988038539886475 0.9998971819877625 0.9991743564605713 0.9984250068664551 0.9987995624542236 0.012100880965590477 0.9983054399490356 0.9995771050453186 0.9993986487388611 0.9972000122070312 0.9982980489730835
0.00797390379011631 0.9987291097640991 0.9998723864555359 0.9989994764328003 0.998449981212616 0.9987246990203857 0.01519102044403553 0.9974082708358765 0.9994482398033142 0.9962090849876404 0.9986000061035156 0.997403085231781
0.00787058100104332 0.9986916780471802 0.9999606013298035 0.9990742802619934 0.9983000159263611 0.9986869692802429 0.010717207565903664 0.9984050989151001 0.9996783137321472 0.9985994100570679 0.998199999332428 0.9983996152877808
0.00798830110579729 0.9986044764518738 0.9999092221260071 0.9988244771957397 0.9983749985694885 0.998599648475647 0.011415663175284863 0.9985047578811646 0.9994778037071228 0.9984003305435181 0.9986000061035156 0.9985001683235168
0.008093569427728653 0.998641848564148 0.9999068975448608 0.9989243745803833 0.9983500242233276 0.9986371397972107 0.011368474923074245 0.9982057213783264 0.9995675086975098 0.9980008006095886 0.9983999729156494 0.9982003569602966
0.008138569071888924 0.9985920190811157 0.9999073147773743 0.9988993406295776 0.9982749819755554 0.9985871315002441 0.01084890402853489 0.9986044764518738 0.999588131904602 0.9991990327835083 0.9980000257492065 0.9985991716384888
0.008113859221339226 0.998641848564148 0.9999070763587952 0.9989743232727051 0.9983000159263611 0.9986370205879211 0.010793323628604412 0.9980064034461975 0.9994814991950989 0.9980000257492065 0.9980000257492065 0.9980000257492065
0.007521838415414095 0.9988785982131958 0.9998891353607178 0.9992494583129883 0.9984999895095825 0.9988746047019958 0.01137893833220005 0.998106062412262 0.9995757937431335 0.9981996417045593 0.9980000257492065 0.9980998039245605
0.007875784300267696 0.9986916780471802 0.999921977519989 0.9989743828773499 0.9983999729156494 0.9986871480941772 0.012102684937417507 0.998106062412262 0.9993841648101807 0.9981996417045593 0.9980000257492065 0.9980998039245605
0.007863457314670086 0.9986792206764221 0.9998987913131714 0.999174177646637 0.9981750249862671 0.9986743330955505 0.011030878871679306 0.9985047578811646 0.9994828104972839 0.9989989995956421 0.9980000257492065 0.9984992742538452
0.008032325655221939 0.9987166523933411 0.9998460412025452 0.9989245533943176 0.9984999895095825 0.9987121820449829 0.010452580638229847 0.9986044764518738 0.9996514320373535 0.9989991784095764 0.998199999332428 0.9985994100570679
0.0076892622746527195 0.9987540245056152 0.9998986721038818 0.9990993738174438 0.9983999729156494 0.9987495541572571 0.011694617569446564 0.9982057213783264 0.9994890093803406 0.9987985491752625 0.9976000189781189 0.998198926448822
0.007775523234158754 0.9988287687301636 0.9998729825019836 0.9992743730545044 0.9983749985694885 0.9988244771957397 0.012029608711600304 0.9979066848754883 0.9994880557060242 0.9987978339195251 0.996999979019165 0.9978981018066406
0.007580952253192663 0.9988038539886475 0.9998869299888611 0.9991993308067322 0.9983999729156494 0.9987994432449341 0.010661120526492596 0.9983054399490356 0.9996684789657593 0.9983996748924255 0.998199999332428 0.9982998371124268
0.007610410451889038 0.998654305934906 0.9998883008956909 0.9990242719650269 0.9982749819755554 0.9986494779586792 0.011603793129324913 0.9984050989151001 0.9994869828224182 0.9989988207817078 0.9977999925613403 0.9983990788459778
0.008387924171984196 0.9985421895980835 0.9998085498809814 0.9988492727279663 0.9982249736785889 0.998537003993988 0.011499656364321709 0.998106062412262 0.9994849562644958 0.998399019241333 0.9977999925613403 0.9980993866920471
0.007658782415091991 0.9988910555839539 0.9998862147331238 0.9992494583129883 0.9985250234603882 0.9988871216773987 0.01038246788084507 0.9982057213783264 0.9995877742767334 0.9983993768692017 0.9980000257492065 0.9981997013092041
0.007489895913749933 0.9988038539886475 0.9999229907989502 0.9990495443344116 0.9985499978065491 0.9987996816635132 0.01243281364440918 0.9985047578811646 0.9995777010917664 0.999198853969574 0.9977999925613403 0.9984989762306213
0.007426242344081402 0.9988785982131958 0.9999595880508423 0.9992494583129883 0.9984999895095825 0.9988746047019958 0.011490820907056332 0.9982057213783264 0.9994845390319824 0.9983993768692017 0.9980000257492065 0.9981997013092041
0.00802464596927166 0.9987291097640991 0.9998847842216492 0.9989745020866394 0.9984750151634216 0.9987246990203857 0.013189902529120445 0.9978070259094238 0.9994648098945618 0.9968063831329346 0.9987999796867371 0.9978021383285522
0.007941368967294693 0.998654305934906 0.9998971223831177 0.9990492463111877 0.9982500076293945 0.9986494779586792 0.010425428859889507 0.9982057213783264 0.9996854066848755 0.9983993768692017 0.9980000257492065 0.9981997013092041
0.007800575345754623 0.9987166523933411 0.9998716711997986 0.9990743398666382 0.9983500242233276 0.9987120628356934 0.011429104954004288 0.998106062412262 0.9995858073234558 0.9987983107566833 0.9973999857902527 0.998098611831665
0.007955278269946575 0.9987166523933411 0.999933660030365 0.9990993142127991 0.998324990272522 0.9987119436264038 0.011606681160628796 0.9982057213783264 0.9995743036270142 0.9980008006095886 0.9983999729156494 0.9982003569602966
0.007609753403812647 0.9987291097640991 0.9999107718467712 0.99912428855896 0.998324990272522 0.9987245202064514 0.01102505810558796 0.9984050989151001 0.9995720982551575 0.9989988207817078 0.9977999925613403 0.9983990788459778
0.006979400757700205 0.9990281462669373 0.9999028444290161 0.9993995428085327 0.9986500144004822 0.9990246891975403 0.01177124958485365 0.9983054399490356 0.9995829463005066 0.9987987875938416 0.9977999925613403 0.9982991218566895
0.00786976795643568 0.998641848564148 0.9998834133148193 0.9989743232727051 0.9983000159263611 0.9986370205879211 0.012116525322198868 0.9983054399490356 0.9994717836380005 0.9991985559463501 0.9973999857902527 0.9982984662055969
0.007740682456642389 0.9985172748565674 0.9999226927757263 0.9988741874694824 0.9981499910354614 0.9985119700431824 0.010916520841419697 0.9985047578811646 0.9995829463005066 0.999398946762085 0.9976000189781189 0.9984986186027527
0.007644467521458864 0.9987540245056152 0.9999098777770996 0.9991742968559265 0.998324990272522 0.9987494945526123 0.010947762057185173 0.9984050989151001 0.9994796514511108 0.9987990260124207 0.9980000257492065 0.9983993768692017
0.007530000060796738 0.9987291097640991 0.999875009059906 0.99912428855896 0.998324990272522 0.9987245202064514 0.011197888292372227 0.9983054399490356 0.9995811581611633 0.9989985823631287 0.9976000189781189 0.9982987642288208
0.0077261971309781075 0.998654305934906 0.9999101758003235 0.9988994598388672 0.9983999729156494 0.9986496567726135 0.012658024206757545 0.9982057213783264 0.9995610117912292 0.9983993768692017 0.9980000257492065 0.9981997013092041
0.007515183184295893 0.9988910555839539 0.9999223947525024 0.999324381351471 0.998449981212616 0.9988870024681091 0.011951437219977379 0.998106062412262 0.9996830821037292 0.9987983107566833 0.9973999857902527 0.998098611831665
0.0070905075408518314 0.9988910555839539 0.9999156594276428 0.9992994070053101 0.9984750151634216 0.9988870620727539 0.011233448050916195 0.9984050989151001 0.9994888305664062 0.9987990260124207 0.9980000257492065 0.9983993768692017
0.007395684253424406 0.9988038539886475 0.9998757839202881 0.9991743564605713 0.9984250068664551 0.9987995624542236 0.013334456831216812 0.9984050989151001 0.9993689060211182 0.9987990260124207 0.9980000257492065 0.9983993768692017
0.007471931632608175 0.9987664818763733 0.9998878836631775 0.9991243481636047 0.9983999729156494 0.9987620711326599 0.0110510578379035 0.9987041354179382 0.9994823336601257 0.9989994168281555 0.9983999729156494 0.9986996650695801
0.007173069287091494 0.9990032315254211 0.9999122619628906 0.9993245601654053 0.9986749887466431 0.9989996552467346 0.010269885882735252 0.998106062412262 0.9996748566627502 0.9980003833770752 0.998199999332428 0.9981001615524292
0.007291472516953945 0.9988785982131958 0.999912440776825 0.999099612236023 0.9986500144004822 0.9988747835159302 0.013025238178670406 0.9979066848754883 0.9994814991950989 0.9989978075027466 0.9968000054359436 0.9978976845741272
0.007694212254136801 0.9987291097640991 0.9999347925186157 0.9990243911743164 0.9984250068664551 0.998724639415741 0.013573329895734787 0.9978070259094238 0.9993762373924255 0.9993980526924133 0.9962000250816345 0.9977964758872986
0.007326570805162191 0.9987415671348572 0.9999489188194275 0.9990993738174438 0.9983749985694885 0.9987370371818542 0.011044131591916084 0.998106062412262 0.9995808601379395 0.998399019241333 0.9977999925613403 0.9980993866920471
0.007211575750261545 0.9989408850669861 0.9999010562896729 0.9991995692253113 0.9986749887466431 0.9989372491836548 0.010923541150987148 0.9986044764518738 0.999383807182312 0.9989991784095764 0.998199999332428 0.9985994100570679
0.007137289736419916 0.9989408850669861 0.999926745891571 0.9992245435714722 0.9986500144004822 0.9989372491836548 0.011563003994524479 0.9982057213783264 0.9994860291481018 0.9983993768692017 0.9980000257492065 0.9981997013092041
0.0074050952680408955 0.9987540245056152 0.9998998045921326 0.999074399471283 0.9984250068664551 0.9987495541572571 0.010447798296809196 0.9985047578811646 0.9995793104171753 0.9985997080802917 0.9983999729156494 0.9984998106956482
0.007564909756183624 0.9988661408424377 0.9998736381530762 0.9991994500160217 0.9985250234603882 0.998862087726593 0.010291722603142262 0.9980064034461975 0.9995792508125305 0.9985983371734619 0.9973999857902527 0.9979987740516663
0.0070582726038992405 0.9988412261009216 0.9999128580093384 0.999199390411377 0.9984750151634216 0.9988369941711426 0.010342095978558064 0.9983054399490356 0.9995882511138916 0.9991985559463501 0.9973999857902527 0.9982984662055969
0.007295518182218075 0.9988163113594055 0.9999117255210876 0.9992493391036987 0.9983749985694885 0.9988119006156921 0.012805914506316185 0.998106062412262 0.9995367527008057 0.9987983107566833 0.9973999857902527 0.998098611831665
0.007489541545510292 0.9987166523933411 0.9998382925987244 0.9990493655204773 0.9983749985694885 0.9987120628356934 0.009631115943193436 0.9983054399490356 0.9996934533119202 0.9991985559463501 0.9973999857902527 0.9982984662055969
0.007241536863148212 0.9987664818763733 0.9998877048492432 0.999074399471283 0.998449981212616 0.9987620711326599 0.01055873278528452 0.9982057213783264 0.9995855689048767 0.9980008006095886 0.9983999729156494 0.9982003569602966
0.006975753232836723 0.9988661408424377 0.9999526739120483 0.9992493987083435 0.9984750151634216 0.9988620281219482 0.009427543729543686 0.9985047578811646 0.999685525894165 0.9989989995956421 0.9980000257492065 0.9984992742538452
0.0070999437011778355 0.99891597032547 0.9999501705169678 0.9993494153022766 0.9984750151634216 0.9989120364189148 0.009868291206657887 0.9987041354179382 0.9996854662895203 0.9986003041267395 0.9987999796867371 0.9987001419067383
0.007236632984131575 0.998928427696228 0.99983811378479 0.9993244409561157 0.9985250234603882 0.9989246129989624 0.010176858864724636 0.9983054399490356 0.9996821880340576 0.9982003569602966 0.9983999729156494 0.9983001351356506
0.007410492282360792 0.9987664818763733 0.9998987317085266 0.9992742538452148 0.9982500076293945 0.9987618327140808 0.010959372855722904 0.9988038539886475 0.9996722936630249 0.9987999796867371 0.9987999796867371 0.9987999796867371
0.007075700908899307 0.9988287687301636 0.9999264478683472 0.9991744160652161 0.9984750151634216 0.9988245964050293 0.00959792174398899 0.9987041354179382 0.999588668346405 0.9991992115974426 0.998199999332428 0.9986993670463562
0.007335054222494364 0.9986667633056641 0.9999377727508545 0.998949408531189 0.9983749985694885 0.9986621141433716 0.011013530194759369 0.9983054399490356 0.999488353729248 0.9989985823631287 0.9976000189781189 0.9982987642288208
0.007374315056949854 0.9987540245056152 0.9999237060546875 0.999074399471283 0.9984250068664551 0.9987495541572571 0.01494381669908762 0.9972089529037476 0.9993758797645569 0.998996376991272 0.9954000115394592 0.9971948862075806
0.0072889490984380245 0.9987291097640991 0.9998997449874878 0.99912428855896 0.998324990272522 0.9987245202064514 0.010867332108318806 0.9985047578811646 0.9993860721588135 0.9987992644309998 0.998199999332428 0.9984995126724243
0.006817466579377651 0.9990779757499695 0.9999275207519531 0.9993996024131775 0.9987499713897705 0.9990746974945068 0.011070900596678257 0.9983054399490356 0.9994889497756958 0.9983996748924255 0.998199999332428 0.9982998371124268
0.006247024983167648 0.999190092086792 0.9999303221702576 0.9994247555732727 0.9989500045776367 0.9991873502731323 0.009977901354432106 0.9988038539886475 0.9994868040084839 0.9989995956420898 0.9986000061035156 0.998799741268158
0.00725411856546998 0.9988785982131958 0.9999133348464966 0.9992494583129883 0.9984999895095825 0.9988746047019958 0.012184986844658852 0.9983054399490356 0.9994744658470154 0.997802197933197 0.9987999796867371 0.9983008503913879
0.007333537098020315 0.9988910555839539 0.9998505711555481 0.9992244839668274 0.9985499978065491 0.9988871216773987 0.010447823442518711 0.9987041354179382 0.9995848536491394 0.9991992115974426 0.998199999332428 0.9986993670463562
0.006991943344473839 0.9988785982131958 0.9998909831047058 0.9991744756698608 0.99857497215271 0.9988746643066406 0.011645658873021603 0.9984050989151001 0.999384343624115 0.9983999729156494 0.9983999729156494 0.9983999729156494
0.007202973589301109 0.99891597032547 0.999885618686676 0.9993744492530823 0.998449981212616 0.99891197681427 0.012025412172079086 0.9986044764518738 0.999582827091217 0.9987995028495789 0.9983999729156494 0.998599648475647
0.007318902760744095 0.9988038539886475 0.9999234676361084 0.9990745186805725 0.9985250234603882 0.9987996816635132 0.011445872485637665 0.9985047578811646 0.9994850754737854 0.999198853969574 0.9977999925613403 0.9984989762306213
