loss_s0111 accuracy_s0111 val_auc_s0111 precision_s0111 recall_s0111 f1_score_s0111 val_loss_s0111 val_accuracy_s0111 val_val_auc_s0111 val_precision_s0111 val_recall_s0111 val_f1_score_s0111
0.16571421921253204 0.9372659921646118 0.9835095405578613 0.9311025738716125 0.9433000087738037 0.9371616244316101 0.04690629243850708 0.9861138463020325 0.9982019662857056 0.9791009426116943 0.9932000041007996 0.9861000180244446
0.06074528396129608 0.9823452234268188 0.9967236518859863 0.9818627238273621 0.9825500249862671 0.9822062849998474 0.038596685975790024 0.9926601648330688 0.9988500475883484 0.9931918382644653 0.9919999837875366 0.9925955533981323
0.04480482637882233 0.9882466793060303 0.997643768787384 0.9886875748634338 0.9876000285148621 0.9881435036659241 0.03036482445895672 0.9920650720596313 0.9983041882514954 0.9943729639053345 0.9896000027656555 0.9919807314872742
0.043608665466308594 0.9884946346282959 0.9978731870651245 0.9893787503242493 0.9873999953269958 0.9883883595466614 0.02736392430961132 0.9936520457267761 0.9986366629600525 0.9959806799888611 0.9911999702453613 0.9935845136642456
0.03930629789829254 0.9898831844329834 0.9981008768081665 0.9908799529075623 0.9886999726295471 0.9897887706756592 0.02599138766527176 0.9946439266204834 0.9990779757499695 0.9951942563056946 0.9940000176429749 0.9945967793464661
0.036449674516916275 0.9907510876655579 0.9984267354011536 0.9915351867675781 0.989799976348877 0.9906668663024902 0.029917947947978973 0.9922634363174438 0.9986538290977478 0.9967702627182007 0.9876000285148621 0.9921640157699585
0.035986773669719696 0.9913957715034485 0.9982851147651672 0.9921863079071045 0.9904500246047974 0.9913173913955688 0.02414700575172901 0.9944455623626709 0.9989213943481445 0.9959871768951416 0.9927999973297119 0.9943910241127014
0.032688356935977936 0.9923380017280579 0.9985201358795166 0.9934840202331543 0.9910500049591064 0.992265522480011 0.0201055109500885 0.9950406551361084 0.9989569783210754 0.9959920048713684 0.9940000176429749 0.9949949979782104
0.03132518753409386 0.9926603436470032 0.9986411929130554 0.9937356114387512 0.9914500117301941 0.9925915002822876 0.020027752965688705 0.9952390193939209 0.9993507862091064 0.9959936141967773 0.9944000244140625 0.9951961636543274
0.030967244878411293 0.9924619793891907 0.9986758828163147 0.9935351014137268 0.9912499785423279 0.9923912286758423 0.024835510179400444 0.9946439266204834 0.9988355040550232 0.994797945022583 0.9944000244140625 0.9945989847183228
0.03196810930967331 0.992214024066925 0.9986252188682556 0.9927412867546082 0.9915500283241272 0.992145299911499 0.02168259397149086 0.9952390193939209 0.999750018119812 0.9959936141967773 0.9944000244140625 0.9951961636543274
0.027705121785402298 0.9933546781539917 0.9989288449287415 0.9940905570983887 0.9925000071525574 0.9932946562767029 0.020561400800943375 0.9948422908782959 0.9997303485870361 0.9963884353637695 0.9932000041007996 0.9947916269302368
0.029594339430332184 0.9932059049606323 0.9986584186553955 0.994286835193634 0.9919999837875366 0.9931420683860779 0.02881559543311596 0.9924618005752563 0.9990149736404419 0.9987844228744507 0.9860000014305115 0.9923511147499084
0.029263459146022797 0.9933050870895386 0.9987436532974243 0.9941394329071045 0.9923499822616577 0.9932438731193542 0.017806479707360268 0.9956358075141907 0.9990664124488831 0.9959967732429504 0.995199978351593 0.9955981969833374
0.02759375050663948 0.9936026334762573 0.9988879561424255 0.9939945936203003 0.9930999875068665 0.9935470223426819 0.016961300745606422 0.9950406551361084 0.9996641278266907 0.9967884421348572 0.9932000041007996 0.9949909448623657
0.025746913626790047 0.993850588798523 0.9991390109062195 0.9945913553237915 0.9929999709129333 0.9937950372695923 0.017332730814814568 0.9960325360298157 0.9992251396179199 0.9959999918937683 0.9959999918937683 0.9959999918937683
0.025215161964297295 0.9941729307174683 0.9990900158882141 0.9949416518211365 0.9933000206947327 0.994120180606842 0.017224296927452087 0.9954373836517334 0.9998725056648254 0.9959952235221863 0.9947999715805054 0.9953972697257996
0.027037255465984344 0.9935778379440308 0.9990561604499817 0.9947866797447205 0.9922500252723694 0.993516743183136 0.016197888180613518 0.9958341717720032 0.999700129032135 0.9956017732620239 0.9959999918937683 0.9958008527755737
0.025983290746808052 0.9935282468795776 0.9989659786224365 0.9946869611740112 0.9922500252723694 0.9934669733047485 0.03091711550951004 0.9934536814689636 0.9996188879013062 0.9916301369667053 0.995199978351593 0.9934118390083313
0.027493471279740334 0.9933050870895386 0.9988940358161926 0.9941394329071045 0.9923499822616577 0.9932438731193542 0.017508601769804955 0.9964292645454407 0.9989091753959656 0.9967974424362183 0.9959999918937683 0.9963985681533813
0.024959050118923187 0.9941729307174683 0.9990089535713196 0.9950904250144958 0.993149995803833 0.9941192269325256 0.015284775756299496 0.9962309002876282 0.9997019171714783 0.9960016012191772 0.996399998664856 0.9962007403373718
0.022689756006002426 0.995040774345398 0.9989892244338989 0.9959422945976257 0.9940500259399414 0.9949952363967896 0.017223652452230453 0.9962309002876282 0.9992967247962952 0.9963985681533813 0.9959999918937683 0.9961993098258972
0.02370004914700985 0.9946936368942261 0.999173641204834 0.9950956106185913 0.9941999912261963 0.9946475625038147 0.01656922698020935 0.9968260526657104 0.9999145269393921 0.9960063695907593 0.9976000189781189 0.9968026280403137
0.03117481619119644 0.993453860282898 0.9987620115280151 0.9940422773361206 0.9927499890327454 0.9933956861495972 0.015897240489721298 0.9958341717720032 0.9998970031738281 0.9952057600021362 0.996399998664856 0.9958025217056274
0.027019191533327103 0.9939001798629761 0.9990650415420532 0.9939981698989868 0.9937000274658203 0.9938490390777588 0.01585536263883114 0.9954373836517334 0.9998721480369568 0.9955982565879822 0.995199978351593 0.9953990578651428
0.02497089095413685 0.9943217039108276 0.9990159869194031 0.9952903389930725 0.9932500123977661 0.994269073009491 0.014607967808842659 0.9964292645454407 0.9999105334281921 0.996399998664856 0.996399998664856 0.996399998664856
0.022206436842679977 0.9947928190231323 0.9991323351860046 0.995840847492218 0.9936500191688538 0.9947442412376404 0.013353363610804081 0.9962309002876282 0.9999148845672607 0.9963985681533813 0.9959999918937683 0.9961993098258972
0.02254621312022209 0.9947680234909058 0.9991446137428284 0.9954929947853088 0.9939500093460083 0.9947208166122437 0.022805647924542427 0.9956358075141907 0.9990839958190918 0.9975903630256653 0.9936000108718872 0.9955911636352539
0.029786352068185806 0.9929579496383667 0.9988940358161926 0.9942344427108765 0.9915500283241272 0.9928903579711914 0.01615328900516033 0.997024416923523 0.9996762275695801 0.9968012571334839 0.9972000122070312 0.9970005750656128
0.023493567481637 0.9946192502975464 0.9991552829742432 0.9951940178871155 0.9939500093460083 0.9945716261863708 0.017835455015301704 0.9958341717720032 0.9999082684516907 0.9975913166999817 0.9940000176429749 0.9957923889160156
0.02264544740319252 0.9945448637008667 0.999302864074707 0.9956896305084229 0.9933000206947327 0.9944934248924255 0.019086915999650955 0.9952390193939209 0.9989427328109741 0.998389720916748 0.9919999837875366 0.995184600353241
0.022199945524334908 0.9950655698776245 0.9991853833198547 0.9961413145065308 0.9939000010490417 0.9950194358825684 0.016092227771878242 0.9958341717720032 0.9997072815895081 0.9956017732620239 0.9959999918937683 0.9958008527755737
0.03441578149795532 0.9924867749214172 0.9985913634300232 0.9937334060668945 0.991100013256073 0.9924149513244629 0.016780108213424683 0.9958341717720032 0.9999138116836548 0.9948104023933411 0.9968000054359436 0.9958042502403259
0.02349213697016239 0.9945448637008667 0.9992583990097046 0.9953420758247375 0.9936500191688538 0.9944953322410583 0.01892717182636261 0.9950406551361084 0.9998142719268799 0.9955947399139404 0.9944000244140625 0.9949970245361328
0.022986257448792458 0.995040774345398 0.9991976022720337 0.9962406158447266 0.9937499761581421 0.9949937462806702 0.014643948525190353 0.9966276288032532 0.9999260306358337 0.9967986941337585 0.996399998664856 0.9965993165969849
0.024549752473831177 0.9947680234909058 0.9990683197975159 0.9958903193473816 0.9935500025749207 0.9947187900543213 0.017247505486011505 0.9958341717720032 0.9999335408210754 0.9944156408309937 0.9972000122070312 0.9958058595657349
0.02116566337645054 0.9953383207321167 0.9991840720176697 0.996242880821228 0.994350016117096 0.995295524597168 0.015373868867754936 0.9964292645454407 0.99993896484375 0.9960032105445862 0.9968000054359436 0.9964014887809753
0.0221807099878788 0.9954870939254761 0.9991523623466492 0.9963434338569641 0.9945499897003174 0.9954459071159363 0.02277548797428608 0.9954373836517334 0.9997405409812927 0.9932298064231873 0.9976000189781189 0.995410144329071
0.0208854041993618 0.9951151609420776 0.9993744492530823 0.9959428906440735 0.9941999912261963 0.9950706958770752 0.014066886156797409 0.9972227811813354 0.9999406337738037 0.9979968070983887 0.996399998664856 0.9971977472305298
0.021743442863225937 0.9953631162643433 0.9992617964744568 0.996292769908905 0.994350016117096 0.9953204393386841 0.014422355219721794 0.9966276288032532 0.9997008442878723 0.9967986941337585 0.996399998664856 0.9965993165969849
0.020942136645317078 0.9953879117965698 0.9993051886558533 0.996342658996582 0.994350016117096 0.995345413684845 0.015300562605261803 0.9966276288032532 0.9995115399360657 0.9975951910018921 0.9955999851226807 0.99659663438797
0.022260146215558052 0.9948176145553589 0.9993909597396851 0.9960399270057678 0.9934999942779541 0.9947683811187744 0.01195346750319004 0.9972227811813354 0.9999565482139587 0.9972000122070312 0.9972000122070312 0.9972000122070312
0.021048827096819878 0.9956110715866089 0.999265193939209 0.9967423677444458 0.9944000244140625 0.9955698251724243 0.012443896383047104 0.9972227811813354 0.9999603629112244 0.9972000122070312 0.9972000122070312 0.9972000122070312
0.021278807893395424 0.9953383207321167 0.9993451237678528 0.9963920712471008 0.9941999912261963 0.9952948689460754 0.015610038302838802 0.9968260526657104 0.9997439384460449 0.9968000054359436 0.9968000054359436 0.9968000054359436
0.019152909517288208 0.9958838820457458 0.9994800686836243 0.9966446161270142 0.9950500130653381 0.995846688747406 0.01292374450713396 0.9968260526657104 0.9999585747718811 0.9975961446762085 0.9959999918937683 0.9967974424362183
0.019142746925354004 0.9958590865135193 0.999441385269165 0.9966444373130798 0.9950000047683716 0.9958215355873108 0.01303273718804121 0.9972227811813354 0.9997498393058777 0.9979968070983887 0.996399998664856 0.9971977472305298
0.01944841258227825 0.9961814284324646 0.9994503259658813 0.9969949126243591 0.9952999949455261 0.9961467385292053 0.014496400952339172 0.9964292645454407 0.9999685287475586 0.9956070184707642 0.9972000122070312 0.9964028596878052
0.02017948590219021 0.996156632900238 0.9992010593414307 0.9969449639320374 0.9952999949455261 0.9961218237876892 0.013605711050331593 0.9968260526657104 0.9999527931213379 0.9968000054359436 0.9968000054359436 0.9968000054359436
0.017971893772482872 0.9962310194969177 0.9995584487915039 0.9969454407691956 0.9954500198364258 0.9961971640586853 0.01320666167885065 0.9960325360298157 0.9997396469116211 0.9963971376419067 0.9955999851226807 0.9959983825683594
0.01812209002673626 0.9964045882225037 0.9994637966156006 0.9971455931663513 0.9955999851226807 0.9963721632957458 0.012101615779101849 0.9972227811813354 0.9997671842575073 0.996802568435669 0.9976000189781189 0.997201144695282
0.019166624173521996 0.9958342909812927 0.9994198083877563 0.9967437982559204 0.9948499798774719 0.9957959651947021 0.01677175797522068 0.9962309002876282 0.9999632239341736 0.9940263032913208 0.9983999729156494 0.9962083101272583
0.01727312244474888 0.9964045882225037 0.9994785189628601 0.9969465136528015 0.9958000183105469 0.9963728785514832 0.011631807312369347 0.9976195096969604 0.9999755620956421 0.9987971186637878 0.996399998664856 0.9975971579551697
0.01738690584897995 0.996156632900238 0.9996127486228943 0.9971441626548767 0.9951000213623047 0.9961210489273071 0.018241381272673607 0.9964292645454407 0.9997408986091614 0.9952114820480347 0.9976000189781189 0.9964043498039246
0.017330072820186615 0.9965781569480896 0.9995733499526978 0.9970967769622803 0.9959999918937683 0.996548056602478 0.012903735041618347 0.9972227811813354 0.9999367594718933 0.9979968070983887 0.996399998664856 0.9971977472305298
0.01707480102777481 0.9966029524803162 0.9994456768035889 0.9973458647727966 0.9958000183105469 0.9965723156929016 0.011368299834430218 0.997421145439148 0.9999654293060303 0.9979975819587708 0.9968000054359436 0.9973984360694885
0.01646929606795311 0.9968509078025818 0.9995238780975342 0.9976460933685303 0.9959999918937683 0.9968223571777344 0.010719278827309608 0.997421145439148 0.9999723434448242 0.9975990653038025 0.9972000122070312 0.9973995089530945
0.015643667429685593 0.9969748854637146 0.9996429085731506 0.997646689414978 0.9962499737739563 0.9969478249549866 0.014505406841635704 0.9962309002876282 0.9999662637710571 0.9960016012191772 0.996399998664856 0.9962007403373718
0.01790735311806202 0.9963054060935974 0.9995183348655701 0.9968463778495789 0.9957000017166138 0.9962729215621948 0.012807470746338367 0.997024416923523 0.9999646544456482 0.9960079789161682 0.9980000257492065 0.9970029592514038
0.014986391179263592 0.9971732497215271 0.9996287822723389 0.9976476430892944 0.996649980545044 0.9971485733985901 0.013025683350861073 0.997817873954773 0.9997209906578064 0.9976009726524353 0.9980000257492065 0.9978004693984985
0.016156798228621483 0.9968757033348083 0.9995692372322083 0.9975465536117554 0.996150016784668 0.9968477487564087 0.012567352503538132 0.9968260526657104 0.9999687075614929 0.9971977472305298 0.996399998664856 0.9967986941337585
0.015352713875472546 0.9970988631248474 0.9995501041412354 0.9976472854614258 0.9965000152587891 0.9970732927322388 0.01508287526667118 0.997024416923523 0.9999713897705078 0.9968012571334839 0.9972000122070312 0.9970005750656128
0.01493855006992817 0.9970244765281677 0.9996340870857239 0.9977466464042664 0.9962499737739563 0.9969977736473083 0.011972280219197273 0.9976195096969604 0.9999635219573975 0.9987971186637878 0.996399998664856 0.9975971579551697
0.014226864092051983 0.9974212050437927 0.9996562004089355 0.9982470273971558 0.9965500235557556 0.997397780418396 0.011170739307999611 0.9976195096969604 0.9999724626541138 0.9979984164237976 0.9972000122070312 0.9975990056991577
0.013819771818816662 0.9974212050437927 0.999659538269043 0.9980973601341248 0.9966999888420105 0.9973981380462646 0.0132529865950346 0.9964292645454407 0.9997655153274536 0.9944223165512085 0.9983999729156494 0.9964072108268738
0.0159816462546587 0.9965781569480896 0.9995867609977722 0.997594952583313 0.9955000281333923 0.9965464472770691 0.013844349421560764 0.997421145439148 0.9992937445640564 0.9975990653038025 0.9972000122070312 0.9973995089530945
0.01553251314908266 0.9969996809959412 0.9995951652526855 0.9976468086242676 0.9962999820709229 0.996972918510437 0.012043684720993042 0.9980162382125854 0.9995701313018799 0.9987980723381042 0.9972000122070312 0.9979983568191528
0.01333756372332573 0.997520387172699 0.9995974898338318 0.9982473850250244 0.996749997138977 0.9974981546401978 0.016012029722332954 0.9966276288032532 0.9999704360961914 0.9948186278343201 0.9983999729156494 0.9966060519218445
0.012545289471745491 0.9977683424949646 0.9996236562728882 0.9982981085777283 0.9972000122070312 0.9977487325668335 0.013373290188610554 0.9966276288032532 0.9997788071632385 0.9956088066101074 0.9976000189781189 0.9966034293174744
0.015760328620672226 0.9969252943992615 0.9995747804641724 0.9977960586547852 0.9959999918937683 0.9968972206115723 0.01606263779103756 0.997024416923523 0.9993493556976318 0.9956122636795044 0.9983999729156494 0.9970042109489441
0.013448970392346382 0.9978179335594177 0.999688446521759 0.9982483983039856 0.9973499774932861 0.9977990388870239 0.01308494620025158 0.9964292645454407 0.9999628067016602 0.996399998664856 0.996399998664856 0.996399998664856
0.012556334026157856 0.9975699782371521 0.9997038245201111 0.9980480670928955 0.9970499873161316 0.9975487589836121 0.011707661673426628 0.9972227811813354 0.9995757937431335 0.9979968070983887 0.996399998664856 0.9971977472305298
0.014016123488545418 0.9974707961082458 0.9995918869972229 0.9982970952987671 0.9965999722480774 0.9974477887153625 0.012187497690320015 0.997421145439148 0.9999594688415527 0.9968038201332092 0.9980000257492065 0.9974015355110168
0.014987987466156483 0.997123658657074 0.9994577765464783 0.9977470636367798 0.9964500069618225 0.9970980882644653 0.013653645291924477 0.9972227811813354 0.9999464750289917 0.9964057803153992 0.9980000257492065 0.9972023367881775
0.019497821107506752 0.9957846999168396 0.9993607997894287 0.9970921277999878 0.9944000244140625 0.9957442283630371 0.012670844793319702 0.9964292645454407 0.9999751448631287 0.996399998664856 0.996399998664856 0.996399998664856
0.01385275088250637 0.9974955916404724 0.9995922446250916 0.9981474876403809 0.9968000054359436 0.9974732995033264 0.011845158413052559 0.997421145439148 0.999580442905426 0.997201144695282 0.9976000189781189 0.9974005818367004
0.013511905446648598 0.997520387172699 0.9996222853660583 0.997948169708252 0.9970499873161316 0.9974988698959351 0.01420554332435131 0.997024416923523 0.9995856881141663 0.9964042901992798 0.9976000189781189 0.9970018267631531
0.012652017176151276 0.9979667067527771 0.9996534585952759 0.9985981583595276 0.9973000288009644 0.9979486465454102 0.013279720209538937 0.9966276288032532 0.999775767326355 0.9964014291763306 0.9968000054359436 0.9966006278991699
0.013920534402132034 0.9976691603660583 0.999644935131073 0.9980983138084412 0.9972000122070312 0.9976488947868347 0.011901384219527245 0.9972227811813354 0.9999647736549377 0.9975980520248413 0.9968000054359436 0.9971988201141357
0.012912771664559841 0.9978675246238708 0.9997470378875732 0.9985479712486267 0.9971500039100647 0.9978484511375427 0.011075102724134922 0.997421145439148 0.9999820590019226 0.997201144695282 0.9976000189781189 0.9974005818367004
0.012242267839610577 0.9979667067527771 0.9996128678321838 0.9983985424041748 0.9975000023841858 0.9979490637779236 0.01119688618928194 0.9968260526657104 0.9999825358390808 0.9956105351448059 0.9980000257492065 0.9968038201332092
0.010695724748075008 0.998140275478363 0.999772310256958 0.9987484216690063 0.9975000023841858 0.9981237649917603 0.013326254673302174 0.997421145439148 0.9995880126953125 0.9956157803535461 0.9991999864578247 0.9974046349525452
0.01204725168645382 0.9981154799461365 0.9996922612190247 0.9986984133720398 0.9975000023841858 0.9980988502502441 0.013584711588919163 0.9968260526657104 0.999962329864502 0.9968000054359436 0.9968000054359436 0.9968000054359436
0.013904739171266556 0.9977187514305115 0.9996475577354431 0.9983977675437927 0.996999979019165 0.9976983666419983 0.010445070452988148 0.9976195096969604 0.9999817609786987 0.9979984164237976 0.9972000122070312 0.9975990056991577
0.01214333064854145 0.9980906844139099 0.9997339248657227 0.9984488487243652 0.9976999759674072 0.9980742931365967 0.011164769530296326 0.997024416923523 0.9999840259552002 0.9956122636795044 0.9983999729156494 0.9970042109489441
0.011570636183023453 0.997917115688324 0.9997894763946533 0.9985480904579163 0.9972500205039978 0.9978986382484436 0.010368751361966133 0.997421145439148 0.9999854564666748 0.9979975819587708 0.9968000054359436 0.9973984360694885
0.013657786883413792 0.9975451827049255 0.9995861053466797 0.9981975555419922 0.9968500137329102 0.997523307800293 0.013195625506341457 0.997024416923523 0.9993716478347778 0.9968012571334839 0.9972000122070312 0.9970005750656128
0.013114185072481632 0.9974955916404724 0.9996189475059509 0.9985968470573425 0.9963499903678894 0.9974721670150757 0.011643371544778347 0.9968260526657104 0.9999790787696838 0.9983948469161987 0.995199978351593 0.9967948198318481
0.01225182507187128 0.9978923201560974 0.9996587634086609 0.998647928237915 0.9970999956130981 0.9978733658790588 0.011811782605946064 0.997024416923523 0.9999767541885376 0.9964042901992798 0.9976000189781189 0.9970018267631531
0.01158297248184681 0.9979419112205505 0.9997791051864624 0.998448371887207 0.9973999857902527 0.9979239106178284 0.0127932820469141 0.997024416923523 0.9997789263725281 0.9964042901992798 0.9976000189781189 0.9970018267631531
0.011684400029480457 0.9976691603660583 0.9997632503509521 0.9983476996421814 0.9969499707221985 0.9976483583450317 0.012301097624003887 0.9968260526657104 0.9999727010726929 0.9964028596878052 0.9972000122070312 0.9968012571334839
0.010743699036538601 0.998537003993988 0.9997227191925049 0.9990490078926086 0.9980000257492065 0.9985241889953613 0.009209690615534782 0.997421145439148 0.9999869465827942 0.9975990653038025 0.9972000122070312 0.9973995089530945
0.010503694415092468 0.9982890486717224 0.9997667074203491 0.9987987279891968 0.9977499842643738 0.9982740879058838 0.020753346383571625 0.9950406551361084 0.9989621043205261 0.9987908005714417 0.9911999702453613 0.9949809908866882
0.03408356383442879 0.992214024066925 0.9985278844833374 0.9943250417709351 0.9899500012397766 0.9921326637268066 0.015048619359731674 0.9962309002876282 0.9999422430992126 0.9960016012191772 0.996399998664856 0.9962007403373718
0.018280792981386185 0.9962558150291443 0.9994016885757446 0.9969455599784851 0.9955000281333923 0.9962223172187805 0.01981245167553425 0.9950406551361084 0.9995109438896179 0.9951980710029602 0.9947999715805054 0.9949989318847656
0.0185832642018795 0.9960822463035583 0.9994308352470398 0.9969444870948792 0.9951500296592712 0.9960464835166931 0.013612129725515842 0.9968260526657104 0.9999574422836304 0.9968000054359436 0.9968000054359436 0.9968000054359436
0.014868875965476036 0.9970244765281677 0.9997537136077881 0.9977964758872986 0.9962000250816345 0.996997594833374 0.01313700806349516 0.9972227811813354 0.9997665286064148 0.9975980520248413 0.9968000054359436 0.9971988201141357
0.015749016776680946 0.9970492720603943 0.9996294975280762 0.9976968765258789 0.9963499903678894 0.9970229268074036 0.013958491384983063 0.997024416923523 0.9997689127922058 0.9983955025672913 0.9955999851226807 0.9969958066940308
0.015678782016038895 0.9969252943992615 0.9995995163917542 0.9976963400840759 0.9961000084877014 0.9968975782394409 0.012158331461250782 0.9972227811813354 0.9999701380729675 0.9983961582183838 0.9959999918937683 0.997196614742279
0.013197865337133408 0.9976939558982849 0.9997479319572449 0.9982978701591492 0.9970499873161316 0.997673511505127 0.010664038360118866 0.997421145439148 0.999985933303833 0.997201144695282 0.9976000189781189 0.9974005818367004
0.012105012312531471 0.9980658888816833 0.9996788501739502 0.9985984563827515 0.9975000023841858 0.9980489015579224 0.010792301036417484 0.9976195096969604 0.9997878670692444 0.9972022175788879 0.9980000257492065 0.9976009130477905
0.011136459186673164 0.9980410933494568 0.9997662305831909 0.9983489513397217 0.9976999759674072 0.9980244040489197 0.011010530404746532 0.997421145439148 0.9997694492340088 0.9979975819587708 0.9968000054359436 0.9973984360694885
0.010897149331867695 0.9984626173973083 0.9997163414955139 0.998898983001709 0.9980000257492065 0.9984493255615234 0.01173260249197483 0.9976195096969604 0.9997825622558594 0.9983974099159241 0.9968000054359436 0.9975980520248413
0.010439758189022541 0.9984378218650818 0.99982088804245 0.9988490343093872 0.9980000257492065 0.9984243512153625 0.010635817423462868 0.9976195096969604 0.999983012676239 0.9976000189781189 0.9976000189781189 0.9976000189781189
0.01103112380951643 0.9979419112205505 0.9997451305389404 0.9985482096672058 0.9973000288009644 0.9979237914085388 0.011689403094351292 0.9980162382125854 0.9997843503952026 0.9980000257492065 0.9980000257492065 0.9980000257492065
0.010104486718773842 0.9985122084617615 0.9998225569725037 0.9988991022109985 0.9980999827384949 0.9984993934631348 0.009752875193953514 0.9976195096969604 0.9999852180480957 0.9976000189781189 0.9976000189781189 0.9976000189781189
0.009848020039498806 0.9984378218650818 0.9998286962509155 0.9988490343093872 0.9980000257492065 0.9984243512153625 0.010129420086741447 0.997421145439148 0.999786913394928 0.9987966418266296 0.9959999918937683 0.9973963499069214
0.00976539682596922 0.9984378218650818 0.9998040795326233 0.998948872089386 0.9979000091552734 0.9984241724014282 0.010753672569990158 0.997817873954773 0.9999715089797974 0.9972033500671387 0.9983999729156494 0.9978013038635254
0.009125452488660812 0.9986858367919922 0.9997566342353821 0.9991492033004761 0.998199999332428 0.9986743927001953 0.010580552741885185 0.997421145439148 0.9997890591621399 0.9975990653038025 0.9972000122070312 0.9973995089530945
0.008881726302206516 0.9987602233886719 0.9998330473899841 0.9991493225097656 0.9983500242233276 0.9987495541572571 0.010141025297343731 0.9980162382125854 0.9999775290489197 0.9983987212181091 0.9976000189781189 0.9979991912841797
0.011415122076869011 0.9980658888816833 0.9996457099914551 0.9984986782073975 0.9976000189781189 0.9980490803718567 0.012117062695324421 0.997817873954773 0.9993791580200195 0.999197781085968 0.996399998664856 0.997796893119812
0.011177546344697475 0.9983386397361755 0.9995899796485901 0.9988487958908081 0.9977999925613403 0.9983240962028503 0.009736718609929085 0.9982146620750427 0.999786913394928 0.9991983771324158 0.9972000122070312 0.9981982111930847
0.00966394878923893 0.9985617995262146 0.9998054504394531 0.999148964881897 0.99795001745224 0.9985491633415222 0.012052868492901325 0.997817873954773 0.9993807673454285 0.9979991912841797 0.9976000189781189 0.9977995753288269
0.010525962337851524 0.9984130263328552 0.9997212886810303 0.9990487694740295 0.9977499842643738 0.9983989596366882 0.011051555164158344 0.9984130263328552 0.9993868470191956 0.9983999729156494 0.9983999729156494 0.9983999729156494
0.01323565561324358 0.9975699782371521 0.999577522277832 0.9979483485221863 0.9971500039100647 0.9975489974021912 0.011945360340178013 0.9972227811813354 0.9995741844177246 0.9972000122070312 0.9972000122070312 0.9972000122070312
0.01148268487304449 0.9978427290916443 0.9997103214263916 0.9985479116439819 0.9970999956130981 0.9978234767913818 0.009036011062562466 0.9984130263328552 0.9999817609786987 0.9987990260124207 0.9980000257492065 0.9983993768692017
0.00990678183734417 0.9984130263328552 0.9997476935386658 0.9988489747047424 0.99795001745224 0.9983993172645569 0.010480937547981739 0.997817873954773 0.9999801516532898 0.9976009726524353 0.9980000257492065 0.9978004693984985
0.008928618393838406 0.9985122084617615 0.9998553991317749 0.9989989995956421 0.9980000257492065 0.9984992742538452 0.009226666763424873 0.9976195096969604 0.9999863505363464 0.9972022175788879 0.9980000257492065 0.9976009130477905
0.010590151883661747 0.998140275478363 0.9997466206550598 0.9985986948013306 0.9976500272750854 0.9981241226196289 0.010760094039142132 0.9980162382125854 0.9997851848602295 0.9980000257492065 0.9980000257492065 0.9980000257492065
0.009305129759013653 0.9985617995262146 0.9998033046722412 0.9989991188049316 0.9980999827384949 0.9985493421554565 0.010387013666331768 0.997817873954773 0.9997924566268921 0.9968063831329346 0.9987999796867371 0.9978021383285522
0.00965297780930996 0.9986114501953125 0.999772310256958 0.9990491271018982 0.9981499910354614 0.9985994100570679 0.009816708043217659 0.9984130263328552 0.9997826814651489 0.9987990260124207 0.9980000257492065 0.9983993768692017
0.008870091289281845 0.9986362457275391 0.9998305439949036 0.9990991353988647 0.9981499910354614 0.998624324798584 0.007734783459454775 0.9984130263328552 0.9999900460243225 0.9983999729156494 0.9983999729156494 0.9983999729156494
0.00934337917715311 0.9984626173973083 0.9998288154602051 0.9989988803863525 0.9979000091552734 0.9984491467475891 0.008005176670849323 0.9984130263328552 0.9999896287918091 0.9980015754699707 0.9987999796867371 0.9984005689620972
0.008328551426529884 0.9985866546630859 0.9998350143432617 0.9991490244865417 0.9980000257492065 0.9985742568969727 0.008015400730073452 0.9986113905906677 0.999795138835907 0.9984006285667419 0.9987999796867371 0.9986002445220947
0.008410499431192875 0.9986114501953125 0.9999311566352844 0.9988993406295776 0.9983000159263611 0.9985995888710022 0.009260906837880611 0.9980162382125854 0.9997941851615906 0.9968076348304749 0.9991999864578247 0.9980023503303528
0.009275157935917377 0.9986114501953125 0.9997525215148926 0.9990491271018982 0.9981499910354614 0.9985994100570679 0.009320945478975773 0.9984130263328552 0.9997869729995728 0.9980015754699707 0.9987999796867371 0.9984005689620972
0.010019209235906601 0.9983634352684021 0.9996986389160156 0.9988488554954529 0.9978500008583069 0.9983491897583008 0.00786561332643032 0.9986113905906677 0.9999935030937195 0.9987995028495789 0.9983999729156494 0.998599648475647
0.010246137157082558 0.9982890486717224 0.9998463988304138 0.9987488389015198 0.9977999925613403 0.9982741475105286 0.009987586177885532 0.9984130263328552 0.999785304069519 0.9987990260124207 0.9980000257492065 0.9983993768692017
0.008430643007159233 0.9985866546630859 0.9998571276664734 0.9990490674972534 0.9980999827384949 0.9985743165016174 0.009297257289290428 0.9990081191062927 0.9997888803482056 0.9991996884346008 0.9987999796867371 0.9989997744560242
0.010823938995599747 0.9981650710105896 0.9996705055236816 0.9986985921859741 0.9976000189781189 0.998149037361145 0.009433327242732048 0.9984130263328552 0.9997853636741638 0.9983999729156494 0.9983999729156494 0.9983999729156494
0.009779894724488258 0.9985122084617615 0.9996506571769714 0.9989989995956421 0.9980000257492065 0.9984992742538452 0.008060719817876816 0.9986113905906677 0.9997960925102234 0.9980024099349976 0.9991999864578247 0.9986008405685425
0.008343657478690147 0.9987354278564453 0.999832808971405 0.9991992115974426 0.9982500076293945 0.9987244606018066 0.010168323293328285 0.9976195096969604 0.9997872710227966 0.9979984164237976 0.9972000122070312 0.9975990056991577
0.008662250824272633 0.9984626173973083 0.9997808337211609 0.9987991452217102 0.9980999827384949 0.998449444770813 0.008554735220968723 0.9984130263328552 0.9997930526733398 0.9983999729156494 0.9983999729156494 0.9983999729156494
0.009513272903859615 0.9983882308006287 0.9998031854629517 0.9987490773200989 0.9980000257492065 0.9983744025230408 0.010033784434199333 0.9976195096969604 0.9997871518135071 0.9972022175788879 0.9980000257492065 0.9976009130477905
0.00875493697822094 0.9986858367919922 0.999809741973877 0.9990992546081543 0.9982500076293945 0.9986744523048401 0.010495126247406006 0.997817873954773 0.99979168176651 0.998797595500946 0.9968000054359436 0.9977978467941284
0.00903446227312088 0.9987354278564453 0.9998481273651123 0.9990993142127991 0.9983500242233276 0.9987245202064514 0.008717428892850876 0.997817873954773 0.9999872446060181 0.9979991912841797 0.9976000189781189 0.9977995753288269
0.010522380471229553 0.998313844203949 0.9997039437294006 0.9985991716384888 0.9980000257492065 0.9982994794845581 0.010638251900672913 0.997421145439148 0.999981701374054 0.9987966418266296 0.9959999918937683 0.9973963499069214
0.010352862067520618 0.9980658888816833 0.9997703433036804 0.9983989000320435 0.9976999759674072 0.9980493187904358 0.010831868276000023 0.9982146620750427 0.9995782971382141 0.9983993768692017 0.9980000257492065 0.9981997013092041
0.0088608767837286 0.9986858367919922 0.9997820854187012 0.9991492033004761 0.998199999332428 0.9986743927001953 0.008321425877511501 0.9986113905906677 0.9997901320457458 0.9991990327835083 0.9980000257492065 0.9985991716384888
0.011786053888499737 0.9976443648338318 0.9996638298034668 0.9981480836868286 0.9970999956130981 0.9976237416267395 0.010187648236751556 0.9980162382125854 0.9997930526733398 0.9976019263267517 0.9983999729156494 0.9980007410049438
0.008819837123155594 0.9987354278564453 0.9998093843460083 0.9990993142127991 0.9983500242233276 0.9987245202064514 0.009189430624246597 0.9984130263328552 0.9997955560684204 0.9980015754699707 0.9987999796867371 0.9984005689620972
0.008862155489623547 0.9987354278564453 0.999809980392456 0.9990993142127991 0.9983500242233276 0.9987245202064514 0.008037573657929897 0.9982146620750427 0.9999920129776001 0.9980008006095886 0.9983999729156494 0.9982003569602966
0.010065650567412376 0.9982642531394958 0.9997248649597168 0.998798668384552 0.9976999759674072 0.9982490539550781 0.010320094414055347 0.9982146620750427 0.9997925162315369 0.9980008006095886 0.9983999729156494 0.9982003569602966
0.009770858101546764 0.9983634352684021 0.999751091003418 0.9989487528800964 0.9977499842643738 0.9983490109443665 0.00888871494680643 0.9982146620750427 0.9997929930686951 0.9980008006095886 0.9983999729156494 0.9982003569602966
0.009258286096155643 0.9984378218650818 0.9998291730880737 0.9987491965293884 0.9980999827384949 0.9984244704246521 0.009180613793432713 0.9986113905906677 0.999790370464325 0.9987995028495789 0.9983999729156494 0.998599648475647
0.008279157802462578 0.9987602233886719 0.9999096989631653 0.9990993738174438 0.9983999729156494 0.9987495541572571 0.007720279041677713 0.9988097548484802 0.9997984170913696 0.9987999796867371 0.9987999796867371 0.9987999796867371
0.008704425767064095 0.998537003993988 0.9998562335968018 0.9989990592002869 0.9980499744415283 0.9985242486000061 0.009836378507316113 0.9980162382125854 0.9997931122779846 0.9980000257492065 0.9980000257492065 0.9980000257492065
0.008746659383177757 0.9986114501953125 0.9997819066047668 0.99909907579422 0.9980999827384949 0.9985992908477783 0.007701296359300613 0.9984130263328552 0.999992311000824 0.9980015754699707 0.9987999796867371 0.9984005689620972
0.008666296489536762 0.9986858367919922 0.9998063445091248 0.9990493059158325 0.9983000159263611 0.9986745715141296 0.00942267570644617 0.9986113905906677 0.9997925758361816 0.9984006285667419 0.9987999796867371 0.9986002445220947
0.0075816623866558075 0.9990577697753906 0.999840259552002 0.9994995594024658 0.9986000061035156 0.9990496039390564 0.008060164749622345 0.9992064833641052 0.9999967217445374 0.9984025359153748 1.0 0.9992005825042725
0.007854713127017021 0.9988346099853516 0.9998880624771118 0.9991494417190552 0.9984999895095825 0.9988245964050293 0.007505051791667938 0.9986113905906677 0.9997994899749756 0.9980024099349976 0.9991999864578247 0.9986008405685425
0.00764821469783783 0.9988346099853516 0.9998384714126587 0.9992493391036987 0.9983999729156494 0.9988244771957397 0.008193854242563248 0.9988097548484802 0.9995994567871094 0.9984012842178345 0.9991999864578247 0.9988004565238953
0.008042496629059315 0.9986362457275391 0.9999086260795593 0.9989992380142212 0.9982500076293945 0.9986244440078735 0.009098714217543602 0.9982146620750427 0.9999837279319763 0.9987985491752625 0.9976000189781189 0.998198926448822
0.007715765852481127 0.998809814453125 0.9998420476913452 0.9992493391036987 0.9983500242233276 0.9987995028495789 0.008687928318977356 0.9986113905906677 0.9999842047691345 0.9987995028495789 0.9983999729156494 0.998599648475647
0.007710744626820087 0.9987850189208984 0.999886155128479 0.9991993308067322 0.9983500242233276 0.998774528503418 0.007152969017624855 0.9984130263328552 0.9999930262565613 0.9983999729156494 0.9983999729156494 0.9983999729156494
0.007957703433930874 0.9989337921142578 0.9998335838317871 0.9992495179176331 0.9986000061035156 0.998924732208252 0.008287312462925911 0.9984130263328552 0.9997954368591309 0.9983999729156494 0.9983999729156494 0.9983999729156494
0.008220436051487923 0.9987106323242188 0.9999104142189026 0.9989994168281555 0.9983999729156494 0.9986996650695801 0.010816951282322407 0.9976195096969604 0.9997904300689697 0.9995983839035034 0.9955999851226807 0.9975951910018921
0.009483085945248604 0.9983634352684021 0.9997497797012329 0.99904865026474 0.9976500272750854 0.9983488917350769 0.011114269495010376 0.997817873954773 0.9995867609977722 0.9972033500671387 0.9983999729156494 0.9978013038635254
0.009034259244799614 0.9984130263328552 0.9997795224189758 0.9987990260124207 0.9980000257492065 0.9983993768692017 0.012488415464758873 0.9972227811813354 0.9997777342796326 0.9964057803153992 0.9980000257492065 0.9972023367881775
0.009437222965061665 0.9985617995262146 0.9997987747192383 0.9990990161895752 0.9980000257492065 0.998549222946167 0.008184891194105148 0.9986113905906677 0.9997961521148682 0.9987995028495789 0.9983999729156494 0.998599648475647
0.006804367993026972 0.9990081787109375 0.9999164342880249 0.9992995858192444 0.9987000226974487 0.9989996552467346 0.008499030023813248 0.9986113905906677 0.9997960329055786 0.9984006285667419 0.9987999796867371 0.9986002445220947
0.009199266321957111 0.9983386397361755 0.9998040199279785 0.9987489581108093 0.9979000091552734 0.9983242750167847 0.008318878710269928 0.997817873954773 0.9997943639755249 0.9968063831329346 0.9987999796867371 0.9978021383285522
0.008046327158808708 0.9985122084617615 0.9999101758003235 0.9989989995956421 0.9980000257492065 0.9984992742538452 0.009782540611922741 0.997817873954773 0.9999858736991882 0.9968063831329346 0.9987999796867371 0.9978021383285522
0.007053523324429989 0.9990329742431641 0.9998401403427124 0.9993495941162109 0.9987000226974487 0.9990246891975403 0.0076493448577821255 0.9980162382125854 0.9997978210449219 0.9976019263267517 0.9983999729156494 0.9980007410049438
0.008473535999655724 0.9986362457275391 0.9998604655265808 0.9989992380142212 0.9982500076293945 0.9986244440078735 0.008448490872979164 0.997817873954773 0.9997950196266174 0.9972033500671387 0.9983999729156494 0.9978013038635254
0.008374885655939579 0.9986114501953125 0.9997861385345459 0.9989991784095764 0.998199999332428 0.9985994100570679 0.007338293362408876 0.9986113905906677 0.9999924898147583 0.9980024099349976 0.9991999864578247 0.9986008405685425
0.007032762747257948 0.9989089965820312 0.9999163150787354 0.9993994235992432 0.9983999729156494 0.9988994598388672 0.013933847658336163 0.997817873954773 0.9993916153907776 0.9979991912841797 0.9976000189781189 0.9977995753288269
0.008720524609088898 0.9985122084617615 0.9998066425323486 0.9990988969802856 0.9979000091552734 0.9984990954399109 0.008867972530424595 0.9980162382125854 0.9999845623970032 0.9983987212181091 0.9976000189781189 0.9979991912841797
0.007526871748268604 0.9990329742431641 0.9997618198394775 0.9993495941162109 0.9987000226974487 0.9990246891975403 0.008339153602719307 0.9984130263328552 0.9997960925102234 0.9980015754699707 0.9987999796867371 0.9984005689620972
0.00783785991370678 0.9988346099853516 0.9998354315757751 0.999199390411377 0.998449981212616 0.9988245368003845 0.006880057509988546 0.9988097548484802 0.9997979402542114 0.9987999796867371 0.9987999796867371 0.9987999796867371
0.007479645311832428 0.9988842010498047 0.9998390674591064 0.9992494583129883 0.9984999895095825 0.9988746047019958 0.009365745820105076 0.9986113905906677 0.9993951320648193 0.9987995028495789 0.9983999729156494 0.998599648475647
0.009421451948583126 0.9986114501953125 0.9996567964553833 0.9991490840911865 0.9980499744415283 0.9985992312431335 0.00854597520083189 0.9988097548484802 0.9997923374176025 0.9995993375778198 0.9980000257492065 0.9987990260124207
0.0070837438106536865 0.9989337921142578 0.999914824962616 0.9993994235992432 0.998449981212616 0.9989244937896729 0.007877225056290627 0.9984130263328552 0.9997974634170532 0.9980015754699707 0.9987999796867371 0.9984005689620972
0.006830586586147547 0.9989337921142578 0.9998663067817688 0.9991496205329895 0.9987000226974487 0.9989247918128967 0.010507375933229923 0.9976195096969604 0.9995914697647095 1.0 0.995199978351593 0.9975942373275757
0.008547406643629074 0.9985866546630859 0.9997584819793701 0.9991490244865417 0.9980000257492065 0.9985742568969727 0.008978945203125477 0.9980162382125854 0.9997950196266174 0.9976019263267517 0.9983999729156494 0.9980007410049438
0.00803971104323864 0.998809814453125 0.9997884631156921 0.9991493821144104 0.998449981212616 0.9987995624542236 0.011388242244720459 0.997024416923523 0.9999898076057434 0.9995979070663452 0.9944000244140625 0.9969922304153442
0.008842342533171177 0.9984874129295349 0.9997521638870239 0.9989489912986755 0.9980000257492065 0.9984742999076843 0.00924120843410492 0.997817873954773 0.9997915625572205 0.9968063831329346 0.9987999796867371 0.9978021383285522
0.008072157390415668 0.9986362457275391 0.9998096227645874 0.9988994002342224 0.9983500242233276 0.9986246228218079 0.006128216162323952 0.9992064833641052 0.9999954104423523 0.9995996952056885 0.9987999796867371 0.999199628829956
0.00800761952996254 0.9986858367919922 0.9998314380645752 0.9991492033004761 0.998199999332428 0.9986743927001953 0.007006288040429354 0.9990081191062927 0.9998000264167786 0.9991996884346008 0.9987999796867371 0.9989997744560242
0.007555107120424509 0.9988842010498047 0.9998858571052551 0.9991495609283447 0.9986000061035156 0.9988747239112854 0.008025075308978558 0.9988097548484802 0.9997978210449219 0.9984012842178345 0.9991999864578247 0.9988004565238953
0.009140800684690475 0.9983634352684021 0.9997560381889343 0.9988488554954529 0.9978500008583069 0.9983491897583008 0.008188659325242043 0.9986113905906677 0.9997950196266174 0.9987995028495789 0.9983999729156494 0.998599648475647
0.007429496850818396 0.9989585876464844 0.9998877048492432 0.9992495775222778 0.9986500144004822 0.9989497065544128 0.011264544911682606 0.997421145439148 0.9995807409286499 0.9991971254348755 0.9955999851226807 0.9973952770233154
0.0077387671917676926 0.9986362457275391 0.9998583197593689 0.9991990923881531 0.9980499744415283 0.9986241459846497 0.009284736588597298 0.9982146620750427 0.9997965097427368 0.9983993768692017 0.9980000257492065 0.9981997013092041
0.011654192581772804 0.9976939558982849 0.9996881484985352 0.9983477592468262 0.996999979019165 0.9976733922958374 0.009453576058149338 0.997817873954773 0.9999853372573853 0.9979991912841797 0.9976000189781189 0.9977995753288269
0.008463915437459946 0.9987850189208984 0.9997345805168152 0.9990994334220886 0.998449981212616 0.9987745881080627 0.00762056652456522 0.9986113905906677 0.9997992515563965 0.9980024099349976 0.9991999864578247 0.9986008405685425
0.008870307356119156 0.9984130263328552 0.9998329877853394 0.9986992478370667 0.9980999827384949 0.9983994960784912 0.007164429873228073 0.9986113905906677 0.9999937415122986 0.9995992183685303 0.9976000189781189 0.998598575592041
0.006519651506096125 0.9990577697753906 0.9999173283576965 0.9994495511054993 0.9986500144004822 0.9990496039390564 0.0075908685103058815 0.9988097548484802 0.9997965097427368 0.9984012842178345 0.9991999864578247 0.9988004565238953
0.006610483396798372 0.9991073608398438 0.999890923500061 0.999449610710144 0.9987499713897705 0.9990996718406677 0.0070267245173454285 0.9988097548484802 0.9999933838844299 0.9984012842178345 0.9991999864578247 0.9988004565238953
0.007566052954643965 0.9989089965820312 0.9999095797538757 0.9994493722915649 0.9983500242233276 0.9988994002342224 0.00868953950703144 0.9982146620750427 0.9997992515563965 0.9976028800010681 0.9987999796867371 0.9982010722160339
0.008864312432706356 0.9985617995262146 0.9997829794883728 0.9990490674972534 0.9980499744415283 0.9985492825508118 0.010555252432823181 0.9982146620750427 0.9996011257171631 0.9964129328727722 1.0 0.9982032179832458
0.007915740832686424 0.9986114501953125 0.999860942363739 0.9989991784095764 0.998199999332428 0.9985994100570679 0.009185412898659706 0.9986113905906677 0.9996004104614258 0.9984006285667419 0.9987999796867371 0.9986002445220947
0.007757506333291531 0.9989089965820312 0.9997888803482056 0.9993994235992432 0.9983999729156494 0.9988994598388672 0.008965687826275826 0.9982146620750427 0.9997924566268921 0.9976028800010681 0.9987999796867371 0.9982010722160339
0.008510908111929893 0.9983882308006287 0.9998310804367065 0.9984996318817139 0.9982500076293945 0.9983748197555542 0.00839980412274599 0.9980162382125854 0.9999889135360718 0.9995987415313721 0.996399998664856 0.9979968070983887
0.008242551237344742 0.9985866546630859 0.9998612999916077 0.9989492297172546 0.998199999332428 0.9985744953155518 0.006330104544758797 0.9988097548484802 0.9999953508377075 0.9987999796867371 0.9987999796867371 0.9987999796867371
0.007061008829623461 0.9988594055175781 0.999889612197876 0.9991994500160217 0.9984999895095825 0.9988495707511902 0.006852953229099512 0.9984130263328552 0.999994158744812 0.9991987347602844 0.9976000189781189 0.9983987212181091
0.007234128657728434 0.9989833831787109 0.9998131990432739 0.9993495345115662 0.9986000061035156 0.9989745616912842 0.00771703664213419 0.9982146620750427 0.9997974038124084 0.9972056150436401 0.9991999864578247 0.998201847076416
0.006133586168289185 0.9990329742431641 0.9999191761016846 0.999499499797821 0.9985499978065491 0.999024510383606 0.00678079342469573 0.9988097548484802 0.999993085861206 0.9995993375778198 0.9980000257492065 0.9987990260124207
0.00668917503207922 0.9991073608398438 0.9998412132263184 0.999449610710144 0.9987499713897705 0.9990996718406677 0.007668384350836277 0.9986113905906677 0.9999898076057434 0.9995992183685303 0.9976000189781189 0.998598575592041
0.007884209044277668 0.9985866546630859 0.9998610019683838 0.9989492297172546 0.998199999332428 0.9985744953155518 0.008571588434278965 0.9984130263328552 0.9997969269752502 0.9983999729156494 0.9983999729156494 0.9983999729156494
0.00808218214660883 0.9987602233886719 0.9997828602790833 0.9992492198944092 0.9982500076293945 0.9987493753433228 0.007446163333952427 0.9986113905906677 0.9997977614402771 0.9984006285667419 0.9987999796867371 0.9986002445220947
0.006917796563357115 0.9990081787109375 0.9998409748077393 0.9991996884346008 0.9987999796867371 0.9989997744560242 0.008191242814064026 0.9984130263328552 0.9997949600219727 0.9980015754699707 0.9987999796867371 0.9984005689620972
