loss_s0121 accuracy_s0121 val_auc_s0121 precision_s0121 recall_s0121 f1_score_s0121 val_loss_s0121 val_accuracy_s0121 val_val_auc_s0121 val_precision_s0121 val_recall_s0121 val_f1_score_s0121
0.1393427848815918 0.9545702934265137 0.9876466989517212 0.9510475397109985 0.9577999711036682 0.9544117450714111 0.06405120342969894 0.9841112494468689 0.9975355267524719 0.9910714030265808 0.9768000245094299 0.9838839173316956
0.06408943980932236 0.9811081886291504 0.9963043332099915 0.9821562767028809 0.9797499775886536 0.9809516668319702 0.05162404850125313 0.9894737005233765 0.9984506368637085 0.9834057688713074 0.9955999851226807 0.9894652962684631
0.04982566833496094 0.9861476421356201 0.9975358843803406 0.9868776798248291 0.9851999878883362 0.9860381484031677 0.03220262750983238 0.9920555949211121 0.9989490509033203 0.9955680966377258 0.9883999824523926 0.9919711351394653
0.0427870899438858 0.9878109097480774 0.998088538646698 0.9892662167549133 0.9861500263214111 0.9877057075500488 0.034923624247312546 0.991062581539154 0.9988344311714172 0.9971648454666138 0.9847999811172485 0.9909438490867615
0.03786836564540863 0.9897720813751221 0.9982534646987915 0.9912227988243103 0.9881500005722046 0.9896840453147888 0.026488441973924637 0.993445873260498 0.9992702007293701 0.9916301369667053 0.995199978351593 0.9934118390083313
0.03210839629173279 0.991485059261322 0.9986578822135925 0.9930768013000488 0.9897500276565552 0.9914106726646423 0.024088909849524498 0.9936444759368896 0.9993835091590881 0.9912420511245728 0.9959999918937683 0.9936153888702393
0.03022090531885624 0.9919815063476562 0.9987984895706177 0.9927873611450195 0.9910500049591064 0.9919179081916809 0.022584667429327965 0.99622642993927 0.9995193481445312 0.9991951584815979 0.9932000041007996 0.9961885809898376
0.025186216458678246 0.9934213757514954 0.9991069436073303 0.9941409230232239 0.9926000237464905 0.9933698773384094 0.01973734237253666 0.9952333569526672 0.9995125532150269 0.9963913559913635 0.9940000176429749 0.9951942563056946
0.023469233885407448 0.9938682317733765 0.9993696212768555 0.9945420622825623 0.9930999875068665 0.9938204884529114 0.019486699253320694 0.9960278272628784 0.9996765851974487 0.9987932443618774 0.9932000041007996 0.9959888458251953
0.022755520418286324 0.9938682317733765 0.9992338418960571 0.9946411848068237 0.9929999709129333 0.9938198924064636 0.018079783767461777 0.9958292245864868 0.9995115399360657 0.9959983825683594 0.9955999851226807 0.9957991242408752
0.02298215962946415 0.993893027305603 0.9992823600769043 0.9948892593383789 0.9927999973297119 0.9938434958457947 0.021493058651685715 0.9960278272628784 0.9995893836021423 0.9948124289512634 0.9972000122070312 0.9960047602653503
0.021693404763936996 0.9944143891334534 0.9992817640304565 0.9952912926673889 0.9934499859809875 0.9943697452545166 0.0172567181289196 0.9966236352920532 0.9995632767677307 0.9995976090431213 0.9936000108718872 0.996589720249176
0.018596110865473747 0.995109498500824 0.9995390176773071 0.9956449866294861 0.9944999814033508 0.9950721859931946 0.01772972010076046 0.9966236352920532 0.9995439052581787 0.9948186278343201 0.9983999729156494 0.9966060519218445
0.018597742542624474 0.9954321980476379 0.9994391202926636 0.9961938858032227 0.9945999979972839 0.9953962564468384 0.019618339836597443 0.9956305623054504 0.9997168779373169 0.9948083162307739 0.996399998664856 0.9956035614013672
0.019554782658815384 0.995109498500824 0.9995561242103577 0.9961417317390442 0.9940000176429749 0.995069682598114 0.01903240941464901 0.9970208406448364 0.9996809363365173 0.9987956881523132 0.995199978351593 0.9969946146011353
0.019315235316753387 0.9951342940330505 0.9994507431983948 0.9956948161125183 0.9944999814033508 0.9950970411300659 0.015201465226709843 0.997616708278656 0.9995685815811157 0.9976000189781189 0.9976000189781189 0.9976000189781189
0.017292587086558342 0.9960031509399414 0.9994691014289856 0.9968942403793335 0.9950500130653381 0.9959712624549866 0.01651640050113201 0.9970208406448364 0.9997504949569702 0.9964042901992798 0.9976000189781189 0.9970018267631531
0.01857777126133442 0.9956556558609009 0.9994425177574158 0.9962453246116638 0.9950000047683716 0.9956223368644714 0.013539613224565983 0.9984111189842224 0.9997727870941162 0.9983999729156494 0.9983999729156494 0.9983999729156494
0.016145601868629456 0.9959287047386169 0.9996165633201599 0.9966946840286255 0.9951000213623047 0.9958967566490173 0.016211416572332382 0.9978153109550476 0.999580442905426 0.9972033500671387 0.9983999729156494 0.9978013038635254
0.017791742458939552 0.9957549571990967 0.9994189143180847 0.9964945912361145 0.994949996471405 0.995721697807312 0.015319089405238628 0.9980139136314392 0.9997668266296387 0.9976019263267517 0.9983999729156494 0.9980007410049438
0.018296979367733 0.995879054069519 0.9994088411331177 0.9965949058532715 0.9951000213623047 0.9958469271659851 0.01510379184037447 0.9974180459976196 0.9997683167457581 0.9987966418266296 0.9959999918937683 0.9973963499069214
0.01625508815050125 0.996425211429596 0.9995981454849243 0.997344970703125 0.9954500198364258 0.9963966012001038 0.014242223463952541 0.9982125163078308 0.9997875094413757 0.9987985491752625 0.9976000189781189 0.998198926448822
0.015565293841063976 0.9966734647750854 0.9995560050010681 0.997545599937439 0.9957500100135803 0.9966469407081604 0.01459622010588646 0.9974180459976196 0.9995774030685425 0.9979975819587708 0.9968000054359436 0.9973984360694885
0.016948504373431206 0.9961521029472351 0.9994636178016663 0.9971939921379089 0.9950500130653381 0.9961208701133728 0.014195471070706844 0.997616708278656 0.9997725486755371 0.9976000189781189 0.9976000189781189 0.9976000189781189
0.016651500016450882 0.9963010549545288 0.9995218515396118 0.9969956278800964 0.9955499768257141 0.9962722659111023 0.016685694456100464 0.9964250326156616 0.9997471570968628 0.9979935884475708 0.9947999715805054 0.9963942170143127
0.01522444561123848 0.9964996576309204 0.9996411204338074 0.9971461296081543 0.9958000183105469 0.9964725971221924 0.012809277512133121 0.9982125163078308 0.9997878074645996 0.9987985491752625 0.9976000189781189 0.998198926448822
0.014112919569015503 0.9966734647750854 0.9996811747550964 0.9971969127655029 0.9961000084877014 0.9966481924057007 0.014158532954752445 0.998609721660614 0.9997795224189758 0.9991990327835083 0.9980000257492065 0.9985991716384888
0.014695384539663792 0.9970210194587708 0.9996437430381775 0.9976469278335571 0.9963499903678894 0.9969980716705322 0.012801585718989372 0.998609721660614 0.9997804164886475 0.9987995028495789 0.9983999729156494 0.998599648475647
0.01450185477733612 0.996921718120575 0.9995826482772827 0.9974471926689148 0.9963499903678894 0.9968982934951782 0.013814643956720829 0.9978153109550476 0.9997740983963013 0.9976009726524353 0.9980000257492065 0.9978004693984985
0.015563566237688065 0.9965493083000183 0.9995691180229187 0.9973456263542175 0.9957000017166138 0.9965221285820007 0.014425814151763916 0.9980139136314392 0.9997634887695312 0.9980000257492065 0.9980000257492065 0.9980000257492065
0.014617248438298702 0.996872067451477 0.9996736645698547 0.9973971247673035 0.9962999820709229 0.9968482255935669 0.015147884376347065 0.9982125163078308 0.9997730255126953 0.9991983771324158 0.9972000122070312 0.9981982111930847
0.013513230718672276 0.9970706701278687 0.9996670484542847 0.9978465437889099 0.9962499737739563 0.9970476031303406 0.015122955664992332 0.9982125163078308 0.9995799660682678 0.9972056150436401 0.9991999864578247 0.998201847076416
0.012626554816961288 0.9976664781570435 0.9997428059577942 0.9984974265098572 0.9968000054359436 0.9976480007171631 0.017346788197755814 0.9970208406448364 0.9997482895851135 0.9975970983505249 0.996399998664856 0.9969981908798218
0.013763521797955036 0.9970706701278687 0.999681293964386 0.9976471662521362 0.9964500069618225 0.9970481991767883 0.012582283467054367 0.998609721660614 0.9997906684875488 0.9984006285667419 0.9987999796867371 0.9986002445220947
0.01276614610105753 0.9973933696746826 0.9996713995933533 0.9981970191001892 0.9965500235557556 0.9973728060722351 0.014644188806414604 0.9980139136314392 0.9997744560241699 0.9976019263267517 0.9983999729156494 0.9980007410049438
0.013529946096241474 0.9973189234733582 0.9996312260627747 0.9978975057601929 0.9966999888420105 0.9972984194755554 0.018537001684308052 0.9966236352920532 0.9997674226760864 0.9979943633079529 0.995199978351593 0.9965952634811401
0.01316923275589943 0.99769127368927 0.9996200203895569 0.9981482625007629 0.9972000122070312 0.9976739287376404 0.014695605263113976 0.9984111189842224 0.999779224395752 0.9991987347602844 0.9976000189781189 0.9983987212181091
0.01669955439865589 0.996375560760498 0.9994919896125793 0.9971952438354492 0.9955000281333923 0.9963468909263611 0.01600511558353901 0.9980139136314392 0.9995740056037903 0.9972044825553894 0.9987999796867371 0.9980015754699707
0.012483099475502968 0.9975175261497498 0.9998467564582825 0.9980977177619934 0.9969000220298767 0.9974985122680664 0.016185536980628967 0.9978153109550476 0.9995774030685425 0.9979991912841797 0.9976000189781189 0.9977995753288269
0.013074357062578201 0.997368574142456 0.999594509601593 0.9980971217155457 0.9965999722480774 0.9973480105400085 0.01471314113587141 0.9974180459976196 0.9997768402099609 0.997201144695282 0.9976000189781189 0.9974005818367004
0.01340795960277319 0.9973437190055847 0.9996603727340698 0.9979474544525146 0.9966999888420105 0.9973233342170715 0.013018913567066193 0.9982125163078308 0.9997829794883728 0.9980008006095886 0.9983999729156494 0.9982003569602966
0.013082196936011314 0.9971699714660645 0.9997163414955139 0.9979467391967773 0.9963499903678894 0.9971477389335632 0.015079453587532043 0.9982125163078308 0.999381422996521 0.9980008006095886 0.9983999729156494 0.9982003569602966
0.012880593538284302 0.9976664781570435 0.9997576475143433 0.9982978105545044 0.996999979019165 0.9976484775543213 0.017020121216773987 0.9980139136314392 0.99976646900177 0.9980000257492065 0.9980000257492065 0.9980000257492065
0.012078923173248768 0.9976664781570435 0.9996840357780457 0.9980983138084412 0.9972000122070312 0.9976488947868347 0.013710565865039825 0.9982125163078308 0.9995703101158142 0.9983993768692017 0.9980000257492065 0.9981997013092041
0.01172309648245573 0.9979395270347595 0.9997112154960632 0.9985980987548828 0.9972500205039978 0.9979236125946045 0.014550777152180672 0.9980139136314392 0.9995861649513245 0.9987980723381042 0.9972000122070312 0.9979983568191528
0.012335033155977726 0.9975919723510742 0.9996723532676697 0.9984472990036011 0.9966999888420105 0.9975728988647461 0.016329851001501083 0.9980139136314392 0.9995483160018921 0.9980000257492065 0.9980000257492065 0.9980000257492065
0.012047725729644299 0.9974926710128784 0.9997010827064514 0.9981474876403809 0.9968000054359436 0.9974732995033264 0.013911006040871143 0.9980139136314392 0.9997633695602417 0.9983987212181091 0.9976000189781189 0.9979991912841797
0.011354723945260048 0.9977161288261414 0.9998172521591187 0.9984976053237915 0.9969000220298767 0.997698187828064 0.01671789586544037 0.9984111189842224 0.9995899796485901 0.9976038336753845 0.9991999864578247 0.9984012842178345
0.01191628072410822 0.9978898763656616 0.9997550249099731 0.9983983039855957 0.9973499774932861 0.997873842716217 0.014781126752495766 0.9982125163078308 0.9997740983963013 0.9980008006095886 0.9983999729156494 0.9982003569602966
0.010718485340476036 0.9979146718978882 0.9997900724411011 0.9986479878425598 0.9971500039100647 0.9978984594345093 0.014937941916286945 0.998609721660614 0.9995904564857483 0.9984006285667419 0.9987999796867371 0.9986002445220947
0.012538164854049683 0.99769127368927 0.9996476173400879 0.9982978701591492 0.9970499873161316 0.997673511505127 0.020353393629193306 0.9978153109550476 0.9991644620895386 0.9972033500671387 0.9983999729156494 0.9978013038635254
0.011034751310944557 0.9979395270347595 0.9997607469558716 0.9981989860534668 0.9976500272750854 0.9979244470596313 0.014150676317512989 0.9982125163078308 0.9995872378349304 0.9980008006095886 0.9983999729156494 0.9982003569602966
0.012083650566637516 0.9974678754806519 0.9997806549072266 0.9980975389480591 0.9968000054359436 0.9974483251571655 0.015585843473672867 0.9984111189842224 0.9993935227394104 0.9976038336753845 0.9991999864578247 0.9984012842178345
0.011103217490017414 0.9979146718978882 0.9997681379318237 0.9984982013702393 0.9973000288009644 0.9978987574577332 0.015867751091718674 0.9980139136314392 0.9993864297866821 0.9968076348304749 0.9991999864578247 0.9980023503303528
0.013294399715960026 0.997368574142456 0.9995993971824646 0.9979974031448364 0.9966999888420105 0.9973483085632324 0.0192613173276186 0.997219443321228 0.9991623163223267 0.9948248267173767 0.9995999932289124 0.9972066879272461
0.011839965358376503 0.9978402256965637 0.9996674656867981 0.9982485175132751 0.9973999857902527 0.9978240728378296 0.014532897621393204 0.997616708278656 0.9995596408843994 0.9976000189781189 0.9976000189781189 0.9976000189781189
0.010884006507694721 0.9980884790420532 0.999767541885376 0.9987483024597168 0.9973999857902527 0.9980736970901489 0.01781172677874565 0.9980139136314392 0.9993136525154114 0.9983987212181091 0.9976000189781189 0.9979991912841797
0.011034321039915085 0.9977905750274658 0.9997416138648987 0.9981486201286316 0.9973999857902527 0.9977741837501526 0.014812646433711052 0.9984111189842224 0.9991919994354248 0.9980015754699707 0.9987999796867371 0.9984005689620972
0.009981032460927963 0.9984111785888672 0.9998248815536499 0.9986492991447449 0.9981499910354614 0.9983996152877808 0.016733219847083092 0.9980139136314392 0.9991872906684875 0.9976019263267517 0.9983999729156494 0.9980007410049438
0.011326043866574764 0.9976664781570435 0.9998103976249695 0.9984974265098572 0.9968000054359436 0.9976480007171631 0.016994964331388474 0.9984111189842224 0.9993806481361389 0.9980015754699707 0.9987999796867371 0.9984005689620972
0.011193851009011269 0.9983615279197693 0.9996970891952515 0.9989987015724182 0.9976999759674072 0.9983489513397217 0.01909354142844677 0.997616708278656 0.9991880059242249 0.9960127472877502 0.9991999864578247 0.9976038336753845
0.011880584061145782 0.9978650808334351 0.9996389746665955 0.9981489181518555 0.9975500106811523 0.9978493452072144 0.025640053674578667 0.9968222379684448 0.9989633560180664 0.9975961446762085 0.9959999918937683 0.9967974424362183
0.011676565743982792 0.9979891777038574 0.9997803568840027 0.9984485507011414 0.9975000023841858 0.9979740381240845 0.01623251847922802 0.9980139136314392 0.9989928007125854 0.9968076348304749 0.9991999864578247 0.9980023503303528
0.011039347387850285 0.9980636239051819 0.9997396469116211 0.9985984563827515 0.9975000023841858 0.9980489015579224 0.014126982539892197 0.9982125163078308 0.9997498989105225 0.9983993768692017 0.9980000257492065 0.9981997013092041
0.010187487117946148 0.9979146718978882 0.9998506903648376 0.9983984231948853 0.9973999857902527 0.9978989958763123 0.014612252824008465 0.997616708278656 0.9997803568840027 0.9987971186637878 0.996399998664856 0.9975971579551697
0.011214998550713062 0.9982125759124756 0.9996180534362793 0.9986487627029419 0.9977499842643738 0.9981992244720459 0.014986132271587849 0.9982125163078308 0.9995707273483276 0.9983993768692017 0.9980000257492065 0.9981997013092041
0.011687545105814934 0.9977161288261414 0.9996150732040405 0.9979490041732788 0.9974499940872192 0.9976994395256042 0.013532212004065514 0.998609721660614 0.9995467066764832 0.9987995028495789 0.9983999729156494 0.998599648475647
0.010648662224411964 0.9979891777038574 0.9997437000274658 0.9985483288764954 0.9973999857902527 0.9979737997055054 0.013897953554987907 0.998609721660614 0.9995921850204468 0.9984006285667419 0.9987999796867371 0.9986002445220947
0.010693601332604885 0.9977905750274658 0.9997458457946777 0.9980489015579224 0.9975000023841858 0.9977743625640869 0.013638775795698166 0.998609721660614 0.9995421767234802 0.9987995028495789 0.9983999729156494 0.998599648475647
0.010492315515875816 0.9983367323875427 0.9997864961624146 0.9987988471984863 0.9978500008583069 0.9983242154121399 0.016864551231265068 0.9984111189842224 0.9993807077407837 0.9980015754699707 0.9987999796867371 0.9984005689620972
0.012531060725450516 0.9979395270347595 0.9996517896652222 0.9985482096672058 0.9973000288009644 0.9979237914085388 0.01364895049482584 0.998609721660614 0.9997761249542236 0.9984006285667419 0.9987999796867371 0.9986002445220947
0.010026095435023308 0.998510479927063 0.9998468160629272 0.9989989995956421 0.9980000257492065 0.9984992742538452 0.012955973856151104 0.9980139136314392 0.9997838139533997 0.9980000257492065 0.9980000257492065 0.9980000257492065
0.011122607626020908 0.9980388283729553 0.9997933506965637 0.9988480806350708 0.9972000122070312 0.9980233311653137 0.014271575957536697 0.9990069270133972 0.999568521976471 0.9991996884346008 0.9987999796867371 0.9989997744560242
0.010643630288541317 0.9979891777038574 0.9998452663421631 0.9983487725257874 0.9976000189781189 0.9979742169380188 0.014859599992632866 0.9982125163078308 0.99974125623703 0.9983993768692017 0.9980000257492065 0.9981997013092041
0.009908879175782204 0.9983118772506714 0.999825119972229 0.9986490607261658 0.99795001745224 0.9982993602752686 0.01552575919777155 0.9980139136314392 0.9995787143707275 0.9976019263267517 0.9983999729156494 0.9980007410049438
0.010515636764466763 0.9981381297111511 0.9997706413269043 0.9988483190536499 0.9973999857902527 0.9981236457824707 0.01726648211479187 0.998609721660614 0.9995682239532471 0.9984006285667419 0.9987999796867371 0.9986002445220947
0.009097874164581299 0.9984608292579651 0.9999034404754639 0.9989489316940308 0.99795001745224 0.9984492659568787 0.018724694848060608 0.9980139136314392 0.9991722702980042 0.9976019263267517 0.9983999729156494 0.9980007410049438
0.009396904148161411 0.9985601305961609 0.9998024106025696 0.9990990161895752 0.9980000257492065 0.998549222946167 0.01495343167334795 0.9982125163078308 0.9993671178817749 0.9980008006095886 0.9983999729156494 0.9982003569602966
0.00906207412481308 0.9987090826034546 0.9998522400856018 0.9991492629051208 0.9982500076293945 0.998699426651001 0.015543793328106403 0.9978153109550476 0.999770998954773 0.998797595500946 0.9968000054359436 0.9977978467941284
0.01074209250509739 0.9981132745742798 0.9996912479400635 0.9987983107566833 0.9973999857902527 0.998098611831665 0.016601087525486946 0.998609721660614 0.9995661377906799 0.9987995028495789 0.9983999729156494 0.998599648475647
0.00944937951862812 0.9982622265815735 0.9998278617858887 0.9984992742538452 0.9980000257492065 0.9982495903968811 0.015886912122368813 0.9982125163078308 0.9995777606964111 0.9976028800010681 0.9987999796867371 0.9982010722160339
0.009467139840126038 0.9982870817184448 0.9998733997344971 0.9990485310554504 0.9975000023841858 0.9982736706733704 0.01582823507487774 0.9982125163078308 0.9993542432785034 0.9976028800010681 0.9987999796867371 0.9982010722160339
0.012148924171924591 0.9977905750274658 0.9996296167373657 0.9983980059623718 0.9971500039100647 0.9977736473083496 0.014617533423006535 0.9980139136314392 0.9997525215148926 0.9980000257492065 0.9980000257492065 0.9980000257492065
0.009302747435867786 0.9984360337257385 0.9998293519020081 0.998948872089386 0.9979000091552734 0.9984241724014282 0.015599261969327927 0.9984111189842224 0.9993622899055481 0.9980015754699707 0.9987999796867371 0.9984005689620972
0.011535808444023132 0.9975175261497498 0.9998140335083008 0.9980478286743164 0.9969499707221985 0.997498631477356 0.015283153392374516 0.9978153109550476 0.9995719194412231 0.9983980655670166 0.9972000122070312 0.9977986812591553
0.010490234941244125 0.9980884790420532 0.9997736811637878 0.998648464679718 0.9975000023841858 0.998073935508728 0.017590953037142754 0.9982125163078308 0.9993708729743958 0.9983993768692017 0.9980000257492065 0.9981997013092041
0.010153292678296566 0.9984111785888672 0.9997482895851135 0.9986992478370667 0.9980999827384949 0.9983994960784912 0.021312935277819633 0.9980139136314392 0.9991885423660278 0.9976019263267517 0.9983999729156494 0.9980007410049438
0.010166402906179428 0.9981132745742798 0.9998505711555481 0.998399019241333 0.9977999925613403 0.9980993866920471 0.02038625068962574 0.998609721660614 0.9991865754127502 0.9987995028495789 0.9983999729156494 0.998599648475647
0.010620743967592716 0.9984360337257385 0.9997230768203735 0.9989988207817078 0.9978500008583069 0.9984240531921387 0.019720999523997307 0.9980139136314392 0.9993576407432556 0.9972044825553894 0.9987999796867371 0.9980015754699707
0.009439564310014248 0.998510479927063 0.9998548030853271 0.9990489482879639 0.99795001745224 0.9984991550445557 0.019798949360847473 0.9982125163078308 0.999168872833252 0.9976028800010681 0.9987999796867371 0.9982010722160339
0.009545566514134407 0.9984608292579651 0.9997550845146179 0.9989489316940308 0.99795001745224 0.9984492659568787 0.015161030925810337 0.9984111189842224 0.9991832971572876 0.9980015754699707 0.9987999796867371 0.9984005689620972
0.009563976898789406 0.9983615279197693 0.9998086094856262 0.9986990690231323 0.9980000257492065 0.9983494281768799 0.019548848271369934 0.9974180459976196 0.9989220499992371 0.9987966418266296 0.9959999918937683 0.9973963499069214
0.009947914630174637 0.9982622265815735 0.9998001456260681 0.9986988306045532 0.9977999925613403 0.9982492327690125 0.01850317046046257 0.9984111189842224 0.999127984046936 0.9987990260124207 0.9980000257492065 0.9983993768692017
0.009508766233921051 0.998684287071228 0.9998023509979248 0.9990493059158325 0.9983000159263611 0.9986745715141296 0.017239805310964584 0.9982125163078308 0.9995318055152893 0.9987985491752625 0.9976000189781189 0.998198926448822
0.009309910237789154 0.9982870817184448 0.9998539686203003 0.9987488389015198 0.9977999925613403 0.9982741475105286 0.016519049182534218 0.9982125163078308 0.9991822242736816 0.9976028800010681 0.9987999796867371 0.9982010722160339
0.010571463033556938 0.9980884790420532 0.9997461438179016 0.9983490705490112 0.9977999925613403 0.998074471950531 0.014023469761013985 0.9984111189842224 0.9995847344398499 0.9983999729156494 0.9983999729156494 0.9983999729156494
0.010045594535768032 0.998187780380249 0.9998773336410522 0.9984491467475891 0.9979000091552734 0.9981745481491089 0.015892047435045242 0.998609721660614 0.9991875290870667 0.9984006285667419 0.9987999796867371 0.9986002445220947
0.01092625968158245 0.9981629252433777 0.9997891187667847 0.9987484812736511 0.9975500106811523 0.9981488585472107 0.025383638218045235 0.9974180459976196 0.9995665550231934 0.9987966418266296 0.9959999918937683 0.9973963499069214
0.010049799457192421 0.9982622265815735 0.9998239278793335 0.9986988306045532 0.9977999925613403 0.9982492327690125 0.016614500433206558 0.9984111189842224 0.9995846748352051 0.9987990260124207 0.9980000257492065 0.9983993768692017
0.00854985136538744 0.9984856843948364 0.9999303221702576 0.998749315738678 0.998199999332428 0.9984745979309082 0.019309107214212418 0.9978153109550476 0.9991312623023987 0.9976009726524353 0.9980000257492065 0.9978004693984985
0.008873812854290009 0.9986594319343567 0.9998544454574585 0.9990991950035095 0.998199999332428 0.9986493587493896 0.01734517328441143 0.998609721660614 0.9995911717414856 0.9987995028495789 0.9983999729156494 0.998599648475647
0.009429494850337505 0.9985601305961609 0.9998055696487427 0.9988992214202881 0.998199999332428 0.9985495209693909 0.013090097345411777 0.9984111189842224 0.9995630383491516 0.9983999729156494 0.9983999729156494 0.9983999729156494
0.009357634000480175 0.9983367323875427 0.9998059868812561 0.9987988471984863 0.9978500008583069 0.9983242154121399 0.018212346360087395 0.998609721660614 0.9995770454406738 0.9991990327835083 0.9980000257492065 0.9985991716384888
0.009440840221941471 0.9985353350639343 0.9997554421424866 0.9989491105079651 0.9980999827384949 0.9985243082046509 0.01598578691482544 0.9978153109550476 0.9989855289459229 0.9976009726524353 0.9980000257492065 0.9978004693984985
0.008020938374102116 0.9987090826034546 0.9998893141746521 0.9991992115974426 0.998199999332428 0.9986993670463562 0.016163295134902 0.9982125163078308 0.9993718862533569 0.9987985491752625 0.9976000189781189 0.998198926448822
0.01029578410089016 0.9982374310493469 0.9997415542602539 0.9986488223075867 0.9977999925613403 0.9982242584228516 0.01609032414853573 0.9984111189842224 0.999564528465271 0.9983999729156494 0.9983999729156494 0.9983999729156494
0.008231441490352154 0.9985353350639343 0.9999601244926453 0.9988991618156433 0.9981499910354614 0.9985244274139404 0.017157115042209625 0.9984111189842224 0.9993936419487 0.9983999729156494 0.9983999729156494 0.9983999729156494
0.009826644323766232 0.9985601305961609 0.9997773766517639 0.9989991188049316 0.9980999827384949 0.9985493421554565 0.021372023969888687 0.9982125163078308 0.9993739128112793 0.9983993768692017 0.9980000257492065 0.9981997013092041
0.01019887626171112 0.9982622265815735 0.9997257590293884 0.9985989928245544 0.9979000091552734 0.998249351978302 0.019719012081623077 0.9974180459976196 0.998985767364502 0.9964072108268738 0.9983999729156494 0.997402548789978
0.008875547908246517 0.9985601305961609 0.9999077916145325 0.9990990161895752 0.9980000257492065 0.998549222946167 0.0196320042014122 0.9978153109550476 0.9989883899688721 0.9972033500671387 0.9983999729156494 0.9978013038635254
0.011573963798582554 0.9979891777038574 0.9996894598007202 0.9985483288764954 0.9973999857902527 0.9979737997055054 0.015227144584059715 0.9982125163078308 0.9991815686225891 0.9976028800010681 0.9987999796867371 0.9982010722160339
0.009982503950595856 0.9982374310493469 0.9998505711555481 0.9987986087799072 0.9976500272750854 0.9982239603996277 0.016167210415005684 0.9980139136314392 0.9989906549453735 0.9980000257492065 0.9980000257492065 0.9980000257492065
0.009157577529549599 0.9984608292579651 0.999833345413208 0.9989489316940308 0.99795001745224 0.9984492659568787 0.01633567176759243 0.9984111189842224 0.998956024646759 0.9983999729156494 0.9983999729156494 0.9983999729156494
0.007799793034791946 0.9989573359489441 0.999836266040802 0.9994494318962097 0.998449981212616 0.998949408531189 0.01852990873157978 0.9980139136314392 0.9989659190177917 0.9976019263267517 0.9983999729156494 0.9980007410049438
0.008530354127287865 0.9987587332725525 0.9998349547386169 0.9992492198944092 0.9982500076293945 0.9987493753433228 0.017081959173083305 0.997616708278656 0.9991723299026489 0.9979984164237976 0.9972000122070312 0.9975990056991577
0.008358368650078773 0.9987587332725525 0.9998618960380554 0.9990993738174438 0.9983999729156494 0.9987495541572571 0.023308437317609787 0.9966236352920532 0.9991640448570251 0.9983941912651062 0.9947999715805054 0.9965938925743103
0.009253733791410923 0.9984608292579651 0.9998762607574463 0.9989988803863525 0.9979000091552734 0.9984491467475891 0.016040014103055 0.9978153109550476 0.9991964101791382 0.9976009726524353 0.9980000257492065 0.9978004693984985
0.008390053175389767 0.9987835884094238 0.9998597502708435 0.9991993308067322 0.9983500242233276 0.998774528503418 0.013903484679758549 0.9984111189842224 0.9995514154434204 0.9987990260124207 0.9980000257492065 0.9983993768692017
0.009818440303206444 0.998187780380249 0.9998055696487427 0.9985489249229431 0.9977999925613403 0.9981743693351746 0.01740119792521 0.9982125163078308 0.999391496181488 0.9980008006095886 0.9983999729156494 0.9982003569602966
0.008971426635980606 0.9984608292579651 0.9998336434364319 0.998898983001709 0.9980000257492065 0.9984493255615234 0.016470501199364662 0.9988083243370056 0.9993558526039124 0.9991993308067322 0.9983999729156494 0.9987994432449341
0.011115211993455887 0.9981132745742798 0.9995485544204712 0.9987483620643616 0.9974499940872192 0.9980987310409546 0.017592502757906914 0.9980139136314392 0.9989619255065918 0.9972044825553894 0.9987999796867371 0.9980015754699707
0.008304554969072342 0.998684287071228 0.9999104142189026 0.9991492033004761 0.998199999332428 0.9986743927001953 0.015113242901861668 0.9978153109550476 0.9991741180419922 0.9972033500671387 0.9983999729156494 0.9978013038635254
0.010544377379119396 0.9982870817184448 0.9997697472572327 0.9987488389015198 0.9977999925613403 0.9982741475105286 0.019959840923547745 0.9984111189842224 0.9991706609725952 0.999599039554596 0.9972000122070312 0.9983981251716614
0.009061821736395359 0.9985353350639343 0.9998350739479065 0.9989990592002869 0.9980499744415283 0.9985242486000061 0.01484865602105856 0.9982125163078308 0.9991908073425293 0.9976028800010681 0.9987999796867371 0.9982010722160339
0.008474508300423622 0.9986346364021301 0.999934196472168 0.9988495111465454 0.9983999729156494 0.9986246824264526 0.023060794919729233 0.997616708278656 0.9990888833999634 0.9972022175788879 0.9980000257492065 0.9976009130477905
0.008099693804979324 0.9988083839416504 0.9998849034309387 0.9992992877960205 0.9983000159263611 0.9987993836402893 0.019419992342591286 0.9978153109550476 0.9993696212768555 0.9972033500671387 0.9983999729156494 0.9978013038635254
0.009361766278743744 0.9981381297111511 0.9998542070388794 0.9985986948013306 0.9976500272750854 0.9981241226196289 0.014062892645597458 0.9982125163078308 0.9995273351669312 0.9983993768692017 0.9980000257492065 0.9981997013092041
0.008011911064386368 0.9987339377403259 0.9998881816864014 0.9988496899604797 0.9986000061035156 0.9987248778343201 0.019448664039373398 0.9980139136314392 0.9991674423217773 0.9976019263267517 0.9983999729156494 0.9980007410049438
0.009331748820841312 0.9981629252433777 0.999882161617279 0.9987984299659729 0.9975000023841858 0.9981487989425659 0.020066889002919197 0.9984111189842224 0.9993846416473389 0.9983999729156494 0.9983999729156494 0.9983999729156494
0.007774317637085915 0.9988828897476196 0.9998884201049805 0.9992494583129883 0.9984999895095825 0.9988746047019958 0.018705513328313828 0.9982125163078308 0.9991774559020996 0.9987985491752625 0.9976000189781189 0.998198926448822
0.009031372144818306 0.998510479927063 0.9998080730438232 0.9989490509033203 0.9980499744415283 0.9984992742538452 0.019671600311994553 0.997616708278656 0.9989760518074036 0.9976000189781189 0.9976000189781189 0.9976000189781189
0.00897269044071436 0.9985601305961609 0.9998329877853394 0.9989491701126099 0.9981499910354614 0.9985494613647461 0.019522471353411674 0.997616708278656 0.9991605877876282 0.9968051314353943 0.9983999729156494 0.9976019263267517
0.009854759089648724 0.9982622265815735 0.9998038411140442 0.9985989928245544 0.9979000091552734 0.998249351978302 0.018282422795891762 0.9980139136314392 0.9991684556007385 0.9983987212181091 0.9976000189781189 0.9979991912841797
0.008849309757351875 0.9985849857330322 0.9998838901519775 0.9988992810249329 0.9982500076293945 0.9985745549201965 0.01980501040816307 0.9984111189842224 0.998961329460144 0.9983999729156494 0.9983999729156494 0.9983999729156494
0.008369741961359978 0.9987835884094238 0.9998847842216492 0.9992992877960205 0.9982500076293945 0.9987744092941284 0.017233455553650856 0.9982125163078308 0.9993876218795776 0.9976028800010681 0.9987999796867371 0.9982010722160339
0.007657770533114672 0.9986346364021301 0.9999643564224243 0.9991490840911865 0.9980999827384949 0.9986242055892944 0.021519796922802925 0.998609721660614 0.9989895224571228 0.9984006285667419 0.9987999796867371 0.9986002445220947
0.00921325571835041 0.998510479927063 0.9998067021369934 0.9987992644309998 0.998199999332428 0.9984995126724243 0.026224588975310326 0.9966236352920532 0.9989650845527649 0.9952133893966675 0.9980000257492065 0.9966048002243042
0.008560690097510815 0.9987090826034546 0.9998583197593689 0.9989494681358337 0.998449981212616 0.9986996650695801 0.017034059390425682 0.9984111189842224 0.9993733763694763 0.9983999729156494 0.9983999729156494 0.9983999729156494
0.008979781530797482 0.9982622265815735 0.9998798370361328 0.9986988306045532 0.9977999925613403 0.9982492327690125 0.014610772021114826 0.9988083243370056 0.999355137348175 0.9987999796867371 0.9987999796867371 0.9987999796867371
0.00952119380235672 0.998510479927063 0.9998018741607666 0.9989490509033203 0.9980499744415283 0.9984992742538452 0.015087690204381943 0.997616708278656 0.999661922454834 0.9983974099159241 0.9968000054359436 0.9975980520248413
0.009232616983354092 0.9987090826034546 0.9998254179954529 0.9993491768836975 0.9980499744415283 0.9986991882324219 0.015399853698909283 0.9982125163078308 0.9995706081390381 0.9987985491752625 0.9976000189781189 0.998198926448822
0.00921173207461834 0.9983118772506714 0.9997816681861877 0.9987488985061646 0.9978500008583069 0.9982991814613342 0.017277240753173828 0.997219443321228 0.9989938139915466 0.9964057803153992 0.9980000257492065 0.9972023367881775
0.011218415573239326 0.9979643225669861 0.9996218085289001 0.9983985424041748 0.9975000023841858 0.9979490637779236 0.015421785414218903 0.9980139136314392 0.9995694756507874 0.9987980723381042 0.9972000122070312 0.9979983568191528
0.008727054111659527 0.9984360337257385 0.9998360872268677 0.9987491965293884 0.9980999827384949 0.9984244704246521 0.020022941753268242 0.9982125163078308 0.9989344477653503 0.9976028800010681 0.9987999796867371 0.9982010722160339
0.00887882336974144 0.9984360337257385 0.9998809099197388 0.9987491965293884 0.9980999827384949 0.9984244704246521 0.01716783456504345 0.9982125163078308 0.999180793762207 0.9987985491752625 0.9976000189781189 0.998198926448822
0.007797120604664087 0.9987587332725525 0.9998875260353088 0.9991493225097656 0.9983500242233276 0.9987495541572571 0.012870465405285358 0.9984111189842224 0.9993494749069214 0.9983999729156494 0.9983999729156494 0.9983999729156494
0.008045976981520653 0.9986097812652588 0.9998394846916199 0.9992490410804749 0.99795001745224 0.998599112033844 0.01810288242995739 0.9980139136314392 0.9989922642707825 0.9976019263267517 0.9983999729156494 0.9980007410049438
0.008326525799930096 0.9984111785888672 0.999910295009613 0.9988989233970642 0.9979000091552734 0.9983991980552673 0.020654236897826195 0.9980139136314392 0.999126136302948 0.9976019263267517 0.9983999729156494 0.9980007410049438
0.008896773681044579 0.9986594319343567 0.999807596206665 0.9990492463111877 0.9982500076293945 0.9986494779586792 0.016281455755233765 0.997616708278656 0.9993604421615601 0.9976000189781189 0.9976000189781189 0.9976000189781189
0.01117373164743185 0.9982374310493469 0.999731183052063 0.9986987709999084 0.9977499842643738 0.998224139213562 0.01164853572845459 0.9984111189842224 0.9997920989990234 0.9983999729156494 0.9983999729156494 0.9983999729156494
0.009090133011341095 0.9985353350639343 0.9997827410697937 0.9989990592002869 0.9980499744415283 0.9985242486000061 0.014454580843448639 0.9978153109550476 0.9991818070411682 0.9972033500671387 0.9983999729156494 0.9978013038635254
0.008634653873741627 0.9984856843948364 0.9998825192451477 0.9988491535186768 0.9980999827384949 0.9984744191169739 0.02159341424703598 0.997219443321228 0.9991843104362488 0.9956140518188477 0.9987999796867371 0.9972044229507446
0.008967293426394463 0.9984360337257385 0.9998346567153931 0.9985995292663574 0.9982500076293945 0.9984247088432312 0.015940790995955467 0.9982125163078308 0.9991663694381714 0.9983993768692017 0.9980000257492065 0.9981997013092041
0.008496036753058434 0.9988332390785217 0.9998072981834412 0.9992493391036987 0.9983999729156494 0.9988244771957397 0.012895640917122364 0.9988083243370056 0.9995565414428711 0.9991993308067322 0.9983999729156494 0.9987994432449341
0.008502749726176262 0.9988332390785217 0.9998847246170044 0.9989996552467346 0.9986500144004822 0.9988248348236084 0.012149159796535969 0.9982125163078308 0.9997866749763489 0.9980008006095886 0.9983999729156494 0.9982003569602966
0.00944364070892334 0.9985849857330322 0.9998306632041931 0.9991490244865417 0.9980000257492065 0.9985742568969727 0.018129868432879448 0.998609721660614 0.9991945028305054 0.9984006285667419 0.9987999796867371 0.9986002445220947
0.009960958734154701 0.9982870817184448 0.9997293949127197 0.9988486766815186 0.9976999759674072 0.9982739686965942 0.01811123639345169 0.9988083243370056 0.9991944432258606 0.9984012842178345 0.9991999864578247 0.9988004565238953
0.008536778390407562 0.9987835884094238 0.9998602271080017 0.9989995360374451 0.9985499978065491 0.9987747073173523 0.02250848151743412 0.9982125163078308 0.9987194538116455 0.9983993768692017 0.9980000257492065 0.9981997013092041
0.0076881516724824905 0.9987835884094238 0.999864935874939 0.9989496469497681 0.9986000061035156 0.9987748265266418 0.020090118050575256 0.998609721660614 0.998990535736084 0.9987995028495789 0.9983999729156494 0.998599648475647
0.00819725077599287 0.9987835884094238 0.9998646378517151 0.9989496469497681 0.9986000061035156 0.9987748265266418 0.018164267763495445 0.9978153109550476 0.9991737008094788 0.998797595500946 0.9968000054359436 0.9977978467941284
0.00904368981719017 0.9987587332725525 0.9997062087059021 0.9991992712020874 0.9983000159263611 0.9987494945526123 0.015250171534717083 0.9978153109550476 0.9995668530464172 0.9983980655670166 0.9972000122070312 0.9977986812591553
0.009242554195225239 0.9982622265815735 0.9998313784599304 0.9986988306045532 0.9977999925613403 0.9982492327690125 0.013211078941822052 0.998609721660614 0.9993650317192078 0.9980024099349976 0.9991999864578247 0.9986008405685425
0.009668928571045399 0.9982870817184448 0.9997764825820923 0.998649001121521 0.9979000091552734 0.9982743859291077 0.015187854878604412 0.9984111189842224 0.9997765421867371 0.9980015754699707 0.9987999796867371 0.9984005689620972
0.008701174519956112 0.9986594319343567 0.9998093843460083 0.9988994598388672 0.9983999729156494 0.9986496567726135 0.015116450376808643 0.9984111189842224 0.9993011355400085 0.9987990260124207 0.9980000257492065 0.9983993768692017
0.008625330403447151 0.9986097812652588 0.9998325705528259 0.9987496137619019 0.998449981212616 0.9985998272895813 0.014025180600583553 0.9982125163078308 0.9991675019264221 0.9980008006095886 0.9983999729156494 0.9982003569602966
0.00827355869114399 0.9987835884094238 0.9999104142189026 0.999249279499054 0.9983000159263611 0.9987744092941284 0.016531039029359818 0.9984111189842224 0.9991881847381592 0.9983999729156494 0.9983999729156494 0.9983999729156494
0.008455862291157246 0.9986346364021301 0.999835729598999 0.9991990923881531 0.9980499744415283 0.9986241459846497 0.017946291714906693 0.9980139136314392 0.9991564750671387 0.9980000257492065 0.9980000257492065 0.9980000257492065
0.00791780836880207 0.9987339377403259 0.9998608827590942 0.9989994764328003 0.998449981212616 0.9987246990203857 0.020044969394803047 0.9982125163078308 0.9991727471351624 0.9980008006095886 0.9983999729156494 0.9982003569602966
0.008134029805660248 0.9987339377403259 0.9998133778572083 0.9990493655204773 0.9983999729156494 0.9987245798110962 0.018491383641958237 0.9982125163078308 0.999178409576416 0.9980008006095886 0.9983999729156494 0.9982003569602966
0.009490318596363068 0.9983863830566406 0.9997794032096863 0.9988988637924194 0.9978500008583069 0.9983741641044617 0.020877385511994362 0.9974180459976196 0.9991407990455627 0.9964072108268738 0.9983999729156494 0.997402548789978
0.009115949273109436 0.998510479927063 0.9998289346694946 0.9988991022109985 0.9980999827384949 0.9984993934631348 0.017814774066209793 0.9980139136314392 0.9991028308868408 0.9987980723381042 0.9972000122070312 0.9979983568191528
0.007585345301777124 0.9987339377403259 0.999936580657959 0.9990993142127991 0.9983500242233276 0.9987245202064514 0.02178787812590599 0.9984111189842224 0.9991934299468994 0.9983999729156494 0.9983999729156494 0.9983999729156494
0.009567288681864738 0.9981381297111511 0.9997811913490295 0.9986485838890076 0.9976000189781189 0.9981240034103394 0.01568799652159214 0.9982125163078308 0.99936443567276 0.9983993768692017 0.9980000257492065 0.9981997013092041
0.010545831173658371 0.9979146718978882 0.9997235536575317 0.9982986450195312 0.9975000023841858 0.9978991746902466 0.018957627937197685 0.997616708278656 0.9991891384124756 0.9968051314353943 0.9983999729156494 0.9976019263267517
0.010299524292349815 0.9987339377403259 0.9997596144676208 0.9989994764328003 0.998449981212616 0.9987246990203857 0.015890110284090042 0.9984111189842224 0.9993613958358765 0.9987990260124207 0.9980000257492065 0.9983993768692017
0.00811371672898531 0.9987339377403259 0.9998871684074402 0.9993991851806641 0.9980499744415283 0.9987241625785828 0.019557619467377663 0.9978153109550476 0.9991528391838074 0.9972033500671387 0.9983999729156494 0.9978013038635254
0.007596001960337162 0.9988828897476196 0.999889075756073 0.9993493556976318 0.9983999729156494 0.9988744258880615 0.02132914587855339 0.9980139136314392 0.9991611242294312 0.9968076348304749 0.9991999864578247 0.9980023503303528
0.008261690847575665 0.9988083839416504 0.999860942363739 0.9991493821144104 0.998449981212616 0.9987995624542236 0.020551947876811028 0.9980139136314392 0.9989814162254333 0.9976019263267517 0.9983999729156494 0.9980007410049438
0.009454002603888512 0.9982870817184448 0.9998281002044678 0.998649001121521 0.9979000091552734 0.9982743859291077 0.01809035614132881 0.9982125163078308 0.9991876482963562 0.9976028800010681 0.9987999796867371 0.9982010722160339
0.008231804706156254 0.9989076852798462 0.9998130202293396 0.9991995096206665 0.9986000061035156 0.9988996982574463 0.01666823774576187 0.9984111189842224 0.9991934895515442 0.9980015754699707 0.9987999796867371 0.9984005689620972
0.008010617457330227 0.9986594319343567 0.9998137354850769 0.9988495111465454 0.998449981212616 0.9986497163772583 0.018188316375017166 0.9980139136314392 0.9993869066238403 0.9976019263267517 0.9983999729156494 0.9980007410049438
0.007375129498541355 0.9989573359489441 0.9999131560325623 0.9993494749069214 0.9985499978065491 0.9989495277404785 0.013852179981768131 0.998609721660614 0.9995785355567932 0.9987995028495789 0.9983999729156494 0.998599648475647
0.008250356651842594 0.9987339377403259 0.9998814463615417 0.9993991851806641 0.9980499744415283 0.9987241625785828 0.02642989531159401 0.9980139136314392 0.9989441633224487 0.9972044825553894 0.9987999796867371 0.9980015754699707
0.008003896102309227 0.998684287071228 0.9998090863227844 0.998949408531189 0.9983999729156494 0.9986746311187744 0.0157706867903471 0.9984111189842224 0.999187171459198 0.9983999729156494 0.9983999729156494 0.9983999729156494
0.008544225245714188 0.998510479927063 0.9997837543487549 0.9986994862556458 0.9983000159263611 0.9984996914863586 0.013014408759772778 0.9982125163078308 0.9997335076332092 0.9987985491752625 0.9976000189781189 0.998198926448822
0.00897984392940998 0.9985601305961609 0.9999021887779236 0.9988493323326111 0.9982500076293945 0.9985495805740356 0.016548898071050644 0.9984111189842224 0.999381422996521 0.9983999729156494 0.9983999729156494 0.9983999729156494
0.009389190934598446 0.9983367323875427 0.9998041987419128 0.9987988471984863 0.9978500008583069 0.9983242154121399 0.01600913144648075 0.998609721660614 0.9989936351776123 0.9984006285667419 0.9987999796867371 0.9986002445220947
0.006806055549532175 0.9991559386253357 0.999940812587738 0.9995996356010437 0.9987000226974487 0.9991496801376343 0.01759539172053337 0.9982125163078308 0.9991849064826965 0.9983993768692017 0.9980000257492065 0.9981997013092041
0.00864382367581129 0.998510479927063 0.9998847246170044 0.9988991022109985 0.9980999827384949 0.9984993934631348 0.013692515902221203 0.9982125163078308 0.9993712902069092 0.9983993768692017 0.9980000257492065 0.9981997013092041
0.008249298669397831 0.998510479927063 0.999835729598999 0.9988991022109985 0.9980999827384949 0.9984993934631348 0.017141615971922874 0.9984111189842224 0.9991872310638428 0.9980015754699707 0.9987999796867371 0.9984005689620972
0.008223536424338818 0.9987587332725525 0.9998105764389038 0.9989994764328003 0.9984999895095825 0.9987496733665466 0.015536956489086151 0.9982125163078308 0.9993827939033508 0.9972056150436401 0.9991999864578247 0.998201847076416
0.008485967293381691 0.9988580346107483 0.9998359084129333 0.9991495013237 0.9985499978065491 0.9988496899604797 0.015076616778969765 0.9984111189842224 0.9991481900215149 0.9980015754699707 0.9987999796867371 0.9984005689620972
0.008489245548844337 0.9985849857330322 0.9998842477798462 0.9990490674972534 0.9980999827384949 0.9985743165016174 0.015629692003130913 0.9980139136314392 0.9991779923439026 0.9964115023612976 0.9995999932289124 0.9980031847953796
0.008882974274456501 0.9985849857330322 0.9998315572738647 0.9988992810249329 0.9982500076293945 0.9985745549201965 0.012964801862835884 0.9984111189842224 0.9993628263473511 0.9983999729156494 0.9983999729156494 0.9983999729156494
0.007635575719177723 0.9987090826034546 0.9999135732650757 0.9989994168281555 0.9983999729156494 0.9986996650695801 0.014862901531159878 0.9984111189842224 0.9995842576026917 0.9976038336753845 0.9991999864578247 0.9984012842178345
0.009326275438070297 0.9982125759124756 0.9998533725738525 0.9984492063522339 0.99795001745224 0.9981995820999146 0.017512356862425804 0.997616708278656 0.9991489052772522 0.9983974099159241 0.9968000054359436 0.9975980520248413
0.007370350416749716 0.9988828897476196 0.9999153017997742 0.9993493556976318 0.9983999729156494 0.9988744258880615 0.015211009420454502 0.9982125163078308 0.9993900656700134 0.9983993768692017 0.9980000257492065 0.9981997013092041
0.009448401629924774 0.9983367323875427 0.9998059272766113 0.9987988471984863 0.9978500008583069 0.9983242154121399 0.016621727496385574 0.997616708278656 0.999374270439148 0.9972022175788879 0.9980000257492065 0.9976009130477905
0.00793926790356636 0.998684287071228 0.9998849034309387 0.9989993572235107 0.9983500242233276 0.9986746311187744 0.01900620572268963 0.997616708278656 0.9993920922279358 0.9991974234580994 0.9959999918937683 0.9975961446762085
0.00906469114124775 0.9986594319343567 0.9997801184654236 0.9992991089820862 0.9980000257492065 0.9986491203308105 0.018656637519598007 0.998609721660614 0.999197781085968 0.9984006285667419 0.9987999796867371 0.9986002445220947
