loss_s0126 accuracy_s0126 val_auc_s0126 precision_s0126 recall_s0126 f1_score_s0126 val_loss_s0126 val_accuracy_s0126 val_val_auc_s0126 val_precision_s0126 val_recall_s0126 val_f1_score_s0126
0.28953203558921814 0.9105260372161865 0.9618405699729919 0.9164046049118042 0.9032999873161316 0.909805178642273 0.1471928358078003 0.9611310958862305 0.9881760478019714 0.9407379031181335 0.9842000007629395 0.9619782567024231
0.11710022389888763 0.964680016040802 0.9897815585136414 0.9634219408035278 0.9659749865531921 0.9646967649459839 0.08318935334682465 0.978717029094696 0.9948735237121582 0.9734916090965271 0.9842000007629395 0.9788165092468262
0.08436189591884613 0.9755207896232605 0.9941160678863525 0.9750012755393982 0.9760249853134155 0.9755128622055054 0.061334215104579926 0.9864108562469482 0.9968580603599548 0.985817015171051 0.9869999885559082 0.9864081740379333
0.06636755913496017 0.982227623462677 0.995938777923584 0.9829731583595276 0.9814249873161316 0.9821984767913818 0.0492810420691967 0.9904076457023621 0.9974278807640076 0.9888357520103455 0.9919999837875366 0.9904153347015381
0.05616575479507446 0.9853249788284302 0.996962308883667 0.9856889247894287 0.9849249720573425 0.9853067994117737 0.0645391121506691 0.9878097772598267 0.9974458813667297 0.9816350936889648 0.9941999912261963 0.987877607345581
0.04994653910398483 0.9872857928276062 0.997427225112915 0.9879581332206726 0.9865750074386597 0.9872661232948303 0.045350369065999985 0.9921063184738159 0.9979881644248962 0.9908238649368286 0.993399977684021 0.9921102523803711
0.04648798704147339 0.9882349967956543 0.9976950287818909 0.9890319108963013 0.9873999953269958 0.9882153272628784 0.036548640578985214 0.9927058219909668 0.9983746409416199 0.9916184544563293 0.9937999844551086 0.9927080273628235
0.043337296694517136 0.9889843463897705 0.9979526400566101 0.9898567199707031 0.9880750179290771 0.9889650344848633 0.03500879183411598 0.9927058219909668 0.9984768033027649 0.9916184544563293 0.9937999844551086 0.9927080273628235
0.04164714366197586 0.9897711873054504 0.9980693459510803 0.9908300638198853 0.9886749982833862 0.9897513389587402 0.02901909500360489 0.9932054281234741 0.9986069798469543 0.9953796863555908 0.9909999966621399 0.9931850433349609
0.03908689692616463 0.9901833534240723 0.9982970356941223 0.9912311434745789 0.9890999794006348 0.9901643991470337 0.027019260451197624 0.9936051368713379 0.998723566532135 0.9943910241127014 0.9927999973297119 0.9935949444770813
0.03668652102351189 0.9907578825950623 0.9984339475631714 0.9916102886199951 0.9898750185966492 0.9907418489456177 0.04708864912390709 0.9929056763648987 0.9986672401428223 0.989862859249115 0.9959999918937683 0.9929219484329224
0.03541149944067001 0.9914697408676147 0.9984437227249146 0.9925584197044373 0.9903500080108643 0.9914529919624329 0.02590702660381794 0.9946042895317078 0.9988742470741272 0.9959887862205505 0.9932000041007996 0.9945924878120422
0.03320746496319771 0.9917445182800293 0.9986857175827026 0.9926612377166748 0.9908000230789185 0.9917297959327698 0.0350271575152874 0.9950039982795715 0.9989096522331238 0.9934210777282715 0.9965999722480774 0.9950079917907715
0.032064031809568405 0.9926812052726746 0.9986172914505005 0.9936622977256775 0.9916750192642212 0.9926676750183105 0.027323340997099876 0.9955036044120789 0.9989482760429382 0.9959959983825684 0.9950000047683716 0.9954977631568909
0.031111832708120346 0.9925563335418701 0.998782753944397 0.9939082264900208 0.9911749958992004 0.9925397038459778 0.03244190290570259 0.9957034587860107 0.9989920258522034 0.9952048063278198 0.9962000250816345 0.9957022070884705
0.030252516269683838 0.9930184483528137 0.9987608194351196 0.9941366314888 0.9918749928474426 0.9930045008659363 0.022525038570165634 0.9960032105445862 0.9989874362945557 0.9954054951667786 0.9965999722480774 0.9960023760795593
0.029194194823503494 0.9930933713912964 0.9987908005714417 0.9940632581710815 0.9921000003814697 0.9930806756019592 0.028163058683276176 0.9957034587860107 0.9991249442100525 0.9950069785118103 0.996399998664856 0.9957030415534973
0.02854478359222412 0.9930558800697327 0.9989933967590332 0.9944096207618713 0.9916750192642212 0.9930404424667358 0.021725455299019814 0.9964028596878052 0.9991118907928467 0.9965986609458923 0.9962000250816345 0.9963992834091187
0.02811802178621292 0.9933306574821472 0.9989442825317383 0.9943879246711731 0.9922500252723694 0.9933178424835205 0.021892772987484932 0.9966027140617371 0.9992722272872925 0.9967986941337585 0.996399998664856 0.9965993165969849
0.02660759538412094 0.9938552379608154 0.9990686178207397 0.9949636459350586 0.9927250146865845 0.9938430786132812 0.017132293432950974 0.9970024228096008 0.9995220303535461 0.9983955025672913 0.9955999851226807 0.9969958066940308
0.02631877362728119 0.99413001537323 0.9989547729492188 0.994966447353363 0.993274986743927 0.9941200017929077 0.01822282187640667 0.9969024658203125 0.9993577599525452 0.9966020584106445 0.9972000122070312 0.9969009757041931
0.02502838522195816 0.9941799640655518 0.9990077018737793 0.9951156973838806 0.9932249784469604 0.9941694736480713 0.01843579299747944 0.9969024658203125 0.9993847608566284 0.9973974227905273 0.996399998664856 0.9968984723091125
0.024654168635606766 0.994529664516449 0.9991342425346375 0.995689868927002 0.9933500289916992 0.9945185780525208 0.022504782304167747 0.996802568435669 0.9992946982383728 0.9969987869262695 0.9965999722480774 0.9967993497848511
0.02429586462676525 0.9943673014640808 0.9991171956062317 0.9954400658607483 0.993274986743927 0.9943563342094421 0.016865776851773262 0.9970024228096008 0.9993879795074463 0.9971988797187805 0.9968000054359436 0.9969993829727173
0.023632295429706573 0.9944671988487244 0.9991636872291565 0.9953665733337402 0.9935500025749207 0.9944574236869812 0.016789976507425308 0.9969024658203125 0.9993223547935486 0.9966020584106445 0.9972000122070312 0.9969009757041931
0.02329290471971035 0.9945920705795288 0.9991959929466248 0.9953181147575378 0.9938499927520752 0.9945834875106812 0.015307672321796417 0.9971023201942444 0.9995952844619751 0.9983958005905151 0.9958000183105469 0.9970962405204773
0.02293446846306324 0.9948294162750244 0.9991726279258728 0.9957669377326965 0.9938750267028809 0.9948201179504395 0.014958375133574009 0.996802568435669 0.9994691014289856 0.9968000054359436 0.9968000054359436 0.9968000054359436
0.02161930873990059 0.9950417280197144 0.9992343783378601 0.9960171580314636 0.9940500259399414 0.9950326085090637 0.016434645280241966 0.9972022175788879 0.9993296265602112 0.9979968070983887 0.996399998664856 0.9971977472305298
0.021187782287597656 0.9953914284706116 0.9992321133613586 0.9963181018829346 0.9944499731063843 0.9953831434249878 0.014849276281893253 0.9973021745681763 0.9994768500328064 0.9977977871894836 0.9968000054359436 0.9972986578941345
0.02054452896118164 0.9955662488937378 0.9993618726730347 0.9962199926376343 0.9948999881744385 0.9955595135688782 0.016236556693911552 0.9970024228096008 0.999649167060852 0.9968012571334839 0.9972000122070312 0.9970005750656128
0.02074902504682541 0.9951915740966797 0.9993249177932739 0.9960928559303284 0.9942749738693237 0.9951830506324768 0.013490695506334305 0.9974020719528198 0.9997162222862244 0.9977982640266418 0.996999979019165 0.9973990321159363
0.019634148105978966 0.9957411289215088 0.9993809461593628 0.9966189861297607 0.9948499798774719 0.9957337379455566 0.014682771638035774 0.996802568435669 0.9996942281723022 0.9964028596878052 0.9972000122070312 0.9968012571334839
0.01923373155295849 0.9957036375999451 0.9993426203727722 0.9962458610534668 0.9951500296592712 0.995697557926178 0.013713889755308628 0.9974020719528198 0.9996798038482666 0.9975990653038025 0.9972000122070312 0.9973995089530945
0.019043216481804848 0.9958160519599915 0.9993901252746582 0.9965946078300476 0.9950249791145325 0.9958091378211975 0.013614950701594353 0.9973021745681763 0.9996909499168396 0.9975985884666443 0.996999979019165 0.9972991943359375
0.018561379984021187 0.9958410263061523 0.9994258880615234 0.9968436360359192 0.994825005531311 0.9958332777023315 0.012810174375772476 0.9972022175788879 0.9997440576553345 0.996802568435669 0.9976000189781189 0.997201144695282
0.018383430317044258 0.9960533380508423 0.9993576407432556 0.9967951774597168 0.9952999949455261 0.9960470199584961 0.013785835355520248 0.9974020719528198 0.9996933341026306 0.9973999857902527 0.9973999857902527 0.9973999857902527
0.01825583353638649 0.9962032437324524 0.9993804097175598 0.9969454407691956 0.9954500198364258 0.9961971640586853 0.012596355751156807 0.9976019263267517 0.9997409582138062 0.9977990984916687 0.9973999857902527 0.9975994825363159
0.018041076138615608 0.9960533380508423 0.9994372725486755 0.9966956973075867 0.9954000115394592 0.9960474371910095 0.012724008411169052 0.9977018237113953 0.9998301267623901 0.9985975027084351 0.9968000054359436 0.9976978898048401
0.01685928739607334 0.9961782693862915 0.9995072484016418 0.9969950318336487 0.9953500032424927 0.996171772480011 0.013120296411216259 0.9978017807006836 0.9996064901351929 0.9981985688209534 0.9973999857902527 0.9977991580963135
0.016892561689019203 0.9963905811309814 0.9994150400161743 0.9970958828926086 0.9956750273704529 0.9963849782943726 0.01465379074215889 0.9976019263267517 0.9996507167816162 0.9979984164237976 0.9972000122070312 0.9975990056991577
0.016937777400016785 0.9963530898094177 0.9994585514068604 0.9968965649604797 0.9958000183105469 0.9963480234146118 0.01212533749639988 0.9979016780853271 0.9997447729110718 0.998198926448822 0.9976000189781189 0.9978994131088257
0.016524165868759155 0.9964030385017395 0.9995024800300598 0.9969964027404785 0.9958000183105469 0.996397852897644 0.012519927695393562 0.9977018237113953 0.9995516538619995 0.9987973570823669 0.9965999722480774 0.9976974725723267
0.016226116567850113 0.9962406754493713 0.9995075464248657 0.9969456195831299 0.9955250024795532 0.9962347745895386 0.013491311110556126 0.9979016780853271 0.9996879696846008 0.9979996085166931 0.9977999925613403 0.9978998303413391
0.01607656292617321 0.9965154528617859 0.9995530843734741 0.9971214532852173 0.9958999752998352 0.9965103268623352 0.012503926642239094 0.9977018237113953 0.9997444748878479 0.9972028136253357 0.998199999332428 0.997701108455658
0.01605403982102871 0.9963406324386597 0.9995690584182739 0.9969960451126099 0.9956750273704529 0.9963351488113403 0.012001655995845795 0.9978017807006836 0.9997410774230957 0.9974020719528198 0.998199999332428 0.9978008270263672
0.014498493634164333 0.9968651533126831 0.9996396899223328 0.9974967837333679 0.9962249994277954 0.9968605637550354 0.011711486615240574 0.998101532459259 0.9998456835746765 0.99899822473526 0.9972000122070312 0.9980983138084412
0.015207882970571518 0.9966403841972351 0.9996376037597656 0.9971221685409546 0.996150016784668 0.9966358542442322 0.01071670837700367 0.998101532459259 0.999860405921936 0.9987983107566833 0.9973999857902527 0.998098611831665
0.014375844039022923 0.9971274137496948 0.9996316432952881 0.9976226091384888 0.9966250061988831 0.9971235394477844 0.010765462182462215 0.9982014298439026 0.9997652173042297 0.998199999332428 0.998199999332428 0.998199999332428
0.014182698912918568 0.9970025420188904 0.9996427893638611 0.9973730444908142 0.9966250061988831 0.9969989061355591 0.010511101223528385 0.9980015754699707 0.9999575614929199 0.9981992840766907 0.9977999925613403 0.9979995489120483
0.014241782017052174 0.9970025420188904 0.9996042251586914 0.9975224137306213 0.9964749813079834 0.9969984889030457 0.010850748978555202 0.9984012842178345 0.9997574090957642 0.9985994100570679 0.998199999332428 0.9983996152877808
0.013653907924890518 0.9970150589942932 0.9996242523193359 0.9976220726966858 0.996399998664856 0.9970106482505798 0.010512999258935452 0.998101532459259 0.9998632073402405 0.9981996417045593 0.9980000257492065 0.9980998039245605
0.013770277611911297 0.9969525933265686 0.9997186064720154 0.9975968599319458 0.9962999820709229 0.9969480037689209 0.010684299282729626 0.998101532459259 0.9997644424438477 0.9978013038635254 0.9983999729156494 0.9981005191802979
0.013369523920118809 0.9970275163650513 0.9996775388717651 0.9976719617843628 0.9963750243186951 0.9970231056213379 0.009817279875278473 0.9984012842178345 0.999869167804718 0.9985994100570679 0.998199999332428 0.9983996152877808
0.013458476401865482 0.9972023963928223 0.9996010661125183 0.9977724552154541 0.9966250061988831 0.9971984028816223 0.009930006228387356 0.998101532459259 0.9999634027481079 0.998399019241333 0.9977999925613403 0.9980993866920471
0.013437152840197086 0.9970025420188904 0.9997062683105469 0.9975473284721375 0.9964500069618225 0.9969983696937561 0.010729370638728142 0.998501181602478 0.9997575283050537 0.9987992644309998 0.998199999332428 0.9984995126724243
0.0131867416203022 0.9972398281097412 0.999661922454834 0.9977477192878723 0.9967250227928162 0.9972361326217651 0.010077542625367641 0.9984012842178345 0.9998655319213867 0.9987990260124207 0.9980000257492065 0.9983993768692017
0.012975163757801056 0.9971524477005005 0.9996725916862488 0.9976725578308105 0.9966250061988831 0.9971485733985901 0.009961155243217945 0.9983013868331909 0.9999660849571228 0.9985991716384888 0.9980000257492065 0.9982994794845581
0.012879939749836922 0.9973772168159485 0.9996834397315979 0.9980723261833191 0.9966750144958496 0.9973731637001038 0.010038419626653194 0.9979016780853271 0.9999622702598572 0.9974026083946228 0.9983999729156494 0.9979010224342346
0.01256330031901598 0.9974396824836731 0.9996887445449829 0.9978980422019958 0.9969750046730042 0.9974363446235657 0.009640800766646862 0.9982014298439026 0.9996773600578308 0.9987985491752625 0.9976000189781189 0.998198926448822
0.012316139414906502 0.9972398281097412 0.999670147895813 0.9976231455802917 0.9968500137329102 0.997236430644989 0.009759275242686272 0.998501181602478 0.9996759295463562 0.9987992644309998 0.998199999332428 0.9984995126724243
0.012559275142848492 0.9974521398544312 0.9995906949043274 0.9979978203773499 0.9969000220298767 0.9974486231803894 0.009876818396151066 0.9983013868331909 0.999862551689148 0.9985991716384888 0.9980000257492065 0.9982994794845581
0.012512454763054848 0.9973772168159485 0.999681293964386 0.9978479743003845 0.9969000220298767 0.9973737597465515 0.009591843001544476 0.9986011385917664 0.999968409538269 0.9987995028495789 0.9983999729156494 0.998599648475647
0.011966950260102749 0.9973397850990295 0.9997240304946899 0.9977481365203857 0.9969249963760376 0.9973363876342773 0.008904501795768738 0.9984012842178345 0.9999753832817078 0.9987990260124207 0.9980000257492065 0.9983993768692017
0.011896363459527493 0.9974147081375122 0.9996960759162903 0.9979228973388672 0.9969000220298767 0.9974111914634705 0.008981268852949142 0.9980015754699707 0.9999797940254211 0.9980000257492065 0.9980000257492065 0.9980000257492065
0.011721408925950527 0.9975520968437195 0.9997612237930298 0.9979483485221863 0.9971500039100647 0.9975489974021912 0.009018161334097385 0.998101532459259 0.9999752044677734 0.9981996417045593 0.9980000257492065 0.9980998039245605
0.0113571397960186 0.997826874256134 0.9997007846832275 0.998223602771759 0.9974250197410583 0.9978241920471191 0.008600631728768349 0.9983013868331909 0.9999790787696838 0.9983996748924255 0.998199999332428 0.9982998371124268
0.011445791460573673 0.9975895285606384 0.9997484087944031 0.9981479048728943 0.9970250129699707 0.9975860714912415 0.008540808223187923 0.9984012842178345 0.9999839067459106 0.9989988207817078 0.9977999925613403 0.9983990788459778
0.011528270319104195 0.9975520968437195 0.9997819066047668 0.9980480670928955 0.9970499873161316 0.9975487589836121 0.008358259685337543 0.9984012842178345 0.9999830722808838 0.9989988207817078 0.9977999925613403 0.9983990788459778
0.011141949333250523 0.9978018403053284 0.9997577667236328 0.9981985688209534 0.9973999857902527 0.9977991580963135 0.009651719592511654 0.9982014298439026 0.9996744394302368 0.9983993768692017 0.9980000257492065 0.9981997013092041
0.011555185541510582 0.9976645112037659 0.999699056148529 0.9980983138084412 0.9972249865531921 0.9976614713668823 0.00861483346670866 0.9983013868331909 0.9999735951423645 0.998001217842102 0.9986000061035156 0.9983005523681641
0.011493458412587643 0.9974896311759949 0.9997398257255554 0.9980228543281555 0.9969499707221985 0.9974861145019531 0.00872908253222704 0.9984012842178345 0.9999728798866272 0.9985994100570679 0.998199999332428 0.9983996152877808
0.010540641844272614 0.997826874256134 0.9998109340667725 0.997949481010437 0.9976999759674072 0.9978247284889221 0.008081534877419472 0.9984012842178345 0.9999850988388062 0.9985994100570679 0.998199999332428 0.9983996152877808
0.011005837470293045 0.9979392290115356 0.999716579914093 0.9984234571456909 0.9974499940872192 0.997936487197876 0.010531473904848099 0.998101532459259 0.9994844794273376 0.9991982579231262 0.996999979019165 0.9980978965759277
0.010914910584688187 0.9976894855499268 0.9997920393943787 0.998297929763794 0.9970750212669373 0.9976860880851746 0.009086798876523972 0.998501181602478 0.9997775554656982 0.9989989995956421 0.9980000257492065 0.9984992742538452
0.011238218285143375 0.9977394342422485 0.999763548374176 0.998148500919342 0.9973250031471252 0.9977365732192993 0.009524509310722351 0.9983013868331909 0.9999684691429138 0.9987987875938416 0.9977999925613403 0.9982991218566895
0.010967169888317585 0.9976394772529602 0.9997323751449585 0.9980733394622803 0.9972000122070312 0.9976364970207214 0.00796503759920597 0.9986011385917664 0.9999845027923584 0.9989991784095764 0.998199999332428 0.9985994100570679
0.010640585795044899 0.997826874256134 0.9997363686561584 0.9981986284255981 0.9974499940872192 0.9978241920471191 0.008609908632934093 0.9984012842178345 0.9999812245368958 0.9991987347602844 0.9976000189781189 0.9983987212181091
0.010590031743049622 0.9979142546653748 0.9997244477272034 0.9983236193656921 0.9975000023841858 0.9979116320610046 0.00825819093734026 0.9988009333610535 0.9998807311058044 0.9989995956420898 0.9986000061035156 0.998799741268158
0.01053763646632433 0.9979017972946167 0.999713659286499 0.9983235597610474 0.9974750280380249 0.9978991150856018 0.007828205823898315 0.9988009333610535 0.9999849796295166 0.9989995956420898 0.9986000061035156 0.998799741268158
0.009946949779987335 0.998051643371582 0.9998398423194885 0.9983739256858826 0.9977250099182129 0.9980493187904358 0.008203302510082722 0.998501181602478 0.999982476234436 0.9985997080802917 0.9983999729156494 0.9984998106956482
0.010250170715153217 0.9979392290115356 0.9997603893280029 0.9983735680580139 0.9975000023841858 0.9979366064071655 0.008376072160899639 0.998501181602478 0.9999812245368958 0.9987992644309998 0.998199999332428 0.9984995126724243
0.010454830713570118 0.9979892373085022 0.9997386336326599 0.9985234141349792 0.9974499940872192 0.9979864358901978 0.008333315141499043 0.9986011385917664 0.9997848272323608 0.9991990327835083 0.9980000257492065 0.9985991716384888
0.010414546355605125 0.9980266690254211 0.9997598528862 0.9985235333442688 0.9975249767303467 0.998024046421051 0.007827294059097767 0.9988009333610535 0.9999849200248718 0.9987999796867371 0.9987999796867371 0.9987999796867371
0.009949554689228535 0.9979767203330994 0.9998393058776855 0.9983487725257874 0.9976000189781189 0.9979742169380188 0.0075170802883803844 0.9984012842178345 0.9999885559082031 0.9989988207817078 0.9977999925613403 0.9983990788459778
0.009895076975226402 0.998051643371582 0.9997648000717163 0.9984487295150757 0.9976500272750854 0.9980491995811462 0.008616928942501545 0.9982014298439026 0.9996862411499023 0.9989984035491943 0.9973999857902527 0.9981985688209534
0.009422386065125465 0.9980266690254211 0.9998587369918823 0.9983489513397217 0.9976999759674072 0.9980244040489197 0.008475652895867825 0.9987010359764099 0.9996803402900696 0.998799741268158 0.9986000061035156 0.9986998438835144
0.010127249173820019 0.9979267716407776 0.9998587965965271 0.9984233975410461 0.9974250197410583 0.9979239702224731 0.008357925340533257 0.9984012842178345 0.9999760985374451 0.9982007145881653 0.9986000061035156 0.9984003305435181
0.009417380206286907 0.9981890320777893 0.9997985363006592 0.9985988736152649 0.9977750182151794 0.9981867671012878 0.009359636344015598 0.998501181602478 0.9995788335800171 0.9984003305435181 0.9986000061035156 0.9985001683235168
0.009919128380715847 0.9981265664100647 0.999765157699585 0.9986485838890076 0.9976000189781189 0.9981240034103394 0.008014382794499397 0.9987010359764099 0.9998841881752014 0.9989994168281555 0.9983999729156494 0.9986996650695801
0.009391904808580875 0.9981141090393066 0.9997859001159668 0.9983491897583008 0.9978749752044678 0.9981120228767395 0.0075049493461847305 0.9988009333610535 0.9999874830245972 0.9989995956420898 0.9986000061035156 0.998799741268158
0.009087879210710526 0.9982389807701111 0.9998949766159058 0.9987237453460693 0.9977499842643738 0.9982365965843201 0.00824927631765604 0.9988009333610535 0.9998831748962402 0.9986005425453186 0.9990000128746033 0.9988002181053162
0.00968674011528492 0.9980142116546631 0.9997689723968506 0.9983987808227539 0.9976249933242798 0.9980117678642273 0.00816743727773428 0.998501181602478 0.9998862743377686 0.999198853969574 0.9977999925613403 0.9984989762306213
0.009391603991389275 0.9980142116546631 0.999847412109375 0.9982740879058838 0.9977499842643738 0.9980119466781616 0.0080622723326087 0.9986011385917664 0.9999798536300659 0.9989991784095764 0.998199999332428 0.9985994100570679
0.009543528780341148 0.9981890320777893 0.9998070001602173 0.998524010181427 0.9978500008583069 0.9981868863105774 0.008358466438949108 0.9987010359764099 0.9999826550483704 0.9986003041267395 0.9987999796867371 0.9987001419067383
0.0095265693962574 0.9982140064239502 0.9997794032096863 0.9986238479614258 0.9977999925613403 0.9982117414474487 0.008200949989259243 0.998501181602478 0.9999805092811584 0.9985997080802917 0.9983999729156494 0.9984998106956482
0.009162143804132938 0.9982889294624329 0.999847412109375 0.9987238645553589 0.9978500008583069 0.9982867240905762 0.007937152869999409 0.9989008903503418 0.9999806880950928 0.9991995096206665 0.9986000061035156 0.9988996982574463
0.009328880347311497 0.9981516003608704 0.9998214244842529 0.9986736178398132 0.9976249933242798 0.9981490969657898 0.007898588664829731 0.9989008903503418 0.999685525894165 0.9991995096206665 0.9986000061035156 0.9988996982574463
0.008697155863046646 0.9982889294624329 0.9998864531517029 0.9985243082046509 0.9980499744415283 0.9982870817184448 0.007645372301340103 0.9987010359764099 0.9999851584434509 0.9986003041267395 0.9987999796867371 0.9987001419067383
0.008490650914609432 0.9984638094902039 0.999863862991333 0.9988740682601929 0.9980499744415283 0.9984618425369263 0.007503533270210028 0.9986011385917664 0.9999896883964539 0.9982014298439026 0.9990000128746033 0.9986005425453186
0.009306111373007298 0.9980266690254211 0.9998340606689453 0.9982990622520447 0.9977499842643738 0.9980244636535645 0.007517101243138313 0.9988009333610535 0.9998880624771118 0.9987999796867371 0.9987999796867371 0.9987999796867371
0.008777633309364319 0.9982015490531921 0.9998743534088135 0.9984492063522339 0.99795001745224 0.9981995820999146 0.007966033183038235 0.9987010359764099 0.9996868968009949 0.9989994168281555 0.9983999729156494 0.9986996650695801
0.008984308689832687 0.9982140064239502 0.9998380541801453 0.9985490441322327 0.9978749752044678 0.9982119202613831 0.00813253689557314 0.9987010359764099 0.9996873736381531 0.9991992115974426 0.998199999332428 0.9986993670463562
0.008538249880075455 0.9983888864517212 0.9998416900634766 0.9986492991447449 0.9981250166893005 0.9983870387077332 0.007147297263145447 0.9988009333610535 0.9999898672103882 0.9987999796867371 0.9987999796867371 0.9987999796867371
0.008775771595537663 0.9983389377593994 0.9998118281364441 0.9986740946769714 0.9980000257492065 0.9983369708061218 0.00762969022616744 0.9988009333610535 0.9999863505363464 0.9989995956420898 0.9986000061035156 0.998799741268158
0.00871509313583374 0.998263955116272 0.999875009059906 0.9986739158630371 0.9978500008583069 0.9982618093490601 0.007389605510979891 0.9989008903503418 0.999689519405365 0.9991995096206665 0.9986000061035156 0.9988996982574463
0.009548504836857319 0.9981390833854675 0.9997196793556213 0.9985488057136536 0.9977250099182129 0.9981367588043213 0.007314071524888277 0.9988009333610535 0.9999886155128479 0.9991993308067322 0.9983999729156494 0.9987994432449341
0.009234522469341755 0.9981015920639038 0.9997588992118835 0.9984738826751709 0.9977250099182129 0.9980992674827576 0.007607559207826853 0.9983013868331909 0.9999874830245972 0.9989985823631287 0.9976000189781189 0.9982987642288208
0.008506244979798794 0.9983888864517212 0.999840259552002 0.9988240003585815 0.99795001745224 0.998386800289154 0.008061360567808151 0.9988009333610535 0.999889612197876 0.9987999796867371 0.9987999796867371 0.9987999796867371
0.008283335715532303 0.9983139038085938 0.9999048113822937 0.9985991716384888 0.9980250000953674 0.9983119368553162 0.0069033862091600895 0.9989008903503418 0.9999897480010986 0.9989997744560242 0.9987999796867371 0.9988998770713806
0.008266174234449863 0.9983763694763184 0.9998294711112976 0.9987490773200989 0.9980000257492065 0.9983744025230408 0.00756950443610549 0.9987010359764099 0.999987781047821 0.9986003041267395 0.9987999796867371 0.9987001419067383
0.008246815763413906 0.9984138607978821 0.9998534321784973 0.9988240003585815 0.9980000257492065 0.9984118342399597 0.008171063847839832 0.9989008903503418 0.9996875524520874 0.9995994567871094 0.998199999332428 0.9988992810249329
0.008524339646100998 0.9982764720916748 0.9999151229858398 0.9986739158630371 0.9978749752044678 0.9982742667198181 0.0069638886488974094 0.9986011385917664 0.9999911189079285 0.9987995028495789 0.9983999729156494 0.998599648475647
0.008337914012372494 0.9983888864517212 0.9998781085014343 0.9988489151000977 0.9979249835014343 0.9983866810798645 0.00656344648450613 0.9991007447242737 0.9999921321868896 0.9993996620178223 0.9987999796867371 0.9990996718406677
0.008108900859951973 0.9984762668609619 0.9998684525489807 0.998699426651001 0.9982500076293945 0.998474657535553 0.006701514590531588 0.9990007877349854 0.9999918937683105 0.9993995428085327 0.9986000061035156 0.9989995956420898
0.008196135051548481 0.9985262751579285 0.9998649954795837 0.9987744092941284 0.9982749819755554 0.9985246062278748 0.007748437579721212 0.9987010359764099 0.999979555606842 0.998799741268158 0.9986000061035156 0.9986998438835144
0.007933582179248333 0.9987136125564575 0.9998942613601685 0.9989245533943176 0.9984999895095825 0.9987121820449829 0.007013946771621704 0.9990007877349854 0.9999861121177673 0.9993995428085327 0.9986000061035156 0.9989995956420898
0.008016455918550491 0.998438835144043 0.9998934864997864 0.9986245036125183 0.9982500076293945 0.9984371662139893 0.007046638522297144 0.9986011385917664 0.9999879002571106 0.9989991784095764 0.998199999332428 0.9985994100570679
0.008108213543891907 0.9984013438224792 0.9998923540115356 0.9985246062278748 0.9982749819755554 0.9983997941017151 0.008584477938711643 0.9986011385917664 0.9996877312660217 0.9989991784095764 0.998199999332428 0.9985994100570679
0.0077063883654773235 0.9986886382102966 0.9998719692230225 0.9990243315696716 0.9983500242233276 0.9986870884895325 0.00803668424487114 0.9987010359764099 0.9996876120567322 0.9989994168281555 0.9983999729156494 0.9986996650695801
0.00836950819939375 0.9984887838363647 0.9998666644096375 0.9988491535186768 0.9981250166893005 0.9984869360923767 0.00664912536740303 0.9988009333610535 0.9999914169311523 0.9989995956420898 0.9986000061035156 0.998799741268158
0.007633462082594633 0.9986761212348938 0.999858558177948 0.9990493059158325 0.9983000159263611 0.9986745715141296 0.0067445929162204266 0.9989008903503418 0.9999908208847046 0.9991995096206665 0.9986000061035156 0.9988996982574463
0.007994623854756355 0.9985762238502502 0.9998183846473694 0.998874306678772 0.9982749819755554 0.9985746145248413 0.00737548153847456 0.9988009333610535 0.9999895095825195 0.9991993308067322 0.9983999729156494 0.9987994432449341
0.0082279397174716 0.9984762668609619 0.9998542666435242 0.998749315738678 0.998199999332428 0.9984745979309082 0.00717349024489522 0.9990007877349854 0.9997880458831787 0.9993995428085327 0.9986000061035156 0.9989995956420898
0.007756390143185854 0.9985886812210083 0.9998835325241089 0.9987995028495789 0.9983749985694885 0.9985872507095337 0.008145054802298546 0.998501181602478 0.9996885657310486 0.9989989995956421 0.9980000257492065 0.9984992742538452
0.008072001859545708 0.9985262751579285 0.9998548030853271 0.9987244606018066 0.998324990272522 0.9985246658325195 0.007261822000145912 0.9990007877349854 0.9999868869781494 0.9993995428085327 0.9986000061035156 0.9989995956420898
0.007935971021652222 0.9986886382102966 0.9998546242713928 0.9990992546081543 0.9982749819755554 0.9986869096755981 0.0066344779916107655 0.9988009333610535 0.9999921321868896 0.9987999796867371 0.9987999796867371 0.9987999796867371
0.007814846932888031 0.9985886812210083 0.9998825788497925 0.9989242553710938 0.9982500076293945 0.9985870718955994 0.007317588198930025 0.9986011385917664 0.9999852776527405 0.9986000061035156 0.9986000061035156 0.9986000061035156
0.007672988343983889 0.9985387325286865 0.999860405921936 0.9988742470741272 0.998199999332428 0.998537003993988 0.006756810005754232 0.9986011385917664 0.9999909996986389 0.9987995028495789 0.9983999729156494 0.998599648475647
0.008041364140808582 0.9985886812210083 0.9998666048049927 0.998824417591095 0.9983500242233276 0.9985871911048889 0.0066758375614881516 0.9989008903503418 0.9999914169311523 0.9989997744560242 0.9987999796867371 0.9988998770713806
0.007601096760481596 0.9986886382102966 0.9998459219932556 0.9989494681358337 0.9984250068664551 0.9986871480941772 0.0082095917314291 0.9991007447242737 0.9995882511138916 0.9995995759963989 0.9986000061035156 0.9990994930267334
0.007904126308858395 0.998626172542572 0.9998936653137207 0.999049186706543 0.998199999332428 0.9986244440078735 0.00709199346601963 0.9990007877349854 0.9999867081642151 0.9993995428085327 0.9986000061035156 0.9989995956420898
0.00757376616820693 0.9986886382102966 0.9998822212219238 0.9989244937896729 0.998449981212616 0.9986871480941772 0.007219200953841209 0.9987010359764099 0.999990701675415 0.9991992115974426 0.998199999332428 0.9986993670463562
0.00738129299134016 0.9988260269165039 0.999846339225769 0.9990745186805725 0.99857497215271 0.9988247156143188 0.00625833123922348 0.9990007877349854 0.9999937415122986 0.9990000128746033 0.9990000128746033 0.9990000128746033
0.007721222471445799 0.9985137581825256 0.9998927712440491 0.9987993240356445 0.9982249736785889 0.9985120892524719 0.00739588588476181 0.9988009333610535 0.9999886751174927 0.9993993043899536 0.998199999332428 0.9987992644309998
0.007782322354614735 0.9986136555671692 0.9998695254325867 0.9987995624542236 0.9984250068664551 0.9986122846603394 0.006379622966051102 0.9989008903503418 0.9999925494194031 0.9991995096206665 0.9986000061035156 0.9988996982574463
0.007514994591474533 0.9985762238502502 0.9998474717140198 0.9989492297172546 0.998199999332428 0.9985744953155518 0.006175529211759567 0.9990007877349854 0.9999923706054688 0.9991996884346008 0.9987999796867371 0.9989997744560242
0.007015565410256386 0.9988510012626648 0.9999121427536011 0.9990995526313782 0.9986000061035156 0.9988497495651245 0.006184048485010862 0.9991007447242737 0.9999942183494568 0.9995995759963989 0.9986000061035156 0.9990994930267334
0.0072677405551075935 0.9986761212348938 0.999921441078186 0.9989743828773499 0.9983749985694885 0.9986746311187744 0.006547509226948023 0.9990007877349854 0.9999908804893494 0.9993995428085327 0.9986000061035156 0.9989995956420898
0.007675926201045513 0.9986386299133301 0.9998598694801331 0.998999297618866 0.9982749819755554 0.9986370205879211 0.006648838985711336 0.9990007877349854 0.9998921751976013 0.9991996884346008 0.9987999796867371 0.9989997744560242
0.007426593918353319 0.9987010955810547 0.9999209642410278 0.9990243911743164 0.9983749985694885 0.9986996650695801 0.006106432527303696 0.9991007447242737 0.9999942779541016 0.9991998672485352 0.9990000128746033 0.999099850654602
0.007424899842590094 0.9986886382102966 0.9998581409454346 0.9989993572235107 0.9983749985694885 0.9986870884895325 0.006681366823613644 0.9990007877349854 0.9999865889549255 0.9993995428085327 0.9986000061035156 0.9989995956420898
0.00720837851986289 0.9988759756088257 0.9998962879180908 0.9991744756698608 0.99857497215271 0.9988746643066406 0.006005328148603439 0.9991007447242737 0.9999950528144836 0.9991998672485352 0.9990000128746033 0.999099850654602
0.007157774642109871 0.9987260699272156 0.9999104142189026 0.9990493655204773 0.9983999729156494 0.9987245798110962 0.0069413380697369576 0.9991007447242737 0.999889612197876 0.9995995759963989 0.9986000061035156 0.9990994930267334
0.007307885680347681 0.9986761212348938 0.9998851418495178 0.9990243315696716 0.998324990272522 0.9986745715141296 0.0066887629218399525 0.9989008903503418 0.9998933672904968 0.9988002181053162 0.9990000128746033 0.9989001154899597
0.00710583059117198 0.9988009929656982 0.9998984336853027 0.9990994334220886 0.9984999895095825 0.9987996816635132 0.005962996743619442 0.9989008903503418 0.9999940991401672 0.9989997744560242 0.9987999796867371 0.9988998770713806
0.00700993649661541 0.9989383816719055 0.999861478805542 0.9992245435714722 0.9986500144004822 0.9989372491836548 0.006250962149351835 0.9989008903503418 0.9999930262565613 0.9991995096206665 0.9986000061035156 0.9988996982574463
0.0071702334098517895 0.9987760186195374 0.9998852014541626 0.9990744590759277 0.9984750151634216 0.9987746477127075 0.0064759282395243645 0.9990007877349854 0.9999916553497314 0.9991996884346008 0.9987999796867371 0.9989997744560242
0.0074511426500976086 0.9987010955810547 0.9998225569725037 0.9989744424819946 0.9984250068664551 0.9986996650695801 0.008374342694878578 0.9990007877349854 0.9998881220817566 0.9986011385917664 0.9994000196456909 0.9990004301071167
0.007556884549558163 0.9986136555671692 0.999882161617279 0.9989243149757385 0.9983000159263611 0.998612105846405 0.006392083130776882 0.9989008903503418 0.9999914169311523 0.9991995096206665 0.9986000061035156 0.9988996982574463
0.00715529965236783 0.998838484287262 0.9998841881752014 0.9992244243621826 0.998449981212616 0.9988369941711426 0.005576657596975565 0.9991007447242737 0.9999951720237732 0.9993996620178223 0.9987999796867371 0.9990996718406677
0.0069456580094993114 0.9987136125564575 0.999936044216156 0.9989744424819946 0.998449981212616 0.9987121820449829 0.006555661093443632 0.9989008903503418 0.9999909400939941 0.9991995096206665 0.9986000061035156 0.9988996982574463
0.006654555443674326 0.9989009499549866 0.9999384880065918 0.9991245865821838 0.9986749887466431 0.9988996982574463 0.006443642545491457 0.9990007877349854 0.9999922513961792 0.9990000128746033 0.9990000128746033 0.9990000128746033
0.006855340674519539 0.9988634586334229 0.9998759627342224 0.9989997148513794 0.9987249970436096 0.9988622665405273 0.006796417757868767 0.9989008903503418 0.9999891519546509 0.9991995096206665 0.9986000061035156 0.9988996982574463
0.007012104615569115 0.9987510442733765 0.99992436170578 0.9990244507789612 0.9984750151634216 0.9987496733665466 0.006736994720995426 0.9991007447242737 0.9999884963035583 0.9995995759963989 0.9986000061035156 0.9990994930267334
0.006953618489205837 0.9988260269165039 0.9999103546142578 0.9991494417190552 0.9984999895095825 0.9988245964050293 0.0057464418932795525 0.9990007877349854 0.9999947547912598 0.9991996884346008 0.9987999796867371 0.9989997744560242
0.0066864946857094765 0.9988634586334229 0.9998999834060669 0.9992244243621826 0.9984999895095825 0.998862087726593 0.0055399383418262005 0.9991007447242737 0.9999954104423523 0.9991998672485352 0.9990000128746033 0.999099850654602
0.006793648470193148 0.9989134073257446 0.9999234080314636 0.9992495179176331 0.99857497215271 0.9989121556282043 0.006443577352911234 0.9989008903503418 0.999991238117218 0.9993994235992432 0.9983999729156494 0.9988994598388672
0.006705859210342169 0.9989134073257446 0.9998757839202881 0.9991745948791504 0.9986500144004822 0.9989122152328491 0.005890341009944677 0.9990007877349854 0.999994158744812 0.9991996884346008 0.9987999796867371 0.9989997744560242
0.006630753632634878 0.9989383816719055 0.9998628497123718 0.9992495179176331 0.9986249804496765 0.9989371299743652 0.00624497327953577 0.9990007877349854 0.9999902248382568 0.9993995428085327 0.9986000061035156 0.9989995956420898
0.007481265347450972 0.9985886812210083 0.999846875667572 0.9987496137619019 0.9984250068664551 0.9985873103141785 0.00849113892763853 0.9988009333610535 0.9994857311248779 0.9991993308067322 0.9983999729156494 0.9987994432449341
0.006872805766761303 0.9988260269165039 0.9998749494552612 0.9991744160652161 0.9984750151634216 0.9988245964050293 0.005839735269546509 0.9990007877349854 0.9999940395355225 0.9990000128746033 0.9990000128746033 0.9990000128746033
0.006884266622364521 0.9988260269165039 0.9998872876167297 0.9990246295928955 0.9986249804496765 0.9988247752189636 0.006221046671271324 0.9991007447242737 0.9999915957450867 0.9995995759963989 0.9986000061035156 0.9990994930267334
0.006857604719698429 0.9988759756088257 0.9998739957809448 0.9991994500160217 0.9985499978065491 0.9988746047019958 0.0064124236814677715 0.998501181602478 0.9999924898147583 0.9982010722160339 0.9987999796867371 0.998500406742096
0.006603654474020004 0.9989758729934692 0.9998502731323242 0.9991496801376343 0.9987999796867371 0.9989748001098633 0.0069078016094863415 0.9988009333610535 0.999990701675415 0.9995993375778198 0.9980000257492065 0.9987990260124207
0.006274895276874304 0.999025821685791 0.9999038577079773 0.99932461977005 0.9987249970436096 0.9990246891975403 0.0063274577260017395 0.9989008903503418 0.9999929070472717 0.9989997744560242 0.9987999796867371 0.9988998770713806
0.006897669285535812 0.9989134073257446 0.9998982548713684 0.9991745948791504 0.9986500144004822 0.9989122152328491 0.0066660684533417225 0.9989008903503418 0.9999927878379822 0.9995994567871094 0.998199999332428 0.9988992810249329
0.0067221480421721935 0.9988884329795837 0.9998998641967773 0.9991495609283447 0.9986249804496765 0.9988871812820435 0.006190767511725426 0.9989008903503418 0.9999931454658508 0.9991995096206665 0.9986000061035156 0.9988996982574463
0.006900315172970295 0.9987760186195374 0.9999250173568726 0.9990494847297668 0.9984999895095825 0.9987746477127075 0.005834545940160751 0.9990007877349854 0.9999942183494568 0.9991996884346008 0.9987999796867371 0.9989997744560242
0.006847605109214783 0.9988135099411011 0.9998749494552612 0.9990245699882507 0.9986000061035156 0.998812198638916 0.005378226283937693 0.9991007447242737 0.999995768070221 0.9993996620178223 0.9987999796867371 0.9990996718406677
0.006778036244213581 0.9987760186195374 0.9998863935470581 0.9990994334220886 0.998449981212616 0.9987745881080627 0.006102729123085737 0.9987010359764099 0.9999933838844299 0.998799741268158 0.9986000061035156 0.9986998438835144
0.006599698215723038 0.9988260269165039 0.9999386072158813 0.9991244673728943 0.9985250234603882 0.9988247156143188 0.007290912792086601 0.9989008903503418 0.9996914863586426 0.9993994235992432 0.9983999729156494 0.9988994598388672
0.006491650827229023 0.9990008473396301 0.999889075756073 0.9992995858192444 0.9987000226974487 0.9989996552467346 0.005920482333749533 0.9990007877349854 0.9999943971633911 0.9991996884346008 0.9987999796867371 0.9989997744560242
0.006559211295098066 0.9988510012626648 0.9999002814292908 0.9990995526313782 0.9986000061035156 0.9988497495651245 0.0066321673803031445 0.9987010359764099 0.9999891519546509 0.998799741268158 0.9986000061035156 0.9986998438835144
0.006725197657942772 0.9987885355949402 0.9998513460159302 0.998924732208252 0.9986500144004822 0.9987872838973999 0.005611945874989033 0.9990007877349854 0.9999945163726807 0.9991996884346008 0.9987999796867371 0.9989997744560242
0.0065684691071510315 0.9989259243011475 0.9998883008956909 0.9992495179176331 0.9986000061035156 0.998924732208252 0.005984453018754721 0.9988009333610535 0.9999929070472717 0.9989995956420898 0.9986000061035156 0.998799741268158
0.0063011376187205315 0.9989383816719055 0.9998780488967896 0.9991496205329895 0.9987249970436096 0.9989372491836548 0.0059900591149926186 0.9989008903503418 0.9999930262565613 0.9991995096206665 0.9986000061035156 0.9988996982574463
0.006428427062928677 0.9989134073257446 0.9999023675918579 0.999424397945404 0.9983999729156494 0.9989118576049805 0.005673112813383341 0.9992006421089172 0.9999934434890747 0.9995996952056885 0.9987999796867371 0.999199628829956
0.006236277054995298 0.999013364315033 0.9999275207519531 0.9992995858192444 0.9987249970436096 0.9990122318267822 0.005914985667914152 0.9988009333610535 0.9999913573265076 0.9987999796867371 0.9987999796867371 0.9987999796867371
0.006637813523411751 0.9989009499549866 0.9998886585235596 0.9992244839668274 0.99857497215271 0.9988996982574463 0.00575977424159646 0.9991007447242737 0.9999946355819702 0.9995995759963989 0.9986000061035156 0.9990994930267334
0.006389914080500603 0.9989134073257446 0.9999023079872131 0.9992245435714722 0.9986000061035156 0.9989121556282043 0.0057120793499052525 0.9989008903503418 0.9999948143959045 0.9989997744560242 0.9987999796867371 0.9988998770713806
0.006191776134073734 0.9991132616996765 0.9999146461486816 0.9994246363639832 0.9987999796867371 0.9991122484207153 0.005581538658589125 0.9992006421089172 0.9999942183494568 0.9995996952056885 0.9987999796867371 0.999199628829956
0.006003853864967823 0.9990633130073547 0.9999045133590698 0.9992496967315674 0.9988750219345093 0.9990622997283936 0.005367693956941366 0.9992006421089172 0.9999966621398926 0.9995996952056885 0.9987999796867371 0.999199628829956
0.00621146522462368 0.9990383386611938 0.9999032020568848 0.9993495941162109 0.9987249970436096 0.9990372061729431 0.006264909636229277 0.9987010359764099 0.9999924898147583 0.998799741268158 0.9986000061035156 0.9986998438835144
0.006330221891403198 0.9988884329795837 0.9998897314071655 0.9990746378898621 0.9987000226974487 0.998887300491333 0.005293135065585375 0.9991007447242737 0.9999961256980896 0.9993996620178223 0.9987999796867371 0.9990996718406677
0.006499032024294138 0.9988135099411011 0.9999150037765503 0.9990745186805725 0.9985499978065491 0.998812198638916 0.006063059903681278 0.9991007447242737 0.9999929070472717 0.9995995759963989 0.9986000061035156 0.9990994930267334
0.006483062636107206 0.998838484287262 0.9998888373374939 0.9991244673728943 0.9985499978065491 0.9988371133804321 0.006175522226840258 0.9989008903503418 0.9999916553497314 0.9989997744560242 0.9987999796867371 0.9988998770713806
0.006158767268061638 0.9989758729934692 0.9999285340309143 0.9992495775222778 0.9987000226974487 0.9989746809005737 0.005464138928800821 0.9990007877349854 0.9999958276748657 0.9991996884346008 0.9987999796867371 0.9989997744560242
0.0063261426985263824 0.9990757703781128 0.9999012351036072 0.9993996024131775 0.9987499713897705 0.9990746974945068 0.005809984635561705 0.9991007447242737 0.9999942779541016 0.9995995759963989 0.9986000061035156 0.9990994930267334
0.0063082557171583176 0.9990757703781128 0.9998643398284912 0.9992997050285339 0.9988499879837036 0.9990748763084412 0.005771016236394644 0.9990007877349854 0.9999951124191284 0.9991996884346008 0.9987999796867371 0.9989997744560242
0.006375347729772329 0.9989758729934692 0.999927282333374 0.9992495775222778 0.9987000226974487 0.9989746809005737 0.005974437575787306 0.9990007877349854 0.9999927282333374 0.9991996884346008 0.9987999796867371 0.9989997744560242
0.006053286138921976 0.9989883303642273 0.9999034404754639 0.9993495345115662 0.9986249804496765 0.9989871382713318 0.00570573890581727 0.9992006421089172 0.9999943971633911 0.9997997879981995 0.9986000061035156 0.9991995692253113
0.006114170886576176 0.999013364315033 0.9998543858528137 0.9992746114730835 0.9987499713897705 0.9990122318267822 0.005605333484709263 0.9988009333610535 0.9999956488609314 0.9986005425453186 0.9990000128746033 0.9988002181053162
0.00723424693569541 0.9987385869026184 0.9998570680618286 0.9989994764328003 0.9984750151634216 0.9987372159957886 0.006697448901832104 0.9983013868331909 0.9999929070472717 0.997802197933197 0.9987999796867371 0.9983008503913879
0.0064997621811926365 0.9989633560180664 0.9998646378517151 0.9992745518684387 0.9986500144004822 0.9989621639251709 0.006121354177594185 0.9989008903503418 0.9999916553497314 0.9991995096206665 0.9986000061035156 0.9988996982574463
0.006293156649917364 0.999013364315033 0.999926745891571 0.9992496371269226 0.9987750053405762 0.9990122318267822 0.0061714439652860165 0.9989008903503418 0.9999926686286926 0.9991995096206665 0.9986000061035156 0.9988996982574463
0.0060977693647146225 0.9989883303642273 0.9999279975891113 0.9992246031761169 0.9987499713897705 0.9989871978759766 0.005417897365987301 0.9992006421089172 0.9999952912330627 0.9995996952056885 0.9987999796867371 0.999199628829956
0.006494453642517328 0.999013364315033 0.9998636841773987 0.9992496371269226 0.9987750053405762 0.9990122318267822 0.005577709060162306 0.9990007877349854 0.9999954700469971 0.9991996884346008 0.9987999796867371 0.9989997744560242
0.005684930365532637 0.9990383386611938 0.9999188780784607 0.9993745684623718 0.9987000226974487 0.9990372061729431 0.0057943351566791534 0.9991007447242737 0.9999920725822449 0.9993996620178223 0.9987999796867371 0.9990996718406677
0.006043552421033382 0.999013364315033 0.9999025464057922 0.9993995428085327 0.9986249804496765 0.9990121722221375 0.005751119460910559 0.9990007877349854 0.999994158744812 0.9991996884346008 0.9987999796867371 0.9989997744560242
0.006333805155009031 0.9989259243011475 0.9998775720596313 0.9991496205329895 0.9987000226974487 0.9989247918128967 0.005533028393983841 0.9992006421089172 0.9999938607215881 0.9995996952056885 0.9987999796867371 0.999199628829956
