loss_s0103 accuracy_s0103 val_auc_s0103 precision_s0103 recall_s0103 f1_score_s0103 val_loss_s0103 val_accuracy_s0103 val_val_auc_s0103 val_precision_s0103 val_recall_s0103 val_f1_score_s0103
0.11651266366243362 0.9695316553115845 0.9944238662719727 0.9860730171203613 0.9523000121116638 0.9688922166824341 0.034522369503974915 0.9924257397651672 0.9985175132751465 0.9877179265022278 0.9972000122070312 0.9924363493919373
0.03271669149398804 0.9911061525344849 0.9984040260314941 0.9927256107330322 0.9894000291824341 0.9910600781440735 0.03249919041991234 0.9948176145553589 0.9984448552131653 0.9916534423828125 0.9980000257492065 0.9948166012763977
0.029121557250618935 0.9926258325576782 0.9986077547073364 0.9933894276618958 0.9918000102043152 0.9925940632820129 0.02580852434039116 0.9940203428268433 0.9985174536705017 0.9959839582443237 0.9919999837875366 0.9939879775047302
0.02616378478705883 0.993198812007904 0.9988934397697449 0.9943366646766663 0.9919999837875366 0.9931669235229492 0.02757486142218113 0.9956148862838745 0.9983204007148743 0.9952038526535034 0.9959999918937683 0.9956017732620239
0.023734280839562416 0.993796706199646 0.998906135559082 0.9952359199523926 0.9922999739646912 0.9937657117843628 0.023625679314136505 0.9938210248947144 0.9985719919204712 0.9955841302871704 0.9919999837875366 0.9937888383865356
0.023083405569195747 0.9940458536148071 0.9988892078399658 0.9954866766929626 0.9925500154495239 0.994016170501709 0.02285703271627426 0.9934223890304565 0.9985108375549316 0.9955805540084839 0.9911999702453613 0.993385374546051
0.021605324000120163 0.9947683215141296 0.9991230964660645 0.9960894584655762 0.993399977684021 0.9947428703308105 0.03337859734892845 0.9958142042160034 0.9981014132499695 0.993235170841217 0.9983999729156494 0.9958109259605408
0.021674979478120804 0.9945191740989685 0.9990333914756775 0.9957890510559082 0.9932000041007996 0.994492769241333 0.02242904342710972 0.9960135817527771 0.9982584118843079 0.9948124289512634 0.9972000122070312 0.9960047602653503
0.02039560116827488 0.9947434067726135 0.9991841912269592 0.9958406686782837 0.9936000108718872 0.9947190880775452 0.023376937955617905 0.9958142042160034 0.9983170032501221 0.9948104023933411 0.9968000054359436 0.9958042502403259
0.01876816712319851 0.9952167272567749 0.9991754293441772 0.996441125869751 0.9939500093460083 0.9951940178871155 0.02081429213285446 0.9958142042160034 0.9986472725868225 0.9956017732620239 0.9959999918937683 0.9958008527755737
0.018576590344309807 0.995465874671936 0.9991861581802368 0.9963931441307068 0.9944999814033508 0.9954456686973572 0.020771749317646027 0.9960135817527771 0.9985506534576416 0.995207667350769 0.9968000054359436 0.9960031509399414
0.01884273812174797 0.9953911304473877 0.9992003440856934 0.9963926076889038 0.994350016117096 0.9953702092170715 0.01973065920174122 0.996212899684906 0.9988180994987488 0.9948145151138306 0.9976000189781189 0.9962053894996643
0.017718041315674782 0.9957150220870972 0.9992067813873291 0.9965938925743103 0.9947999715805054 0.9956961274147034 0.020513491705060005 0.9966115355491638 0.9986419677734375 0.9948186278343201 0.9983999729156494 0.9966060519218445
0.018351219594478607 0.9956153631210327 0.9991299510002136 0.9969915747642517 0.9941999912261963 0.995593786239624 0.019372396171092987 0.9956148862838745 0.9988226890563965 0.9955999851226807 0.9955999851226807 0.9955999851226807
0.01815536990761757 0.9957399368286133 0.9992198944091797 0.9964945912361145 0.994949996471405 0.995721697807312 0.0207985769957304 0.9960135817527771 0.9988077282905579 0.9944178462028503 0.9976000189781189 0.996006429195404
0.01670709438621998 0.9958644509315491 0.9993570446968079 0.9965949058532715 0.9951000213623047 0.9958469271659851 0.019264234229922295 0.9956148862838745 0.998835563659668 0.9948083162307739 0.996399998664856 0.9956035614013672
0.017877012491226196 0.9957648515701294 0.999224066734314 0.9965941905975342 0.9948999881744385 0.9957463145256042 0.0189023669809103 0.9964122176170349 0.9988192319869995 0.9952114820480347 0.9976000189781189 0.9964043498039246
0.01617824286222458 0.9959641098976135 0.999397337436676 0.9967448115348816 0.9951500296592712 0.9959467649459839 0.02813102677464485 0.9934223890304565 0.9987540245056152 0.9971785545349121 0.9896000027656555 0.9933748245239258
0.016108671203255653 0.996288001537323 0.9992893934249878 0.9971449971199036 0.9954000115394592 0.9962717294692993 0.020231470465660095 0.9968108534812927 0.9991183280944824 0.9956105351448059 0.9980000257492065 0.9968038201332092
0.015567529015243053 0.9961883425712585 0.9994433522224426 0.9970946311950684 0.9952499866485596 0.9961714744567871 0.017359139397740364 0.9968108534812927 0.999077558517456 0.9956105351448059 0.9980000257492065 0.9968038201332092
0.0157232116907835 0.9962630867958069 0.9992535710334778 0.9970452785491943 0.9954500198364258 0.9962470531463623 0.018828492611646652 0.9960135817527771 0.9989709854125977 0.9963971376419067 0.9955999851226807 0.9959983825683594
0.015424348413944244 0.9961135983467102 0.9994114637374878 0.9968452453613281 0.9953500032424927 0.9960970282554626 0.020479092374444008 0.9964122176170349 0.9990737438201904 0.9936356544494629 0.9991999864578247 0.9964100122451782
0.01468146126717329 0.9964624047279358 0.999492347240448 0.9971460103988647 0.9957500100135803 0.9964474439620972 0.017044851556420326 0.9966115355491638 0.999087929725647 0.9956088066101074 0.9976000189781189 0.9966034293174744
0.015042106620967388 0.9965620040893555 0.9994242787361145 0.9972461462020874 0.9958500266075134 0.9965476393699646 0.017839455977082253 0.9964122176170349 0.9991108775138855 0.9948166012763977 0.9980000257492065 0.9964057207107544
0.015212700702250004 0.9962381720542908 0.999413013458252 0.99704509973526 0.9954000115394592 0.9962218999862671 0.022439446300268173 0.9964122176170349 0.9987300038337708 0.9952114820480347 0.9976000189781189 0.9964043498039246
0.014403616078197956 0.9969855546951294 0.9993830919265747 0.9974475502967834 0.9965000152587891 0.9969735741615295 0.016408780589699745 0.9974088072776794 0.9990985989570618 0.9960111975669861 0.9987999796867371 0.997403621673584
0.013913773000240326 0.9965620040893555 0.9994766116142273 0.9970967769622803 0.9959999918937683 0.996548056602478 0.017838429659605026 0.9964122176170349 0.9990853667259216 0.9952114820480347 0.9976000189781189 0.9964043498039246
0.013338678516447544 0.9968609809875488 0.999452531337738 0.9976462125778198 0.9960500001907349 0.9968474507331848 0.01768898032605648 0.9964122176170349 0.9990779757499695 0.9952114820480347 0.9976000189781189 0.9964043498039246
0.013504717499017715 0.9966367483139038 0.999397337436676 0.9973461627960205 0.9958999752998352 0.996622622013092 0.016285281628370285 0.9966115355491638 0.9992966055870056 0.997196614742279 0.9959999918937683 0.996597945690155
0.013113916851580143 0.9967862367630005 0.9995654225349426 0.9976458549499512 0.9958999752998352 0.9967721700668335 0.019841253757476807 0.9970101714134216 0.9990884065628052 0.9948228001594543 0.9991999864578247 0.9970065355300903
0.01324400119483471 0.9968111515045166 0.9995855093002319 0.9976459741592407 0.9959499835968018 0.9967972636222839 0.014778152108192444 0.9972094893455505 0.9993255734443665 0.9956140518188477 0.9987999796867371 0.9972044229507446
0.012684286572039127 0.9970353841781616 0.9995470643043518 0.9976470470428467 0.996399998664856 0.9970231056213379 0.018911683931946754 0.9964122176170349 0.9991557002067566 0.9940286874771118 0.9987999796867371 0.9964086413383484
0.012664810754358768 0.9973343014717102 0.9994161128997803 0.9979972839355469 0.996649980545044 0.997323215007782 0.017595207318663597 0.9970101714134216 0.999153733253479 0.9948228001594543 0.9991999864578247 0.9970065355300903
0.01274365745484829 0.9969606399536133 0.9994139671325684 0.9977464079856873 0.996150016784668 0.9969475865364075 0.016125449910759926 0.9972094893455505 0.9994615316390991 0.9956140518188477 0.9987999796867371 0.9972044229507446
0.011358005926012993 0.9974588751792908 0.9996811747550964 0.9978981018066406 0.996999979019165 0.9974488615989685 0.013930089771747589 0.9970101714134216 0.9993185997009277 0.9960079789161682 0.9980000257492065 0.9970029592514038
0.0127952815964818 0.99711012840271 0.9995808601379395 0.997796893119812 0.996399998664856 0.9970979690551758 0.014096437022089958 0.9974088072776794 0.9993541836738586 0.9956157803535461 0.9991999864578247 0.9974046349525452
0.011394809000194073 0.9976083636283875 0.9995633959770203 0.9982477426528931 0.9969499707221985 0.99759840965271 0.016193019226193428 0.9966115355491638 0.9992973208427429 0.9960048198699951 0.9972000122070312 0.9966020584106445
0.010755804367363453 0.9974588751792908 0.9996973872184753 0.9978981018066406 0.996999979019165 0.9974488615989685 0.014608084224164486 0.9970101714134216 0.9993528723716736 0.9964042901992798 0.9976000189781189 0.9970018267631531
0.011571081355214119 0.9973592162132263 0.9995582103729248 0.9979475140571594 0.996749997138977 0.9973483681678772 0.013113046996295452 0.9974088072776794 0.9993724822998047 0.9960111975669861 0.9987999796867371 0.997403621673584
0.010956679470837116 0.9973592162132263 0.9996922612190247 0.9979475140571594 0.996749997138977 0.9973483681678772 0.02139592356979847 0.9972094893455505 0.9991596341133118 0.9952191114425659 0.9991999864578247 0.9972055554389954
0.011865231208503246 0.9970353841781616 0.9996253252029419 0.9976968765258789 0.9963499903678894 0.9970229268074036 0.01256125420331955 0.9970101714134216 0.9995658993721008 0.9952172040939331 0.9987999796867371 0.9970054030418396
0.011335683055222034 0.9976581931114197 0.9995568990707397 0.9980983138084412 0.9972000122070312 0.9976488947868347 0.011959732510149479 0.9968108534812927 0.9995655417442322 0.9956105351448059 0.9980000257492065 0.9968038201332092
0.01121620275080204 0.9976083636283875 0.9996055960655212 0.9981978535652161 0.996999979019165 0.9975985884666443 0.013039596378803253 0.9974088072776794 0.9993759989738464 0.9956157803535461 0.9991999864578247 0.9974046349525452
0.009905894286930561 0.9979820847511292 0.9996206164360046 0.9983986616134644 0.9975500106811523 0.997974157333374 0.012943204492330551 0.9976081252098083 0.9993663430213928 0.9964086413383484 0.9987999796867371 0.9976028800010681
0.010339584201574326 0.9974090456962585 0.9997177124023438 0.9981472492218018 0.996649980545044 0.9973980188369751 0.010226461105048656 0.9982060790061951 0.9995773434638977 0.9976028800010681 0.9987999796867371 0.9982010722160339
0.009579703211784363 0.9979820847511292 0.9997084140777588 0.9984984397888184 0.9974499940872192 0.9979739189147949 0.0142433512955904 0.9976081252098083 0.999559760093689 0.9964086413383484 0.9987999796867371 0.9976028800010681
0.00929160788655281 0.9980319142341614 0.9997822046279907 0.9986982345581055 0.9973499774932861 0.9980236291885376 0.013686953112483025 0.9976081252098083 0.9995812177658081 0.9960127472877502 0.9991999864578247 0.9976038336753845
0.009910974651575089 0.9978076815605164 0.9997410178184509 0.9983481764793396 0.9972500205039978 0.9977988004684448 0.01492531318217516 0.9976081252098083 0.9995637536048889 0.9960127472877502 0.9991999864578247 0.9976038336753845
0.008641203865408897 0.9980319142341614 0.9998409152030945 0.9983987808227539 0.9976500272750854 0.9980242848396301 0.010935342870652676 0.9976081252098083 0.9995882511138916 0.9964086413383484 0.9987999796867371 0.9976028800010681
0.008895419538021088 0.9977827668190002 0.9997431635856628 0.9983980059623718 0.9971500039100647 0.9977736473083496 0.015107604674994946 0.9974088072776794 0.9993823170661926 0.9956157803535461 0.9991999864578247 0.9974046349525452
0.009065292775630951 0.99833083152771 0.9996775388717651 0.9988487958908081 0.9977999925613403 0.9983240962028503 0.013019372709095478 0.9972094893455505 0.9993917346000671 0.9952191114425659 0.9991999864578247 0.9972055554389954
0.008565397933125496 0.9981065988540649 0.9997904896736145 0.99844890832901 0.9977499842643738 0.9980993270874023 0.011759159155189991 0.9978074431419373 0.9995880126953125 0.996410071849823 0.9991999864578247 0.9978030920028687
0.009461687877774239 0.9981813430786133 0.9996980428695679 0.9987984895706177 0.9975500106811523 0.9981738328933716 0.012487274594604969 0.9976081252098083 0.9995875954627991 0.9960127472877502 0.9991999864578247 0.9976038336753845
0.009463735856115818 0.9978076815605164 0.9997096657752991 0.9983980655670166 0.9972000122070312 0.9977986812591553 0.01258291769772768 0.9972094893455505 0.9995908737182617 0.9952191114425659 0.9991999864578247 0.9972055554389954
0.00827467255294323 0.9983557462692261 0.9997995495796204 0.9986990690231323 0.9980000257492065 0.9983494281768799 0.012334220111370087 0.9980067610740662 0.9995708465576172 0.9972044825553894 0.9987999796867371 0.9980015754699707
0.008834281004965305 0.9981065988540649 0.9997909069061279 0.9986984133720398 0.9975000023841858 0.9980988502502441 0.011916129849851131 0.9978074431419373 0.9995862245559692 0.996410071849823 0.9991999864578247 0.9978030920028687
0.0083352355286479 0.99833083152771 0.9997246861457825 0.9989986419677734 0.9976500272750854 0.9983238577842712 0.011980626732110977 0.9978074431419373 0.9995861649513245 0.996410071849823 0.9991999864578247 0.9978030920028687
0.008146521635353565 0.9982311725616455 0.999798595905304 0.9986488223075867 0.9977999925613403 0.9982242584228516 0.013939565047621727 0.9976081252098083 0.9993903636932373 0.9960127472877502 0.9991999864578247 0.9976038336753845
0.007751688361167908 0.9984304904937744 0.9997257590293884 0.998948872089386 0.9979000091552734 0.9984241724014282 0.009368198923766613 0.9978074431419373 0.9995960593223572 0.996410071849823 0.9991999864578247 0.9978030920028687
0.008613012731075287 0.9982560873031616 0.9997627139091492 0.9986988306045532 0.9977999925613403 0.9982492327690125 0.007642950862646103 0.998405396938324 0.9997908473014832 0.9980015754699707 0.9987999796867371 0.9984005689620972
0.008202910423278809 0.9983806610107422 0.9997724890708923 0.9988489151000977 0.9979000091552734 0.9983742833137512 0.00954495370388031 0.9980067610740662 0.9995939135551453 0.9968076348304749 0.9991999864578247 0.9980023503303528
0.008669242262840271 0.9982810020446777 0.9997386932373047 0.9987488389015198 0.9977999925613403 0.9982741475105286 0.009501385502517223 0.9982060790061951 0.9995913505554199 0.9972056150436401 0.9991999864578247 0.998201847076416
0.0076161581091582775 0.9987294673919678 0.9996988773345947 0.9991492629051208 0.9983000159263611 0.9987244606018066 0.009298522025346756 0.998405396938324 0.9995887279510498 0.9976038336753845 0.9991999864578247 0.9984012842178345
0.007530377246439457 0.998555064201355 0.9998257756233215 0.9988992214202881 0.998199999332428 0.9985495209693909 0.010711551643908024 0.998405396938324 0.9995935559272766 0.9976038336753845 0.9991999864578247 0.9984012842178345
0.006880638655275106 0.9987543821334839 0.9998780488967896 0.9990993738174438 0.9983999729156494 0.9987495541572571 0.012346707284450531 0.998405396938324 0.9995912909507751 0.9972066879272461 0.9995999932289124 0.998401939868927
0.008037067018449306 0.9984304904937744 0.9997955560684204 0.998898983001709 0.99795001745224 0.998424232006073 0.011767672374844551 0.9980067610740662 0.9995930790901184 0.9968076348304749 0.9991999864578247 0.9980023503303528
0.007561871781945229 0.9988042116165161 0.9997233152389526 0.9993492960929871 0.9982500076293945 0.9987993240356445 0.00982484221458435 0.9982060790061951 0.9995904564857483 0.9972056150436401 0.9991999864578247 0.998201847076416
0.00683349184691906 0.9987294673919678 0.9998306035995483 0.9990993142127991 0.9983500242233276 0.9987245202064514 0.009998341090977192 0.9982060790061951 0.9993974566459656 0.9968089461326599 0.9995999932289124 0.9982025027275085
0.007351805455982685 0.9985799789428711 0.9998257160186768 0.9988493919372559 0.9983000159263611 0.9985746145248413 0.008177164942026138 0.9982060790061951 0.9997852444648743 0.9983993768692017 0.9980000257492065 0.9981997013092041
0.007028085179626942 0.9987294673919678 0.9998026490211487 0.9990993142127991 0.9983500242233276 0.9987245202064514 0.010811853222548962 0.9978074431419373 0.9993982315063477 0.996410071849823 0.9991999864578247 0.9978030920028687
0.0073560308665037155 0.9983557462692261 0.9998530745506287 0.9985992908477783 0.9980999827384949 0.9983495473861694 0.012219934724271297 0.9976081252098083 0.9993981719017029 0.9956175088882446 0.9995999932289124 0.9976047277450562
0.0070137628354132175 0.9984803199768066 0.9999298453330994 0.9989489912986755 0.9980000257492065 0.9984742999076843 0.011161110363900661 0.9980067610740662 0.9993991255760193 0.9964115023612976 0.9995999932289124 0.9980031847953796
0.007451341953128576 0.9984554052352905 0.9998297095298767 0.9987991452217102 0.9980999827384949 0.998449444770813 0.010268939658999443 0.9980067610740662 0.9995965361595154 0.9964115023612976 0.9995999932289124 0.9980031847953796
0.006389066111296415 0.9987294673919678 0.9998601675033569 0.9990493655204773 0.9983999729156494 0.9987245798110962 0.012720033526420593 0.9978074431419373 0.9993942379951477 0.9960143566131592 0.9995999932289124 0.9978039860725403
0.006641531363129616 0.9988291263580322 0.99983149766922 0.9990495443344116 0.9986000061035156 0.9988247156143188 0.015192437916994095 0.9972094893455505 0.999167799949646 0.9979968070983887 0.996399998664856 0.9971977472305298
0.007882953621447086 0.998555064201355 0.9996960163116455 0.9990490674972534 0.9980499744415283 0.9985492825508118 0.010229434818029404 0.9978074431419373 0.9995816349983215 0.9972033500671387 0.9983999729156494 0.9978013038635254
0.006721228361129761 0.9988539814949036 0.9998536109924316 0.9993993639945984 0.9983000159263611 0.9988493919372559 0.011267999187111855 0.9978074431419373 0.9993959069252014 0.996410071849823 0.9991999864578247 0.9978030920028687
0.006587368901818991 0.9986796379089355 0.9998341798782349 0.9989993572235107 0.9983500242233276 0.9986746311187744 0.008902776055037975 0.9986047148704529 0.999595046043396 0.9976047873497009 0.9995999932289124 0.9986013770103455
0.006583265960216522 0.9987294673919678 0.9998309016227722 0.9990993142127991 0.9983500242233276 0.9987245202064514 0.010078761726617813 0.9986047148704529 0.9993970394134521 0.9976047873497009 0.9995999932289124 0.9986013770103455
0.006676884833723307 0.998555064201355 0.9998592138290405 0.9988992214202881 0.998199999332428 0.9985495209693909 0.011189027689397335 0.9978074431419373 0.9995909929275513 0.9972033500671387 0.9983999729156494 0.9978013038635254
0.007118656765669584 0.9983557462692261 0.9998058676719666 0.9987989068031311 0.9979000091552734 0.9983492493629456 0.00915713794529438 0.9990034103393555 0.9995962381362915 0.998401939868927 0.9995999932289124 0.999000608921051
0.006401027087122202 0.9987294673919678 0.9998117685317993 0.9991492629051208 0.9983000159263611 0.9987244606018066 0.009140796028077602 0.998405396938324 0.9995975494384766 0.9972066879272461 0.9995999932289124 0.998401939868927
0.006668132729828358 0.998779296875 0.9998055696487427 0.999249279499054 0.9983000159263611 0.9987744092941284 0.011142918840050697 0.998405396938324 0.999593198299408 0.9972066879272461 0.9995999932289124 0.998401939868927
0.0070482841692864895 0.9985799789428711 0.9997789859771729 0.9991490244865417 0.9980000257492065 0.9985742568969727 0.010798771865665913 0.9986047148704529 0.9995958209037781 0.9976047873497009 0.9995999932289124 0.9986013770103455
0.0056162443943321705 0.998953640460968 0.9998616576194763 0.9991496801376343 0.9987499713897705 0.9989497661590576 0.009882855229079723 0.998405396938324 0.9995927214622498 0.9980015754699707 0.9987999796867371 0.9984005689620972
0.006356923840939999 0.9987294673919678 0.9998341798782349 0.9990493655204773 0.9983999729156494 0.9987245798110962 0.010574746876955032 0.998405396938324 0.9995966553688049 0.9972066879272461 0.9995999932289124 0.998401939868927
0.006257312837988138 0.9987543821334839 0.999884307384491 0.9991992712020874 0.9983000159263611 0.9987494945526123 0.009931240230798721 0.9986047148704529 0.9995917677879333 0.9980024099349976 0.9991999864578247 0.9986008405685425
0.005784560926258564 0.9990283846855164 0.9997621774673462 0.9993495941162109 0.9987000226974487 0.9990246891975403 0.015269525349140167 0.9974088072776794 0.9995437264442444 0.997201144695282 0.9976000189781189 0.9974005818367004
0.005846485495567322 0.9988788962364197 0.9998874664306641 0.9993493556976318 0.9983999729156494 0.9988744258880615 0.00987709779292345 0.9982060790061951 0.9995959997177124 0.9980008006095886 0.9983999729156494 0.9982003569602966
0.0066629028879106045 0.9988291263580322 0.9998317956924438 0.9991494417190552 0.9984999895095825 0.9988245964050293 0.012562350369989872 0.9986047148704529 0.9995967745780945 0.9976047873497009 0.9995999932289124 0.9986013770103455
0.006590045057237148 0.9986298084259033 0.9997819662094116 0.9989992380142212 0.9982500076293945 0.9986244440078735 0.008824164979159832 0.9986047148704529 0.9995931386947632 0.9980024099349976 0.9991999864578247 0.9986008405685425
0.006147998385131359 0.9987543821334839 0.9998589754104614 0.9990993738174438 0.9983999729156494 0.9987495541572571 0.01215022336691618 0.9982060790061951 0.9993954300880432 0.9972056150436401 0.9991999864578247 0.998201847076416
0.0062789167277514935 0.9986048936843872 0.9998617172241211 0.9989991784095764 0.998199999332428 0.9985994100570679 0.009032312780618668 0.9982060790061951 0.9993993639945984 0.9972056150436401 0.9991999864578247 0.998201847076416
0.00578737910836935 0.9990034699440002 0.9998385310173035 0.9992995858192444 0.9987000226974487 0.9989996552467346 0.008026957511901855 0.9988040924072266 0.9995976090431213 0.9984012842178345 0.9991999864578247 0.9988004565238953
0.005883943755179644 0.998779296875 0.9999129176139832 0.9990494847297668 0.9984999895095825 0.9987746477127075 0.008439482189714909 0.9990034103393555 0.9993990063667297 0.998401939868927 0.9995999932289124 0.999000608921051
0.005660899914801121 0.9990034699440002 0.9998129606246948 0.9994494915008545 0.9985499978065491 0.9989995360374451 0.01078096590936184 0.998405396938324 0.9993973970413208 0.9972066879272461 0.9995999932289124 0.998401939868927
0.005304460413753986 0.9989287257194519 0.9999143481254578 0.9993994235992432 0.998449981212616 0.9989244937896729 0.010453050956130028 0.9988040924072266 0.9994004368782043 0.9980031847953796 0.9995999932289124 0.9988009333610535
0.006644682493060827 0.9989038109779358 0.9998311400413513 0.9991995096206665 0.9986000061035156 0.9988996982574463 0.008206403814256191 0.998405396938324 0.999971330165863 0.9987990260124207 0.9980000257492065 0.9983993768692017
0.007739686407148838 0.9983059167861938 0.9997953772544861 0.9987488985061646 0.9978500008583069 0.9982991814613342 0.016656626015901566 0.9970101714134216 0.9993836879730225 0.9948228001594543 0.9991999864578247 0.9970065355300903
0.006328153889626265 0.9989038109779358 0.9998559355735779 0.9993494153022766 0.998449981212616 0.998899519443512 0.012009182013571262 0.9986047148704529 0.9993988871574402 0.9976047873497009 0.9995999932289124 0.9986013770103455
0.005929991602897644 0.9989785552024841 0.9998108744621277 0.9992995262145996 0.9986500144004822 0.998974621295929 0.010600998066365719 0.998405396938324 0.9995974898338318 0.9980015754699707 0.9987999796867371 0.9984005689620972
0.005282214377075434 0.9991529583930969 0.9998908638954163 0.9994496703147888 0.9988499879837036 0.9991497993469238 0.010398895479738712 0.9986047148704529 0.9995969533920288 0.9980024099349976 0.9991999864578247 0.9986008405685425
0.005087158642709255 0.9991280436515808 0.9999147653579712 0.9995496273040771 0.9987000226974487 0.9991246461868286 0.009054205380380154 0.9988040924072266 0.9995996952056885 0.9980031847953796 0.9995999932289124 0.9988009333610535
0.0052453563548624516 0.9991031289100647 0.9999146461486816 0.999449610710144 0.9987499713897705 0.9990996718406677 0.006922101601958275 0.9986047148704529 0.999984622001648 0.9984006285667419 0.9987999796867371 0.9986002445220947
0.0056777033023536205 0.9988788962364197 0.9999098181724548 0.9991994500160217 0.9985499978065491 0.9988746047019958 0.012273816391825676 0.9982060790061951 0.9995984435081482 0.9972056150436401 0.9991999864578247 0.998201847076416
0.005448807962238789 0.9989785552024841 0.9998886585235596 0.9993994832038879 0.9985499978065491 0.9989745616912842 0.01063538622111082 0.9986047148704529 0.9995964765548706 0.9976047873497009 0.9995999932289124 0.9986013770103455
0.005366326775401831 0.9990532994270325 0.9999130368232727 0.9992996454238892 0.9987999796867371 0.9990497827529907 0.011296303011476994 0.9986047148704529 0.9994000792503357 0.9980024099349976 0.9991999864578247 0.9986008405685425
0.006212068721652031 0.9988042116165161 0.9998598098754883 0.9991993308067322 0.9983999729156494 0.9987994432449341 0.011723380535840988 0.9982060790061951 0.9995952844619751 0.9980008006095886 0.9983999729156494 0.9982003569602966
0.0065427809022367 0.9987543821334839 0.9997590184211731 0.9990993738174438 0.9983999729156494 0.9987495541572571 0.01010089460760355 0.9986047148704529 0.999395489692688 0.9980024099349976 0.9991999864578247 0.9986008405685425
0.005798269063234329 0.9988788962364197 0.9998637437820435 0.9993493556976318 0.9983999729156494 0.9988744258880615 0.008369799703359604 0.998405396938324 0.9993996620178223 0.9976038336753845 0.9991999864578247 0.9984012842178345
0.005216193851083517 0.9990034699440002 0.9998658895492554 0.9993995428085327 0.9986000061035156 0.9989995956420898 0.01686214655637741 0.9980067610740662 0.999394953250885 0.9968076348304749 0.9991999864578247 0.9980023503303528
0.005878748372197151 0.9989038109779358 0.999836802482605 0.9993494153022766 0.998449981212616 0.998899519443512 0.014549149200320244 0.9980067610740662 0.9995901584625244 0.9972044825553894 0.9987999796867371 0.9980015754699707
0.005519782658666372 0.9990034699440002 0.9998396039009094 0.9993495345115662 0.9986500144004822 0.9989996552467346 0.01225379016250372 0.9988040924072266 0.9995983242988586 0.9980031847953796 0.9995999932289124 0.9988009333610535
0.005561247933655977 0.9991031289100647 0.9998866319656372 0.9994996190071106 0.9987000226974487 0.999099612236023 0.01084490492939949 0.9988040924072266 0.9995986223220825 0.9980031847953796 0.9995999932289124 0.9988009333610535
0.005039261654019356 0.9991529583930969 0.999915599822998 0.9993497133255005 0.9989500045776367 0.9991497993469238 0.0090238768607378 0.9986047148704529 0.9995962381362915 0.9980024099349976 0.9991999864578247 0.9986008405685425
0.005520793609321117 0.9991280436515808 0.9998865723609924 0.9995996356010437 0.9986500144004822 0.9991245865821838 0.011472180485725403 0.9982060790061951 0.9995970129966736 0.9972056150436401 0.9991999864578247 0.998201847076416
0.005201587453484535 0.9990532994270325 0.9999111294746399 0.9993495941162109 0.9987499713897705 0.999049723148346 0.011541333980858326 0.9988040924072266 0.9995993375778198 0.9980031847953796 0.9995999932289124 0.9988009333610535
0.005613888613879681 0.998953640460968 0.9998877048492432 0.9992995262145996 0.9986000061035156 0.9989495873451233 0.013140693306922913 0.998405396938324 0.9993991851806641 0.9972066879272461 0.9995999932289124 0.998401939868927
0.006184210069477558 0.998953640460968 0.9998323917388916 0.9994494318962097 0.998449981212616 0.998949408531189 0.014852619729936123 0.9980067610740662 0.999597430229187 0.9968076348304749 0.9991999864578247 0.9980023503303528
0.0055750575847923756 0.998953640460968 0.9998384714126587 0.9993494749069214 0.9985499978065491 0.9989495277404785 0.012313377112150192 0.998405396938324 0.9995992183685303 0.9968101978302002 1.0 0.9984025359153748
0.005591713823378086 0.9989287257194519 0.999862790107727 0.9992994666099548 0.9985499978065491 0.9989246129989624 0.01068392489105463 0.9982060790061951 0.9995985627174377 0.9980008006095886 0.9983999729156494 0.9982003569602966
0.005304890219122171 0.9990034699440002 0.9999118447303772 0.9993495345115662 0.9986500144004822 0.9989996552467346 0.011059568263590336 0.9988040924072266 0.999599277973175 0.9980031847953796 0.9995999932289124 0.9988009333610535
0.004871446173638105 0.9990782141685486 0.9999670386314392 0.9993496537208557 0.9987999796867371 0.9990747570991516 0.015296919271349907 0.9980067610740662 0.999591052532196 0.9968076348304749 0.9991999864578247 0.9980023503303528
0.0053475117310881615 0.9990283846855164 0.9998883008956909 0.9993495941162109 0.9987000226974487 0.9990246891975403 0.010308938100934029 0.9988040924072266 0.9995982050895691 0.9980031847953796 0.9995999932289124 0.9988009333610535
0.004736099857836962 0.999177873134613 0.9999411106109619 0.9995996356010437 0.9987499713897705 0.9991745948791504 0.009007666260004044 0.9986047148704529 0.9995952248573303 0.9984006285667419 0.9987999796867371 0.9986002445220947
0.004873530473560095 0.9991031289100647 0.9999165534973145 0.9993496537208557 0.9988499879837036 0.9990997314453125 0.00789567269384861 0.9990034103393555 0.9995992183685303 0.9980040192604065 1.0 0.9990010261535645
0.004883487708866596 0.9990283846855164 0.9998927116394043 0.9992995858192444 0.9987499713897705 0.9990247488021851 0.013215510174632072 0.998405396938324 0.9995949268341064 0.9980015754699707 0.9987999796867371 0.9984005689620972
0.0069457245990633965 0.9987294673919678 0.9997546076774597 0.9992492198944092 0.998199999332428 0.9987244009971619 0.007804487366229296 0.9988040924072266 0.9995976090431213 0.9976057410240173 1.0 0.9988014101982117
0.004785800818353891 0.9992027878761292 0.9998412728309631 0.9994996786117554 0.9988999962806702 0.9991996884346008 0.012285398319363594 0.998405396938324 0.9995981454849243 0.9976038336753845 0.9991999864578247 0.9984012842178345
0.005146767944097519 0.9990283846855164 0.9999359250068665 0.9992995858192444 0.9987499713897705 0.9990247488021851 0.007222422398626804 0.9988040924072266 0.9995979070663452 0.9984012842178345 0.9991999864578247 0.9988004565238953
0.005008740350604057 0.9992526173591614 0.999939501285553 0.9995497465133667 0.9989500045776367 0.9992498159408569 0.005677239038050175 0.9988040924072266 0.9995988607406616 0.9984012842178345 0.9991999864578247 0.9988004565238953
0.0047976234927773476 0.9991280436515808 0.9999144077301025 0.9994496703147888 0.9987999796867371 0.9991247057914734 0.009787973016500473 0.9990034103393555 0.9996007084846497 0.998401939868927 0.9995999932289124 0.999000608921051
0.005094652529805899 0.9990532994270325 0.9999133348464966 0.9995495676994324 0.9985499978065491 0.9990495443344116 0.010138947516679764 0.9986047148704529 0.9995993971824646 0.9976047873497009 0.9995999932289124 0.9986013770103455
0.004742040298879147 0.9991031289100647 0.9999164938926697 0.9995495676994324 0.9986500144004822 0.9990995526313782 0.011530473828315735 0.998405396938324 0.9996002316474915 0.9972066879272461 0.9995999932289124 0.998401939868927
0.004698788747191429 0.9990782141685486 0.9999436140060425 0.9993996024131775 0.9987499713897705 0.9990746974945068 0.006927534472197294 0.9990034103393555 0.9995994567871094 0.9980040192604065 1.0 0.9990010261535645
0.005187181755900383 0.999177873134613 0.9998639225959778 0.9995496869087219 0.9987999796867371 0.9991747140884399 0.010828198865056038 0.9988040924072266 0.9995995163917542 0.9980031847953796 0.9995999932289124 0.9988009333610535
0.005021103657782078 0.9991529583930969 0.9998157620429993 0.9994996786117554 0.9987999796867371 0.999149739742279 0.011478431522846222 0.9988040924072266 0.9995965957641602 0.9991993308067322 0.9983999729156494 0.9987994432449341
0.004488059785217047 0.9991031289100647 0.9999434351921082 0.9994996190071106 0.9987000226974487 0.999099612236023 0.013611411675810814 0.9982060790061951 0.9995957016944885 0.9972056150436401 0.9991999864578247 0.998201847076416
0.0047990791499614716 0.9990283846855164 0.9999164938926697 0.9993995428085327 0.9986500144004822 0.9990246891975403 0.011193248443305492 0.9986047148704529 0.9995979070663452 0.9984006285667419 0.9987999796867371 0.9986002445220947
0.004783881828188896 0.9993273615837097 0.9998423457145691 0.9996997714042664 0.9989500045776367 0.9993246793746948 0.014085549861192703 0.9982060790061951 0.9995999932289124 0.9968089461326599 0.9995999932289124 0.9982025027275085
0.004686112981289625 0.9992027878761292 0.9998653531074524 0.9995996952056885 0.9987999796867371 0.999199628829956 0.013300130143761635 0.9982060790061951 0.9995929598808289 0.9972056150436401 0.9991999864578247 0.998201847076416
0.005518191959708929 0.9989038109779358 0.9998388886451721 0.9991995096206665 0.9986000061035156 0.9988996982574463 0.007908709347248077 0.9988040924072266 0.999599277973175 0.9980031847953796 0.9995999932289124 0.9988009333610535
0.004778007511049509 0.9991031289100647 0.9998919367790222 0.9993996620178223 0.9987999796867371 0.9990996718406677 0.014228138141334057 0.9980067610740662 0.9991923570632935 0.9980000257492065 0.9980000257492065 0.9980000257492065
0.004897004924714565 0.998953640460968 0.9999423623085022 0.9992995262145996 0.9986000061035156 0.9989495873451233 0.009674575179815292 0.9986047148704529 0.9995993375778198 0.9980024099349976 0.9991999864578247 0.9986008405685425
0.005455888342112303 0.9989038109779358 0.9998645782470703 0.9992994666099548 0.9984999895095825 0.9988996386528015 0.00894058495759964 0.9986047148704529 0.9995973706245422 0.9980024099349976 0.9991999864578247 0.9986008405685425
0.005536450073122978 0.9991280436515808 0.9997380971908569 0.9993996620178223 0.9988499879837036 0.9991247653961182 0.010376193560659885 0.9986047148704529 0.9995988607406616 0.9980024099349976 0.9991999864578247 0.9986008405685425
0.004179432522505522 0.9992277026176453 0.9999449849128723 0.9995496869087219 0.9988999962806702 0.9992247223854065 0.015831222757697105 0.998405396938324 0.9995982050895691 0.9972066879272461 0.9995999932289124 0.998401939868927
0.004483493510633707 0.9992277026176453 0.9999420642852783 0.9995496869087219 0.9988999962806702 0.9992247223854065 0.01152825728058815 0.9994020462036133 0.999600350856781 0.9992003440856934 0.9995999932289124 0.9994001388549805
0.004812431521713734 0.999177873134613 0.9999152421951294 0.9995496869087219 0.9987999796867371 0.9991747140884399 0.011328327469527721 0.9986047148704529 0.999600350856781 0.9980024099349976 0.9991999864578247 0.9986008405685425
0.0041823917999863625 0.9992027878761292 0.9999194741249084 0.9994996786117554 0.9988999962806702 0.9991996884346008 0.014535087160766125 0.9976081252098083 0.9995978474617004 0.9960127472877502 0.9991999864578247 0.9976038336753845
0.005204983986914158 0.9990283846855164 0.9998853802680969 0.9993495941162109 0.9987000226974487 0.9990246891975403 0.011630065739154816 0.9986047148704529 0.9995998740196228 0.9972078204154968 1.0 0.9986019134521484
0.004541854839771986 0.9990532994270325 0.9999179244041443 0.9993495941162109 0.9987499713897705 0.999049723148346 0.011234724894165993 0.9986047148704529 0.9995981454849243 0.9980024099349976 0.9991999864578247 0.9986008405685425
0.004907737951725721 0.9992277026176453 0.9999378323554993 0.9994997382164001 0.9989500045776367 0.9992247819900513 0.006794361863285303 0.9988040924072266 0.9995980858802795 0.9984012842178345 0.9991999864578247 0.9988004565238953
0.0042234198190271854 0.9993273615837097 0.9999420642852783 0.9996497631072998 0.9990000128746033 0.9993247389793396 0.010530094616115093 0.9986047148704529 0.999600350856781 0.9976047873497009 0.9995999932289124 0.9986013770103455
0.004090874455869198 0.9993522763252258 0.999893307685852 0.999599814414978 0.9991000294685364 0.99934983253479 0.009585448540747166 0.9992027282714844 0.9995991587638855 0.9991999864578247 0.9991999864578247 0.9991999864578247
0.004529372788965702 0.9993273615837097 0.9999175667762756 0.9996997714042664 0.9989500045776367 0.9993246793746948 0.010096721351146698 0.9992027282714844 0.999599039554596 0.9984025359153748 1.0 0.9992005825042725
0.0043116481974720955 0.9992526173591614 0.9999176859855652 0.9995497465133667 0.9989500045776367 0.9992498159408569 0.012434469535946846 0.9986047148704529 0.9995932579040527 0.9984006285667419 0.9987999796867371 0.9986002445220947
0.004629896022379398 0.9993024468421936 0.9998666048049927 0.9996497631072998 0.9989500045776367 0.9992997646331787 0.008026688359677792 0.9996013641357422 0.9995999932289124 0.9992006421089172 1.0 0.9996001720428467
0.004281943663954735 0.9993273615837097 0.9998936653137207 0.9996497631072998 0.9990000128746033 0.9993247389793396 0.011111692525446415 0.9986047148704529 0.9995937943458557 0.9984006285667419 0.9987999796867371 0.9986002445220947
0.004271910525858402 0.9992775321006775 0.9999182820320129 0.9996997714042664 0.9988499879837036 0.999274730682373 0.01553281955420971 0.9982060790061951 0.9995978474617004 0.9972056150436401 0.9991999864578247 0.998201847076416
0.004561378620564938 0.9992526173591614 0.9999175071716309 0.9995497465133667 0.9989500045776367 0.9992498159408569 0.009282850660383701 0.9990034103393555 0.9995953440666199 0.9988004565238953 0.9991999864578247 0.9990001916885376
0.00446343282237649 0.9992277026176453 0.9999649524688721 0.9994997382164001 0.9989500045776367 0.9992247819900513 0.012417243793606758 0.998405396938324 0.9995924830436707 0.9980015754699707 0.9987999796867371 0.9984005689620972
0.0044325292110443115 0.9992526173591614 0.9998694658279419 0.9993998408317566 0.9991000294685364 0.9992499351501465 0.00804161187261343 0.9986047148704529 0.9995942711830139 0.9991990327835083 0.9980000257492065 0.9985991716384888
0.004080353304743767 0.9993024468421936 0.9999189972877502 0.9996497631072998 0.9989500045776367 0.9992997646331787 0.008520089089870453 0.9988040924072266 0.9995985627174377 0.9984012842178345 0.9991999864578247 0.9988004565238953
0.004317092709243298 0.9992027878761292 0.9999685287475586 0.9995496869087219 0.9988499879837036 0.9991996884346008 0.009638396091759205 0.9994020462036133 0.9996010065078735 0.9988014101982117 1.0 0.9994003176689148
0.0038775415159761906 0.9992526173591614 0.9999696612358093 0.9995996952056885 0.9988999962806702 0.9992497563362122 0.007515616714954376 0.9988040924072266 0.9995980858802795 0.9987999796867371 0.9987999796867371 0.9987999796867371
0.004486233461648226 0.9992526173591614 0.9999174475669861 0.999649703502655 0.9988499879837036 0.9992497563362122 0.012237423099577427 0.9986047148704529 0.9996005892753601 0.9972078204154968 1.0 0.9986019134521484
0.005286746192723513 0.998953640460968 0.9998607039451599 0.9992495775222778 0.9986500144004822 0.9989497065544128 0.01144220121204853 0.9988040924072266 0.9995997548103333 0.9980031847953796 0.9995999932289124 0.9988009333610535
0.005378189496695995 0.9990532994270325 0.9998146295547485 0.9994495511054993 0.9986500144004822 0.9990496039390564 0.010066702030599117 0.9988040924072266 0.9996006488800049 0.9984012842178345 0.9991999864578247 0.9988004565238953
0.004070870112627745 0.9992277026176453 0.9999446272850037 0.9994997382164001 0.9989500045776367 0.9992247819900513 0.006875135470181704 0.9990034103393555 0.9995998740196228 0.9980040192604065 1.0 0.9990010261535645
0.004228572826832533 0.9993273615837097 0.999893844127655 0.9995997548103333 0.9990500211715698 0.9993247389793396 0.007628631312400103 0.9990034103393555 0.9995993971824646 0.998401939868927 0.9995999932289124 0.999000608921051
0.003944809548556805 0.9994021058082581 0.999894917011261 0.9997498393058777 0.9990500211715698 0.9993998408317566 0.012731365859508514 0.998405396938324 0.9995971918106079 0.9980015754699707 0.9987999796867371 0.9984005689620972
0.00486518582329154 0.9990034699440002 0.9998418688774109 0.9993995428085327 0.9986000061035156 0.9989995956420898 0.007684900425374508 0.998405396938324 0.999599277973175 0.9972066879272461 0.9995999932289124 0.998401939868927
0.0037744571454823017 0.9993024468421936 0.999970018863678 0.9995997548103333 0.9990000128746033 0.9992998242378235 0.009378242306411266 0.9992027282714844 0.9996012449264526 0.9988009333610535 0.9995999932289124 0.9992002844810486
0.004014722071588039 0.9993024468421936 0.9999425411224365 0.9995997548103333 0.9990000128746033 0.9992998242378235 0.006961737293750048 0.9992027282714844 0.9995998740196228 0.9991999864578247 0.9991999864578247 0.9991999864578247
0.004378271754831076 0.9990782141685486 0.9999686479568481 0.999449610710144 0.9987000226974487 0.9990746974945068 0.007433062884956598 0.9992027282714844 0.9996009469032288 0.9984025359153748 1.0 0.9992005825042725
0.003987657371908426 0.9992526173591614 0.9999459981918335 0.9993998408317566 0.9991000294685364 0.9992499351501465 0.01165756769478321 0.998405396938324 0.9995982050895691 0.9972066879272461 0.9995999932289124 0.998401939868927
0.004254425410181284 0.9992526173591614 0.9998933672904968 0.9996997117996216 0.9987999796867371 0.9992496967315674 0.008848549798130989 0.9990034103393555 0.9996013045310974 0.9980040192604065 1.0 0.9990010261535645
0.004257292952388525 0.9992775321006775 0.9999187588691711 0.9995997548103333 0.9989500045776367 0.9992747902870178 0.009625406935811043 0.9990034103393555 0.9996016025543213 0.9980040192604065 1.0 0.9990010261535645
0.004048605915158987 0.9992775321006775 0.999943196773529 0.9995997548103333 0.9989500045776367 0.9992747902870178 0.009777707047760487 0.9990034103393555 0.9996008276939392 0.9980040192604065 1.0 0.9990010261535645
0.004724100697785616 0.9992027878761292 0.9998900890350342 0.9997497200965881 0.9986500144004822 0.9991995692253113 0.007360599469393492 0.9982060790061951 0.9995955228805542 0.9972056150436401 0.9991999864578247 0.998201847076416
0.004922270774841309 0.9990782141685486 0.9998889565467834 0.9993496537208557 0.9987999796867371 0.9990747570991516 0.013676847331225872 0.9982060790061951 0.9996011853218079 0.9964129328727722 1.0 0.9982032179832458
0.005271917209029198 0.9990782141685486 0.9997883439064026 0.9993996024131775 0.9987499713897705 0.9990746974945068 0.007559981197118759 0.9990034103393555 0.9995973110198975 0.9980040192604065 1.0 0.9990010261535645
0.003746957518160343 0.9994021058082581 0.999920666217804 0.9996998310089111 0.9991000294685364 0.9993999004364014 0.009350222535431385 0.998405396938324 0.9995889067649841 0.9980015754699707 0.9987999796867371 0.9984005689620972
0.0051318989135324955 0.9989785552024841 0.9998651146888733 0.9992495775222778 0.9987000226974487 0.9989746809005737 0.007324267644435167 0.9992027282714844 0.9995999932289124 0.9984025359153748 1.0 0.9992005825042725
0.0038288813084363937 0.9993522763252258 0.9998959898948669 0.9996997714042664 0.9990000128746033 0.9993497729301453 0.008133646100759506 0.9988040924072266 0.99959796667099 0.9984012842178345 0.9991999864578247 0.9988004565238953
0.004546203184872866 0.999177873134613 0.9999163746833801 0.9994496703147888 0.9988999962806702 0.9991747736930847 0.007433317601680756 0.9990034103393555 0.9995967745780945 0.998401939868927 0.9995999932289124 0.999000608921051
0.004154498223215342 0.9993024468421936 0.9999440908432007 0.9994997978210449 0.9991000294685364 0.999299943447113 0.012535205110907555 0.9992027282714844 0.999600887298584 0.9988009333610535 0.9995999932289124 0.9992002844810486
0.004201110452413559 0.9991529583930969 0.9999687075614929 0.9994496703147888 0.9988499879837036 0.9991497993469238 0.012785779312252998 0.9990034103393555 0.9995996952056885 0.9980040192604065 1.0 0.9990010261535645
0.004014856647700071 0.9993522763252258 0.9999186396598816 0.9996497631072998 0.9990500211715698 0.99934983253479 0.012511992827057838 0.9990034103393555 0.999599814414978 0.998401939868927 0.9995999932289124 0.999000608921051
0.003947868477553129 0.9993273615837097 0.9999455809593201 0.9997497797012329 0.9988999962806702 0.9993246793746948 0.012136295437812805 0.9992027282714844 0.9996004700660706 0.9984025359153748 1.0 0.9992005825042725
0.00453971466049552 0.9990782141685486 0.999941885471344 0.9993496537208557 0.9987999796867371 0.9990747570991516 0.010630222968757153 0.9990034103393555 0.9995988607406616 0.998401939868927 0.9995999932289124 0.999000608921051
0.004515473265200853 0.9993024468421936 0.99986732006073 0.9995997548103333 0.9990000128746033 0.9992998242378235 0.010057153180241585 0.9990034103393555 0.999600887298584 0.998401939868927 0.9995999932289124 0.999000608921051
0.004126526415348053 0.9991280436515808 0.9999435544013977 0.9994996190071106 0.9987499713897705 0.9991246461868286 0.010194838978350163 0.9996013641357422 0.9996014833450317 0.9992006421089172 1.0 0.9996001720428467
0.0033661203924566507 0.9994519352912903 0.9999725222587585 0.9996498823165894 0.9992499947547913 0.9994498491287231 0.011481110006570816 0.9990034103393555 0.9996009469032288 0.9980040192604065 1.0 0.9990010261535645
0.0046327849850058556 0.9991280436515808 0.9998905062675476 0.9995496273040771 0.9987000226974487 0.9991246461868286 0.010891148820519447 0.9992027282714844 0.9996008276939392 0.9984025359153748 1.0 0.9992005825042725
0.004956618882715702 0.9990283846855164 0.9998911023139954 0.999499499797821 0.9985499978065491 0.999024510383606 0.008259200491011143 0.9992027282714844 0.9995993971824646 0.9988009333610535 0.9995999932289124 0.9992002844810486
0.004334384109824896 0.9992775321006775 0.999891996383667 0.9997497797012329 0.9987999796867371 0.9992746710777283 0.009179294109344482 0.9990034103393555 0.999601423740387 0.9980040192604065 1.0 0.9990010261535645
0.0035621628630906343 0.9993522763252258 0.9999468326568604 0.999599814414978 0.9991000294685364 0.99934983253479 0.010231711901724339 0.9988040924072266 0.9995983242988586 0.9980031847953796 0.9995999932289124 0.9988009333610535
0.0042997137643396854 0.9992526173591614 0.9999415874481201 0.999649703502655 0.9988499879837036 0.9992497563362122 0.007031635846942663 0.9992027282714844 0.9995986223220825 0.9991999864578247 0.9991999864578247 0.9991999864578247
