loss_s0131 accuracy_s0131 val_auc_s0131 precision_s0131 recall_s0131 f1_score_s0131 val_loss_s0131 val_accuracy_s0131 val_val_auc_s0131 val_precision_s0131 val_recall_s0131 val_f1_score_s0131
0.20605312287807465 0.9315199851989746 0.9763891100883484 0.9354805946350098 0.9265000224113464 0.9309685826301575 0.08282794058322906 0.9817583560943604 0.9963079690933228 0.9757061004638672 0.9879999756813049 0.9818145632743835
0.0845072865486145 0.9745069146156311 0.995103657245636 0.9725348353385925 0.9764249920845032 0.9744760394096375 0.11769186705350876 0.9654107093811035 0.9972267746925354 0.9390451312065125 0.995199978351593 0.9663074016571045
0.0637042447924614 0.9822320938110352 0.9969072937965393 0.9815009236335754 0.9828749895095825 0.9821874499320984 0.19734114408493042 0.9086921811103821 0.9965789318084717 0.847160816192627 0.9965999722480774 0.915824294090271
0.05650600045919418 0.9844374656677246 0.9976304173469543 0.9842059016227722 0.9845749735832214 0.984390377998352 0.051482051610946655 0.9844497442245483 0.9983763098716736 0.9758349657058716 0.993399977684021 0.9845391511917114
0.0482872873544693 0.9876148104667664 0.9981734752655029 0.9876725077629089 0.9874749779701233 0.9875736832618713 0.1924668401479721 0.9077950716018677 0.997746467590332 0.8448129892349243 0.9983999729156494 0.9152076244354248
0.047477155923843384 0.9877767562866211 0.9982472658157349 0.9875059127807617 0.987975001335144 0.9877403974533081 0.04416447877883911 0.9907296895980835 0.998650312423706 0.9863231182098389 0.995199978351593 0.9907416701316833
0.04004353657364845 0.990169107913971 0.9986250996589661 0.990812361240387 0.9894499778747559 0.9901307225227356 0.042804062366485596 0.9878389239311218 0.9988076090812683 0.9799291491508484 0.9959999918937683 0.9878992438316345
0.037099890410900116 0.9910163879394531 0.9988381266593933 0.991712749004364 0.9902499914169312 0.990980863571167 0.02679108828306198 0.9951156377792358 0.9989123344421387 0.9955955743789673 0.9945999979972839 0.9950975775718689
0.03366713598370552 0.992287278175354 0.9989518523216248 0.9930390119552612 0.991474986076355 0.9922564029693604 0.0292508527636528 0.9955143332481384 0.999008059501648 0.9946097135543823 0.996399998664856 0.9955040812492371
0.031317491084337234 0.993097186088562 0.999039888381958 0.9939393997192383 0.9922000169754028 0.9930689334869385 0.025705872103571892 0.9958133697509766 0.9989980459213257 0.9952057600021362 0.996399998664856 0.9958025217056274
0.029043860733509064 0.9935831427574158 0.9991579651832581 0.9945144653320312 0.9926000237464905 0.9935563206672668 0.031833406537771225 0.9952152967453003 0.9990354180335999 0.9942115545272827 0.9962000250816345 0.9952048063278198
0.027544068172574043 0.9940067529678345 0.999372661113739 0.9948906898498535 0.9930750131607056 0.9939820170402527 0.03106246143579483 0.9942185282707214 0.9992637038230896 0.9985875487327576 0.989799976348877 0.9941743612289429
0.025870051234960556 0.9942933320999146 0.9994381070137024 0.9951167106628418 0.9934250116348267 0.9942701458930969 0.022817334160208702 0.9966108202934265 0.9990813732147217 0.997196614742279 0.9959999918937683 0.996597945690155
0.02455752156674862 0.9950035214424133 0.9993924498558044 0.9954705834388733 0.9944999814033508 0.994985044002533 0.02375091053545475 0.9969099164009094 0.9991791844367981 0.9966020584106445 0.9972000122070312 0.9969009757041931
0.023816008120775223 0.9954022765159607 0.9994458556175232 0.9963678121566772 0.9944000244140625 0.9953829050064087 0.02171282097697258 0.9963117837905884 0.9992837309837341 0.9975937604904175 0.9950000047683716 0.9962952136993408
0.021737152710556984 0.9956265687942505 0.9995364546775818 0.9963943362236023 0.994825005531311 0.9956091046333313 0.021141914650797844 0.9968101978302002 0.999347448348999 0.9969987869262695 0.9965999722480774 0.9967993497848511
0.02143118344247341 0.9958882331848145 0.9995492696762085 0.996445894241333 0.9952999949455261 0.9958725571632385 0.020062942057847977 0.9967105388641357 0.9992981553077698 0.9979947805404663 0.9954000115394592 0.9966956973075867
0.02067418396472931 0.9960252642631531 0.9996077418327332 0.9966208338737488 0.9954000115394592 0.9960100650787354 0.020123053342103958 0.9970095753669739 0.9993616938591003 0.9968012571334839 0.9972000122070312 0.9970005750656128
0.019820351153612137 0.9964489340782166 0.9995468854904175 0.9971708059310913 0.9957000017166138 0.9964348673820496 0.019436703994870186 0.9969099164009094 0.9993454217910767 0.9979956150054932 0.9958000183105469 0.9968965649604797
0.018641823902726173 0.9966482520103455 0.9996682405471802 0.9974209666252136 0.9958500266075134 0.9966349005699158 0.018583834171295166 0.9974082708358765 0.9993559122085571 0.9981971383094788 0.9965999722480774 0.9973978996276855
0.018683061003684998 0.996536135673523 0.9995930194854736 0.9972211122512817 0.9958249926567078 0.9965226054191589 0.018547745421528816 0.9975079894065857 0.9993387460708618 0.9985969066619873 0.996399998664856 0.9974972605705261
0.017673887312412262 0.9967355132102966 0.9996553659439087 0.9974462985992432 0.9959999918937683 0.9967225790023804 0.018891923129558563 0.9969099164009094 0.9994000196456909 0.9964035749435425 0.9973999857902527 0.9969015717506409
0.017340103164315224 0.9969722032546997 0.9997533559799194 0.9976467490196228 0.996275007724762 0.9969604015350342 0.017449334263801575 0.9977073073387146 0.9993381500244141 0.9977995753288269 0.9976000189781189 0.9976997971534729
0.01687360182404518 0.9969722032546997 0.9997349977493286 0.9974226355552673 0.9965000152587891 0.9969610571861267 0.01862296089529991 0.9969099164009094 0.9993439316749573 0.9981952905654907 0.9955999851226807 0.9968959093093872
0.01693175733089447 0.9969971179962158 0.9996826648712158 0.9975970387458801 0.9963750243186951 0.996985673904419 0.018669789656996727 0.9980064034461975 0.9994957447052002 0.997800886631012 0.998199999332428 0.9980003833770752
0.016107579693198204 0.9970345497131348 0.9998053908348083 0.9973731637001038 0.9966750144958496 0.9970239996910095 0.016660060733556747 0.9978070259094238 0.999464213848114 0.9983980655670166 0.9972000122070312 0.9977986812591553
0.015919480472803116 0.9971466660499573 0.9997554421424866 0.9975977540016174 0.9966750144958496 0.9971361756324768 0.018665213137865067 0.9978070259094238 0.999502420425415 0.9974020719528198 0.998199999332428 0.9978008270263672
0.015603307634592056 0.9972338676452637 0.9997431039810181 0.9975981712341309 0.9968500137329102 0.997223973274231 0.01874113827943802 0.998106062412262 0.9995207786560059 0.9972050189971924 0.9990000128746033 0.9981017112731934
0.01558099314570427 0.9973211288452148 0.9996820092201233 0.9978476762771606 0.9967749714851379 0.997310996055603 0.017157766968011856 0.9975079894065857 0.9993624687194824 0.999197244644165 0.9958000183105469 0.9974957704544067
0.014889831654727459 0.9972836971282959 0.9997788667678833 0.9977229237556458 0.9968249797821045 0.9972737431526184 0.018052546307444572 0.9977073073387146 0.9994077682495117 0.9974015355110168 0.9980000257492065 0.9977006316184998
0.014352194964885712 0.9975578188896179 0.9997382164001465 0.9980729818344116 0.9970250129699707 0.9975486993789673 0.017509499564766884 0.9977073073387146 0.9994837045669556 0.9976004958152771 0.9977999925613403 0.9977002739906311
0.014522849582135677 0.9973834156990051 0.9997985363006592 0.9979725480079651 0.9967749714851379 0.9973734021186829 0.015383909456431866 0.9978070259094238 0.9994701743125916 0.9976009726524353 0.9980000257492065 0.9978004693984985
0.015093507245182991 0.9972712397575378 0.999677836894989 0.9975237250328064 0.996999979019165 0.9972617626190186 0.01615520752966404 0.9982057213783264 0.9995112419128418 0.9980008006095886 0.9983999729156494 0.9982003569602966
0.013996444642543793 0.9975079894065857 0.9997843503952026 0.9980229139328003 0.9969750046730042 0.997498631477356 0.015723329037427902 0.9979066848754883 0.9994445443153381 0.9983984231948853 0.9973999857902527 0.9978989958763123
0.013235850259661674 0.9979192018508911 0.9997683167457581 0.9981989860534668 0.9976249933242798 0.9979119300842285 0.015994630753993988 0.9978070259094238 0.9991635084152222 0.9979991912841797 0.9976000189781189 0.9977995753288269
0.013972759246826172 0.9974830746650696 0.9997009038925171 0.997848391532898 0.9970999956130981 0.9974740743637085 0.015169145539402962 0.9979066848754883 0.9994433522224426 0.9979996085166931 0.9977999925613403 0.9978998303413391
0.013122416101396084 0.9978319406509399 0.9997827410697937 0.9982984066009521 0.9973499774932861 0.9978240132331848 0.01572800986468792 0.9979066848754883 0.999457836151123 0.9970054030418396 0.9987999796867371 0.9979018568992615
0.012709726579487324 0.9980188608169556 0.9998098611831665 0.9983987808227539 0.9976249933242798 0.9980117678642273 0.01399229560047388 0.998106062412262 0.9995739459991455 0.998598575592041 0.9976000189781189 0.9980989694595337
0.013174972496926785 0.997620165348053 0.9997809529304504 0.9978489875793457 0.9973750114440918 0.997611939907074 0.014273900538682938 0.998106062412262 0.999565839767456 0.9987983107566833 0.9973999857902527 0.998098611831665
0.012563368305563927 0.9978818297386169 0.9998008012771606 0.9982985258102417 0.9974499940872192 0.9978740811347961 0.013480491936206818 0.9984050989151001 0.9995772242546082 0.9985994100570679 0.998199999332428 0.9983996152877808
0.01269251573830843 0.9979067444801331 0.9997830390930176 0.9983235597610474 0.9974750280380249 0.9978991150856018 0.01423903089016676 0.998106062412262 0.9994750618934631 0.9978013038635254 0.9983999729156494 0.9981005191802979
0.01216908823698759 0.9978818297386169 0.9998988509178162 0.9983983039855957 0.9973499774932861 0.997873842716217 0.016028018668293953 0.997308611869812 0.9995437264442444 0.9962083697319031 0.9983999729156494 0.9973029494285583
0.01198060903698206 0.997856855392456 0.9998777508735657 0.998323380947113 0.9973750114440918 0.9978489279747009 0.01591627672314644 0.9975079894065857 0.9993516802787781 0.9962098598480225 0.9987999796867371 0.9975031614303589
0.01199417095631361 0.9979939460754395 0.9998279213905334 0.998224139213562 0.9977499842643738 0.9979870319366455 0.012895424850285053 0.9983054399490356 0.9996715784072876 0.9989985823631287 0.9976000189781189 0.9982987642288208
0.011930449865758419 0.997894287109375 0.999840497970581 0.9984482526779175 0.9973250031471252 0.9978863000869751 0.013303727842867374 0.9985047578811646 0.9994679093360901 0.9984003305435181 0.9986000061035156 0.9985001683235168
0.011851214803755283 0.9979192018508911 0.9999001026153564 0.9984233975410461 0.9973999857902527 0.9979114532470703 0.013692418113350868 0.9980064034461975 0.9995614290237427 0.9974031448364258 0.9986000061035156 0.998001217842102
0.010820824652910233 0.998392641544342 0.9998607635498047 0.998674213886261 0.9980999827384949 0.9983869791030884 0.01271082554012537 0.9983054399490356 0.9994836449623108 0.9989985823631287 0.9976000189781189 0.9982987642288208
0.011465505696833134 0.9979441165924072 0.9998577237129211 0.9983735680580139 0.9975000023841858 0.9979366064071655 0.021812409162521362 0.9956140518188477 0.99909508228302 0.996593177318573 0.9945999979972839 0.9955956339836121
0.011569809168577194 0.9980064034461975 0.9998301863670349 0.998323917388916 0.9976750016212463 0.997999370098114 0.014765969477593899 0.9982057213783264 0.999458909034729 0.9980008006095886 0.9983999729156494 0.9982003569602966
0.011189333163201809 0.9982306957244873 0.9997941255569458 0.9985740184783936 0.9978749752044678 0.9982243776321411 0.013864726759493351 0.9983054399490356 0.9994726181030273 0.9982003569602966 0.9983999729156494 0.9983001351356506
0.011074640788137913 0.9982556104660034 0.9998568892478943 0.9988486170768738 0.9976500272750854 0.9982489943504333 0.013270257972180843 0.9982057213783264 0.9994825720787048 0.9985988736152649 0.9977999925613403 0.9981992840766907
0.010892835445702076 0.9981808662414551 0.9998704791069031 0.9986487030982971 0.9976999759674072 0.9981741309165955 0.012461150996387005 0.9983054399490356 0.9994764924049377 0.9987987875938416 0.9977999925613403 0.9982991218566895
0.010634476318955421 0.9982431530952454 0.9998858571052551 0.9986239075660706 0.9978500008583069 0.9982368350028992 0.013769085519015789 0.9983054399490356 0.9993602633476257 0.998001217842102 0.9986000061035156 0.9983005523681641
0.011755125597119331 0.997856855392456 0.9998376965522766 0.9981738328933716 0.9975249767303467 0.9978492856025696 0.01344420574605465 0.9980064034461975 0.9993810653686523 0.9980000257492065 0.9980000257492065 0.9980000257492065
0.010910029523074627 0.9980562329292297 0.9998699426651001 0.9984487295150757 0.9976500272750854 0.9980491995811462 0.013244816102087498 0.9985047578811646 0.9994744658470154 0.9985997080802917 0.9983999729156494 0.9984998106956482
0.010497874580323696 0.9982182383537292 0.9999217987060547 0.9985240697860718 0.9979000091552734 0.9982119202613831 0.01395750604569912 0.9977073073387146 0.9993718266487122 0.9974015355110168 0.9980000257492065 0.9977006316184998
0.010729730129241943 0.998168408870697 0.9998506903648376 0.9983992576599121 0.9979249835014343 0.998162031173706 0.01628423109650612 0.9972089529037476 0.9992495179176331 0.996207594871521 0.998199999332428 0.9972028136253357
0.01050401758402586 0.9982680678367615 0.9998248815536499 0.9984992742538452 0.9980250000953674 0.9982620477676392 0.012941800057888031 0.9984050989151001 0.9994754195213318 0.9982007145881653 0.9986000061035156 0.9984003305435181
0.010134219191968441 0.9983677268028259 0.9998396635055542 0.998724102973938 0.9980000257492065 0.9983619451522827 0.01297028735280037 0.9983054399490356 0.9993836879730225 0.9985991716384888 0.9980000257492065 0.9982994794845581
0.01032494567334652 0.9982306957244873 0.9998273253440857 0.9986737966537476 0.9977750182151794 0.9982242584228516 0.012764587067067623 0.9985047578811646 0.9994833469390869 0.9989989995956421 0.9980000257492065 0.9984992742538452
0.010187706910073757 0.9983677268028259 0.9998637437820435 0.9986741542816162 0.9980499744415283 0.9983619451522827 0.012616828083992004 0.9980064034461975 0.9996854066848755 0.9989979863166809 0.996999979019165 0.9979979991912842
0.01036587543785572 0.9982182383537292 0.9998711943626404 0.9986238479614258 0.9977999925613403 0.9982117414474487 0.01315703522413969 0.9986044764518738 0.999576985836029 0.9987995028495789 0.9983999729156494 0.998599648475647
0.010494925081729889 0.9982431530952454 0.9998480677604675 0.9985491037368774 0.9979249835014343 0.9982370138168335 0.013209055177867413 0.9984050989151001 0.9994829297065735 0.9987990260124207 0.9980000257492065 0.9983993768692017
0.010132008232176304 0.9983303546905518 0.9998273849487305 0.9985992312431335 0.9980499744415283 0.9983245134353638 0.012121538631618023 0.9980064034461975 0.9995694756507874 0.9980000257492065 0.9980000257492065 0.9980000257492065
0.009854038245975971 0.9983303546905518 0.9998802542686462 0.9986740946769714 0.9979749917984009 0.998324453830719 0.013686321675777435 0.998106062412262 0.9993837475776672 0.999398410320282 0.9968000054359436 0.9980974793434143
0.009996682405471802 0.9983054399490356 0.9998642206192017 0.9988986849784851 0.9976999759674072 0.9982988834381104 0.01273930910974741 0.9983054399490356 0.9995766878128052 0.9985991716384888 0.9980000257492065 0.9982994794845581
0.009794678539037704 0.9985421895980835 0.9998647570610046 0.998924195766449 0.9981499910354614 0.9985369443893433 0.014872593805193901 0.997308611869812 0.9993709325790405 0.9962083697319031 0.9983999729156494 0.9973029494285583
0.009529802948236465 0.9985048174858093 0.9998696446418762 0.9988242387771606 0.9981750249862671 0.9984995126724243 0.012610245496034622 0.9979066848754883 0.9993848204612732 0.9976014494895935 0.998199999332428 0.9979006052017212
0.009770582430064678 0.998380184173584 0.9998997449874878 0.9987490773200989 0.9980000257492065 0.9983744025230408 0.01239722315222025 0.9985047578811646 0.9995851516723633 0.9987992644309998 0.998199999332428 0.9984995126724243
0.010133824311196804 0.9981309771537781 0.999888002872467 0.9983991384506226 0.9978500008583069 0.9981244802474976 0.012489772401750088 0.9983054399490356 0.9994825720787048 0.9987987875938416 0.9977999925613403 0.9982991218566895
0.00944389309734106 0.998380184173584 0.9998797178268433 0.998674213886261 0.998075008392334 0.9983745813369751 0.012066710740327835 0.9982057213783264 0.9994853734970093 0.9985988736152649 0.9977999925613403 0.9981992840766907
0.009894280694425106 0.9983552694320679 0.9998739361763 0.9987739324569702 0.9979249835014343 0.9983493089675903 0.014119703322649002 0.9982057213783264 0.9993634819984436 0.997404158115387 0.9990000128746033 0.9982014894485474
0.009467847645282745 0.9984923601150513 0.9998804330825806 0.998749315738678 0.9982249736785889 0.998487114906311 0.01238709781318903 0.9989035129547119 0.9994717836380005 0.9991995096206665 0.9986000061035156 0.9988996982574463
0.009622549638152122 0.9982929825782776 0.9998664855957031 0.9985741972923279 0.9980000257492065 0.9982870817184448 0.012030285783112049 0.9985047578811646 0.999480664730072 0.9985997080802917 0.9983999729156494 0.9984998106956482
0.009314754977822304 0.998430073261261 0.9998798370361328 0.9986993074417114 0.9981499910354614 0.9984245300292969 0.012801139615476131 0.9982057213783264 0.9994876980781555 0.9991983771324158 0.9972000122070312 0.9981982111930847
0.008925638161599636 0.9985671043395996 0.9998840093612671 0.9988493323326111 0.9982749819755554 0.9985620379447937 0.011663613840937614 0.9984050989151001 0.9995888471603394 0.9991987347602844 0.9976000189781189 0.9983987212181091
0.009243009611964226 0.998392641544342 0.9998812675476074 0.9984498023986816 0.998324990272522 0.9983873963356018 0.012506079860031605 0.9983054399490356 0.9994762539863586 0.9987987875938416 0.9977999925613403 0.9982991218566895
0.009931244887411594 0.9982556104660034 0.9998751878738403 0.9987736940383911 0.9977250099182129 0.9982491135597229 0.012277512811124325 0.9985047578811646 0.9993866086006165 0.9985997080802917 0.9983999729156494 0.9984998106956482
0.009150965139269829 0.998641848564148 0.9998316764831543 0.998999297618866 0.9982749819755554 0.9986370205879211 0.011612966656684875 0.9987041354179382 0.9995768070220947 0.9989994168281555 0.9983999729156494 0.9986996650695801
0.009453822858631611 0.9983677268028259 0.9998779296875 0.9987989664077759 0.9979249835014343 0.9983618259429932 0.012296568602323532 0.9984050989151001 0.9993656873703003 0.9980015754699707 0.9987999796867371 0.9984005689620972
0.00859078485518694 0.9986916780471802 0.9998852610588074 0.9989743828773499 0.9983999729156494 0.9986871480941772 0.01184532418847084 0.9987041354179382 0.9994806051254272 0.998799741268158 0.9986000061035156 0.9986998438835144
0.009265725500881672 0.998442530632019 0.9998530745506287 0.9987491965293884 0.9981250166893005 0.9984369874000549 0.01199350692331791 0.9983054399490356 0.9993859529495239 0.998001217842102 0.9986000061035156 0.9983005523681641
0.008960784412920475 0.9985546469688416 0.9998557567596436 0.998924195766449 0.9981750249862671 0.9985495209693909 0.012259605340659618 0.9983054399490356 0.99947589635849 0.9982003569602966 0.9983999729156494 0.9983001351356506
0.009388647973537445 0.998430073261261 0.9998411536216736 0.9987242221832275 0.9981250166893005 0.9984244704246521 0.012137490324676037 0.9983054399490356 0.9994824528694153 0.9989985823631287 0.9976000189781189 0.9982987642288208
0.00915263406932354 0.998380184173584 0.9998800754547119 0.998724102973938 0.9980250000953674 0.9983744025230408 0.012472433969378471 0.9985047578811646 0.9994678497314453 0.9987992644309998 0.998199999332428 0.9984995126724243
0.008618646301329136 0.9985172748565674 0.9999086260795593 0.9988492131233215 0.9981750249862671 0.9985119700431824 0.012277048081159592 0.9983054399490356 0.9994763731956482 0.9982003569602966 0.9983999729156494 0.9983001351356506
0.009187399409711361 0.9982680678367615 0.99991774559021 0.998399555683136 0.9981250166893005 0.9982622265815735 0.013784567825496197 0.9980064034461975 0.9994762539863586 0.9985983371734619 0.9973999857902527 0.9979987740516663
0.009294911287724972 0.9984050989151001 0.9998770952224731 0.9988240003585815 0.9979749917984009 0.9983993172645569 0.011591710150241852 0.9984050989151001 0.9994813799858093 0.9982007145881653 0.9986000061035156 0.9984003305435181
0.008605764247477055 0.9987913966178894 0.9999067783355713 0.9990994334220886 0.9984750151634216 0.9987871050834656 0.011800854466855526 0.998106062412262 0.9994773864746094 0.998598575592041 0.9976000189781189 0.9980989694595337
0.008727465756237507 0.9985546469688416 0.999859631061554 0.998924195766449 0.9981750249862671 0.9985495209693909 0.012629360891878605 0.9983054399490356 0.9994781613349915 0.9991985559463501 0.9973999857902527 0.9982984662055969
0.008174565620720387 0.9987664818763733 0.9998494386672974 0.999024510383606 0.9984999895095825 0.9987621903419495 0.012327885255217552 0.9983054399490356 0.9995816946029663 0.9989985823631287 0.9976000189781189 0.9982987642288208
0.008845732547342777 0.9985546469688416 0.9998810291290283 0.9988742470741272 0.9982249736785889 0.9985495805740356 0.01209358312189579 0.9982057213783264 0.9994860291481018 0.9985988736152649 0.9977999925613403 0.9981992840766907
0.008301382884383202 0.9987166523933411 0.9998840093612671 0.9991492629051208 0.9982749819755554 0.9987119436264038 0.01246095821261406 0.9982057213783264 0.9997526407241821 0.9989984035491943 0.9973999857902527 0.9981985688209534
0.008856203407049179 0.9985048174858093 0.999881386756897 0.9987244009971619 0.9982749819755554 0.9984996318817139 0.012049050070345402 0.9986044764518738 0.9994831085205078 0.9987995028495789 0.9983999729156494 0.998599648475647
0.008313450030982494 0.9985795617103577 0.9998984336853027 0.9990741014480591 0.998075008392334 0.9985743165016174 0.01319954451173544 0.9984050989151001 0.9993674159049988 0.9976038336753845 0.9991999864578247 0.9984012842178345
0.008828199468553066 0.9985546469688416 0.9998576641082764 0.998924195766449 0.9981750249862671 0.9985495209693909 0.011562986299395561 0.9987041354179382 0.9994868636131287 0.9989994168281555 0.9983999729156494 0.9986996650695801
0.008262494578957558 0.9987041354179382 0.9999216794967651 0.9990243911743164 0.9983749985694885 0.9986996650695801 0.010263847187161446 0.9983054399490356 0.9995865821838379 0.9985991716384888 0.9980000257492065 0.9982994794845581
0.008657131344079971 0.9984923601150513 0.9998838305473328 0.9988991022109985 0.998075008392334 0.9984869360923767 0.011724554002285004 0.9983054399490356 0.9995752573013306 0.9987987875938416 0.9977999925613403 0.9982991218566895
0.008416997268795967 0.9987540245056152 0.9999194145202637 0.9991243481636047 0.9983749985694885 0.9987495541572571 0.010833398438990116 0.9985047578811646 0.9994882345199585 0.9989989995956421 0.9980000257492065 0.9984992742538452
0.008230334147810936 0.9986916780471802 0.9998853802680969 0.9990243315696716 0.9983500242233276 0.9986870884895325 0.011797929182648659 0.9980064034461975 0.9995817542076111 0.9991980791091919 0.9968000054359436 0.9979975819587708
0.007991461083292961 0.9987664818763733 0.9998624920845032 0.9990993738174438 0.9984250068664551 0.9987620711326599 0.012487297877669334 0.9979066848754883 0.9993879795074463 0.9974026083946228 0.9983999729156494 0.9979010224342346
0.008176698349416256 0.9987415671348572 0.9998974204063416 0.999074399471283 0.9983999729156494 0.9987370371818542 0.012293425388634205 0.9984050989151001 0.9994798898696899 0.9985994100570679 0.998199999332428 0.9983996152877808
0.008495449088513851 0.9985421895980835 0.9998714327812195 0.9987744092941284 0.9983000159263611 0.9985371828079224 0.01141777541488409 0.9984050989151001 0.9994813203811646 0.9982007145881653 0.9986000061035156 0.9984003305435181
0.008477906696498394 0.9985795617103577 0.9998466372489929 0.9990490674972534 0.9980999827384949 0.9985743165016174 0.011207477189600468 0.9986044764518738 0.9993890523910522 0.9987995028495789 0.9983999729156494 0.998599648475647
0.007915784604847431 0.9987913966178894 0.9999241232872009 0.9990744590759277 0.9984999895095825 0.9987871050834656 0.011804240755736828 0.9986044764518738 0.9994863271713257 0.9986000061035156 0.9986000061035156 0.9986000061035156
0.008325127884745598 0.9986667633056641 0.9998570680618286 0.998999297618866 0.998324990272522 0.9986620545387268 0.011788459494709969 0.9982057213783264 0.9995858073234558 0.9991983771324158 0.9972000122070312 0.9981982111930847
0.00830403994768858 0.9987415671348572 0.999872088432312 0.9991742968559265 0.9983000159263611 0.9987369775772095 0.010653825476765633 0.9985047578811646 0.999488115310669 0.9987992644309998 0.998199999332428 0.9984995126724243
0.008038058876991272 0.9987291097640991 0.9998743534088135 0.9992242455482483 0.9982249736785889 0.9987244009971619 0.011638333089649677 0.9987041354179382 0.9994857907295227 0.9986003041267395 0.9987999796867371 0.9987001419067383
0.007928460836410522 0.9987913966178894 0.9998863339424133 0.9991244077682495 0.998449981212616 0.9987871050834656 0.01168421283364296 0.9982057213783264 0.9994825124740601 0.9980008006095886 0.9983999729156494 0.9982003569602966
0.007813792675733566 0.998928427696228 0.9998870491981506 0.9992994666099548 0.9985499978065491 0.9989246129989624 0.011758669279515743 0.9986044764518738 0.9992881417274475 0.9984006285667419 0.9987999796867371 0.9986002445220947
0.007984715513885021 0.9987913966178894 0.9999091625213623 0.9991743564605713 0.9983999729156494 0.998786985874176 0.011473865248262882 0.9985047578811646 0.9994862079620361 0.9985997080802917 0.9983999729156494 0.9984998106956482
0.008403565734624863 0.9986293911933899 0.9998683929443359 0.9988744258880615 0.9983749985694885 0.9986246824264526 0.011699342168867588 0.9987041354179382 0.9995795488357544 0.9989994168281555 0.9983999729156494 0.9986996650695801
0.007796502206474543 0.9987664818763733 0.9999346733093262 0.9990494251251221 0.9984750151634216 0.9987620711326599 0.011898866854608059 0.9986044764518738 0.9995615482330322 0.9991990327835083 0.9980000257492065 0.9985991716384888
0.007867448963224888 0.9987166523933411 0.9999237060546875 0.9990243911743164 0.9983999729156494 0.9987120628356934 0.011405042372643948 0.9985047578811646 0.9995837807655334 0.9987992644309998 0.998199999332428 0.9984995126724243
0.007611976936459541 0.9987166523933411 0.9999375939369202 0.9990493655204773 0.9983749985694885 0.9987120628356934 0.010327656753361225 0.9986044764518738 0.9994894862174988 0.9989991784095764 0.998199999332428 0.9985994100570679
0.007806657813489437 0.9988287687301636 0.9998979568481445 0.9990745186805725 0.99857497215271 0.9988247156143188 0.01231272891163826 0.9984050989151001 0.9993880391120911 0.9983999729156494 0.9983999729156494 0.9983999729156494
0.007744268048554659 0.9988661408424377 0.999911367893219 0.9991994500160217 0.9985250234603882 0.998862087726593 0.013406438753008842 0.998106062412262 0.9992743134498596 0.998598575592041 0.9976000189781189 0.9980989694595337
0.007914023473858833 0.9987291097640991 0.9998993277549744 0.9989994764328003 0.998449981212616 0.9987246990203857 0.011435415595769882 0.9982057213783264 0.999488890171051 0.9989984035491943 0.9973999857902527 0.9981985688209534
0.007915054447948933 0.9986792206764221 0.9998871684074402 0.9990742802619934 0.9982749819755554 0.9986745119094849 0.011633205227553844 0.9984050989151001 0.9994860291481018 0.9991987347602844 0.9976000189781189 0.9983987212181091
0.007606056984513998 0.9988163113594055 0.9999120831489563 0.9990495443344116 0.99857497215271 0.998812198638916 0.010249542072415352 0.9989035129547119 0.9994876384735107 0.9991995096206665 0.9986000061035156 0.9988996982574463
0.007876485586166382 0.9986792206764221 0.9999085664749146 0.9990742802619934 0.9982749819755554 0.9986745119094849 0.012576288543641567 0.9983054399490356 0.9993752837181091 0.9982003569602966 0.9983999729156494 0.9983001351356506
0.007352244574576616 0.9988910555839539 0.9999008178710938 0.999324381351471 0.998449981212616 0.9988870024681091 0.011813088320195675 0.9984050989151001 0.999488353729248 0.9985994100570679 0.998199999332428 0.9983996152877808
0.007496508304029703 0.9987789392471313 0.9998883008956909 0.9989246726036072 0.9986249804496765 0.9987748265266418 0.011935421265661716 0.9984050989151001 0.9994855523109436 0.9983999729156494 0.9983999729156494 0.9983999729156494
0.0076730698347091675 0.9987789392471313 0.9999232888221741 0.9991493821144104 0.9983999729156494 0.9987745881080627 0.010874709114432335 0.9984050989151001 0.9995891451835632 0.9989988207817078 0.9977999925613403 0.9983990788459778
0.0077052335254848 0.9987789392471313 0.9998999238014221 0.9991493821144104 0.9983999729156494 0.9987745881080627 0.010840502567589283 0.9987041354179382 0.9995795488357544 0.9989994168281555 0.9983999729156494 0.9986996650695801
0.007860308513045311 0.9987041354179382 0.9999114274978638 0.9990992546081543 0.9983000159263611 0.9986994862556458 0.01123720034956932 0.9986044764518738 0.9993896484375 0.9986000061035156 0.9986000061035156 0.9986000061035156
0.007159471046179533 0.9988163113594055 0.9999150633811951 0.9991494417190552 0.9984750151634216 0.9988121390342712 0.011076115071773529 0.9986044764518738 0.9994869232177734 0.9989991784095764 0.998199999332428 0.9985994100570679
0.007549643516540527 0.99891597032547 0.999862551689148 0.9991995692253113 0.9986249804496765 0.9989121556282043 0.011193865910172462 0.9987041354179382 0.9994895458221436 0.9989994168281555 0.9983999729156494 0.9986996650695801
0.007683182135224342 0.9988536834716797 0.9998990297317505 0.9990745782852173 0.9986249804496765 0.9988497495651245 0.011188638396561146 0.9988038539886475 0.9994849562644958 0.9989995956420898 0.9986000061035156 0.998799741268158
0.008056404069066048 0.9986044764518738 0.9999098777770996 0.9988993406295776 0.9983000159263611 0.9985995888710022 0.012262102216482162 0.9983054399490356 0.999441385269165 0.9987987875938416 0.9977999925613403 0.9982991218566895
0.007945474237203598 0.998641848564148 0.9998735189437866 0.998999297618866 0.9982749819755554 0.9986370205879211 0.010040349327027798 0.9983054399490356 0.9995779991149902 0.9985991716384888 0.9980000257492065 0.9982994794845581
0.007256573997437954 0.9988163113594055 0.9998897910118103 0.9989746809005737 0.9986500144004822 0.9988123178482056 0.011957098729908466 0.9984050989151001 0.9995747804641724 0.9987990260124207 0.9980000257492065 0.9983993768692017
0.0077449562959373 0.9988785982131958 0.9999094605445862 0.9991744756698608 0.99857497215271 0.9988746643066406 0.011899925768375397 0.9986044764518738 0.9993895888328552 0.9986000061035156 0.9986000061035156 0.9986000061035156
0.007506663911044598 0.9986792206764221 0.9999141097068787 0.9987497925758362 0.9986000061035156 0.9986749291419983 0.012295703403651714 0.9984050989151001 0.9994865655899048 0.9983999729156494 0.9983999729156494 0.9983999729156494
0.007983695715665817 0.9986916780471802 0.999872624874115 0.9989244937896729 0.998449981212616 0.9986871480941772 0.01274138130247593 0.9984050989151001 0.9994688630104065 0.9982007145881653 0.9986000061035156 0.9984003305435181
0.008191626518964767 0.998654305934906 0.9998714923858643 0.9988994598388672 0.9983999729156494 0.9986496567726135 0.010839366354048252 0.9984050989151001 0.9995878338813782 0.9983999729156494 0.9983999729156494 0.9983999729156494
0.0073671466670930386 0.9989657998085022 0.9999128580093384 0.9993245005607605 0.9986000061035156 0.9989621043205261 0.01175184827297926 0.9982057213783264 0.9994848966598511 0.9987985491752625 0.9976000189781189 0.998198926448822
0.007466820999979973 0.9988412261009216 0.9999127984046936 0.9992244243621826 0.998449981212616 0.9988369941711426 0.01433685515075922 0.9977073073387146 0.9992858171463013 0.9987973570823669 0.9965999722480774 0.9976974725723267
0.007160148583352566 0.9987789392471313 0.9999405741691589 0.9989745616912842 0.99857497215271 0.9987747669219971 0.012608413584530354 0.9984050989151001 0.9993888735771179 0.9989988207817078 0.9977999925613403 0.9983990788459778
0.007453690283000469 0.9987913966178894 0.9998762607574463 0.9991244077682495 0.998449981212616 0.9987871050834656 0.012241978198289871 0.9983054399490356 0.9994825720787048 0.9985991716384888 0.9980000257492065 0.9982994794845581
0.0073898350819945335 0.9988910555839539 0.9999012351036072 0.9992994070053101 0.9984750151634216 0.9988870620727539 0.012225506827235222 0.9979066848754883 0.9996839761734009 0.9993981719017029 0.996399998664856 0.9978968501091003
0.007232909090816975 0.9988661408424377 0.9999011158943176 0.9991994500160217 0.9985250234603882 0.998862087726593 0.012619664892554283 0.9985047578811646 0.9994847774505615 0.9989989995956421 0.9980000257492065 0.9984992742538452
0.007162667345255613 0.9988785982131958 0.999914288520813 0.999099612236023 0.9986500144004822 0.9988747835159302 0.01087687723338604 0.9987041354179382 0.9995791912078857 0.9991992115974426 0.998199999332428 0.9986993670463562
0.007444650400429964 0.9987789392471313 0.9999001622200012 0.9989995360374451 0.9985499978065491 0.9987747073173523 0.014029250480234623 0.9979066848754883 0.9995744228363037 0.9991979002952576 0.9965999722480774 0.9978972673416138
0.006953856907784939 0.9990156888961792 0.9999512434005737 0.9992246627807617 0.9987999796867371 0.999012291431427 0.011277051642537117 0.9986044764518738 0.9993910193443298 0.9984006285667419 0.9987999796867371 0.9986002445220947
0.006831835489720106 0.9989782571792603 0.9999163150787354 0.9993245005607605 0.9986249804496765 0.998974621295929 0.011585316620767117 0.9989035129547119 0.9993830323219299 0.9986008405685425 0.9991999864578247 0.9989003539085388
0.00728152459487319 0.9988287687301636 0.9999256730079651 0.9991244673728943 0.9985250234603882 0.9988247156143188 0.010570809245109558 0.9985047578811646 0.9994862079620361 0.9987992644309998 0.998199999332428 0.9984995126724243
0.0073111578822135925 0.9988536834716797 0.9999009966850281 0.9990496039390564 0.9986500144004822 0.9988498091697693 0.012874423526227474 0.9982057213783264 0.9995707869529724 0.9972056150436401 0.9991999864578247 0.998201847076416
0.00765112554654479 0.9987291097640991 0.9999107122421265 0.9990243911743164 0.9984250068664551 0.998724639415741 0.01259404607117176 0.9982057213783264 0.9995627403259277 0.998199999332428 0.998199999332428 0.998199999332428
0.006966670509427786 0.9990156888961792 0.9999136924743652 0.9992496371269226 0.9987750053405762 0.9990122318267822 0.01397736743092537 0.9974082708358765 0.999366283416748 0.9958133697509766 0.9990000128746033 0.9974040985107422
0.007610913831740618 0.9987664818763733 0.9998984932899475 0.999074399471283 0.998449981212616 0.9987620711326599 0.01163877546787262 0.9986044764518738 0.9993859529495239 0.9982014298439026 0.9990000128746033 0.9986005425453186
0.007677728775888681 0.9986792206764221 0.9999107718467712 0.998949408531189 0.9983999729156494 0.9986746311187744 0.009531588293612003 0.9986044764518738 0.9995858669281006 0.9991990327835083 0.9980000257492065 0.9985991716384888
0.007082084193825722 0.998928427696228 0.9999014139175415 0.9992994666099548 0.9985499978065491 0.9989246129989624 0.011909395456314087 0.9985047578811646 0.9993860125541687 0.9989989995956421 0.9980000257492065 0.9984992742538452
0.00682435417547822 0.9989408850669861 0.9999404549598694 0.9991496205329895 0.9987249970436096 0.9989372491836548 0.010620329529047012 0.9986044764518738 0.9995860457420349 0.9986000061035156 0.9986000061035156 0.9986000061035156
0.007427989039570093 0.9988038539886475 0.9999132752418518 0.9991743564605713 0.9984250068664551 0.9987995624542236 0.011003036051988602 0.9986044764518738 0.9995840191841125 0.9987995028495789 0.9983999729156494 0.998599648475647
0.007157635875046253 0.9989035129547119 0.9998897910118103 0.9991495609283447 0.9986500144004822 0.9988996982574463 0.010993058793246746 0.9986044764518738 0.9995889067649841 0.9989991784095764 0.998199999332428 0.9985994100570679
0.007368266116827726 0.9988163113594055 0.9999252557754517 0.9991744160652161 0.998449981212616 0.9988120198249817 0.010357305407524109 0.9986044764518738 0.9996883273124695 0.9989991784095764 0.998199999332428 0.9985994100570679
0.007363215554505587 0.9987789392471313 0.9999019503593445 0.9990494847297668 0.9984999895095825 0.9987746477127075 0.011008896864950657 0.9986044764518738 0.999677836894989 0.9986000061035156 0.9986000061035156 0.9986000061035156
0.007510770577937365 0.99891597032547 0.9998745322227478 0.999274492263794 0.9985499978065491 0.9989121556282043 0.011723014526069164 0.9982057213783264 0.9996824860572815 0.9978017807006836 0.9986000061035156 0.9982007741928101
0.006991023197770119 0.9991278052330017 0.999877393245697 0.9992997646331787 0.9989500045776367 0.9991248250007629 0.010731606744229794 0.9985047578811646 0.9995881915092468 0.9985997080802917 0.9983999729156494 0.9984998106956482
0.006820948328822851 0.9989782571792603 0.9998905062675476 0.999199628829956 0.9987499713897705 0.9989747405052185 0.010894568637013435 0.9985047578811646 0.9995813369750977 0.9984003305435181 0.9986000061035156 0.9985001683235168
0.00701520312577486 0.9989035129547119 0.9999513030052185 0.9992494583129883 0.9985499978065491 0.9988996386528015 0.01079905778169632 0.9982057213783264 0.9996849298477173 0.9983993768692017 0.9980000257492065 0.9981997013092041
0.007205692119896412 0.9988536834716797 0.9998767375946045 0.9991744756698608 0.9985250234603882 0.998849630355835 0.009684061631560326 0.9987041354179382 0.999592125415802 0.9991992115974426 0.998199999332428 0.9986993670463562
0.007310044020414352 0.9988163113594055 0.9998995661735535 0.9991244673728943 0.9984999895095825 0.9988121390342712 0.012425948865711689 0.9982057213783264 0.999579668045044 0.9985988736152649 0.9977999925613403 0.9981992840766907
0.0070673078298568726 0.9988536834716797 0.9998774528503418 0.9991744756698608 0.9985250234603882 0.998849630355835 0.011281865648925304 0.9983054399490356 0.9993855357170105 0.998001217842102 0.9986000061035156 0.9983005523681641
0.007479169871658087 0.9988785982131958 0.9998733401298523 0.9991994500160217 0.9985499978065491 0.9988746047019958 0.012306016869843006 0.9985047578811646 0.9995822310447693 0.9985997080802917 0.9983999729156494 0.9984998106956482
0.0066463700495660305 0.9991278052330017 0.9998915195465088 0.9993746876716614 0.9988750219345093 0.9991247653961182 0.011241174302995205 0.9984050989151001 0.9994838833808899 0.9982007145881653 0.9986000061035156 0.9984003305435181
0.006574369501322508 0.998928427696228 0.9999419450759888 0.9991995692253113 0.9986500144004822 0.998924732208252 0.011590199545025826 0.9989035129547119 0.9994900226593018 0.9988002181053162 0.9990000128746033 0.9989001154899597
0.007186145521700382 0.9989035129547119 0.9998871684074402 0.9991495609283447 0.9986500144004822 0.9988996982574463 0.010917219333350658 0.9988038539886475 0.9995920062065125 0.9991993308067322 0.9983999729156494 0.9987994432449341
0.00688261678442359 0.9990032315254211 0.9999021887779236 0.9992746114730835 0.9987249970436096 0.9989997148513794 0.011283714324235916 0.9985047578811646 0.9995898008346558 0.999198853969574 0.9977999925613403 0.9984989762306213
0.0072789317928254604 0.9988661408424377 0.9998882412910461 0.9992244243621826 0.9984999895095825 0.998862087726593 0.011088729836046696 0.9983054399490356 0.9995927214622498 0.9985991716384888 0.9980000257492065 0.9982994794845581
0.006963658146560192 0.9988536834716797 0.9999402165412903 0.9990995526313782 0.9986000061035156 0.9988497495651245 0.01096034049987793 0.9983054399490356 0.9995915293693542 0.9991985559463501 0.9973999857902527 0.9982984662055969
0.006827403325587511 0.9990032315254211 0.9999265670776367 0.9992995858192444 0.9987000226974487 0.9989996552467346 0.011207468807697296 0.9989035129547119 0.9994918704032898 0.9989997744560242 0.9987999796867371 0.9988998770713806
0.006470652762800455 0.9991402626037598 0.9999408721923828 0.9994246959686279 0.9988499879837036 0.999137282371521 0.01120397262275219 0.998106062412262 0.9995816946029663 0.9976024031639099 0.9986000061035156 0.9981009364128113
0.006427078042179346 0.9991153478622437 0.999940037727356 0.9993996620178223 0.9988250136375427 0.9991122484207153 0.010343187488615513 0.9988038539886475 0.999592125415802 0.9987999796867371 0.9987999796867371 0.9987999796867371
0.0073798643425107 0.9987166523933411 0.999912440776825 0.9989994168281555 0.9984250068664551 0.9987121224403381 0.010091178119182587 0.9987041354179382 0.9995905160903931 0.998799741268158 0.9986000061035156 0.9986998438835144
0.007344379555433989 0.9987540245056152 0.9998761415481567 0.9989495873451233 0.9985499978065491 0.9987497925758362 0.010992912575602531 0.9985047578811646 0.9995920062065125 0.999398946762085 0.9976000189781189 0.9984986186027527
0.007034645415842533 0.9990281462669373 0.9998767375946045 0.9991997480392456 0.9988499879837036 0.9990248084068298 0.0100985337048769 0.9987041354179382 0.9996902346611023 0.9989994168281555 0.9983999729156494 0.9986996650695801
0.0069822645746171474 0.9989408850669861 0.9999133944511414 0.9991745948791504 0.9987000226974487 0.9989372491836548 0.009413628838956356 0.9987041354179382 0.9995922446250916 0.9993991851806641 0.9980000257492065 0.9986991286277771
0.00687940139323473 0.9989782571792603 0.9999282360076904 0.999199628829956 0.9987499713897705 0.9989747405052185 0.0100979870185256 0.9988038539886475 0.9996861219406128 0.9987999796867371 0.9987999796867371 0.9987999796867371
0.006661404389888048 0.9989782571792603 0.999891996383667 0.9992495775222778 0.9987000226974487 0.9989746809005737 0.010932696983218193 0.9987041354179382 0.9993908405303955 0.998799741268158 0.9986000061035156 0.9986998438835144
0.006875770632177591 0.9989657998085022 0.9999262094497681 0.9991247057914734 0.9987999796867371 0.9989623427391052 0.010330458171665668 0.9985047578811646 0.9996866583824158 0.9989989995956421 0.9980000257492065 0.9984992742538452
0.007126789540052414 0.9989657998085022 0.9998624324798584 0.9992995262145996 0.9986249804496765 0.9989621043205261 0.012575776316225529 0.9986044764518738 0.9993911385536194 0.9984006285667419 0.9987999796867371 0.9986002445220947
0.007031213957816362 0.9989533424377441 0.9998891353607178 0.9992745518684387 0.9986249804496765 0.9989496469497681 0.010369359515607357 0.9988038539886475 0.9995889663696289 0.9987999796867371 0.9987999796867371 0.9987999796867371
0.00682866619899869 0.9989657998085022 0.9999277591705322 0.9992495775222778 0.9986749887466431 0.9989622235298157 0.0120015824213624 0.9983054399490356 0.9994868040084839 0.998001217842102 0.9986000061035156 0.9983005523681641
0.007061693351715803 0.9988785982131958 0.999852180480957 0.9991245865821838 0.9986249804496765 0.9988747239112854 0.010116810910403728 0.9988038539886475 0.9995826482772827 0.9989995956420898 0.9986000061035156 0.998799741268158
0.007226675283163786 0.9988163113594055 0.9999001026153564 0.9989995956420898 0.9986249804496765 0.998812198638916 0.010417232289910316 0.9988038539886475 0.9995683431625366 0.9989995956420898 0.9986000061035156 0.998799741268158
0.007178798783570528 0.9988038539886475 0.9998770356178284 0.9991493821144104 0.998449981212616 0.9987995624542236 0.01161197666078806 0.9984050989151001 0.999580442905426 0.9978026151657104 0.9990000128746033 0.9984009861946106
0.006471977569162846 0.9991028904914856 0.9999303221702576 0.9993996620178223 0.9987999796867371 0.9990996718406677 0.010946689173579216 0.9990031719207764 0.9996718764305115 0.9997996687889099 0.998199999332428 0.9989991784095764
0.006517766509205103 0.9990156888961792 0.999942421913147 0.9992746114730835 0.9987499713897705 0.9990122318267822 0.010975784622132778 0.9982057213783264 0.9995895028114319 0.9991983771324158 0.9972000122070312 0.9981982111930847
0.0070890868082642555 0.9989035129547119 0.9999139308929443 0.9991745352745056 0.9986249804496765 0.9988996982574463 0.012275062501430511 0.9983054399490356 0.9995740652084351 0.9974046945571899 0.9991999864578247 0.9983015656471252
0.006583480630069971 0.9990156888961792 0.9999152421951294 0.9992995858192444 0.9987249970436096 0.9990122318267822 0.012413891032338142 0.9980064034461975 0.9993738532066345 0.9974031448364258 0.9986000061035156 0.998001217842102
0.006664544343948364 0.9990655183792114 0.9998902082443237 0.9992996454238892 0.9988250136375427 0.9990622997283936 0.01145583763718605 0.9988038539886475 0.9995895028114319 0.9987999796867371 0.9987999796867371 0.9987999796867371
0.006654520519077778 0.9988785982131958 0.9999281764030457 0.9992744326591492 0.9984750151634216 0.9988746047019958 0.013549795374274254 0.9987041354179382 0.999289870262146 0.998799741268158 0.9986000061035156 0.9986998438835144
0.006767587270587683 0.9988785982131958 0.9999032616615295 0.9990746378898621 0.9986749887466431 0.998874843120575 0.010489702224731445 0.9989035129547119 0.9995892643928528 0.9988002181053162 0.9990000128746033 0.9989001154899597
0.006767543964087963 0.9990779757499695 0.9999381303787231 0.9993746280670166 0.9987750053405762 0.9990747570991516 0.01023460179567337 0.9989035129547119 0.999689519405365 0.9989997744560242 0.9987999796867371 0.9988998770713806
0.007148510776460171 0.9987166523933411 0.9999135732650757 0.9990743398666382 0.9983500242233276 0.9987120628356934 0.01400412805378437 0.9979066848754883 0.9993574619293213 0.9964107871055603 0.9994000196456909 0.9979031682014465
0.006779053248465061 0.9988910555839539 0.9999401569366455 0.9990746378898621 0.9987000226974487 0.998887300491333 0.013194117695093155 0.9983054399490356 0.9994838237762451 0.9972061514854431 0.9994000196456909 0.9983019232749939
0.0071603599935770035 0.9988785982131958 0.9998621940612793 0.9991245865821838 0.9986249804496765 0.9988747239112854 0.013280356302857399 0.9979066848754883 0.9993839263916016 0.9970054030418396 0.9987999796867371 0.9979018568992615
0.006413882598280907 0.9990406036376953 0.9999294281005859 0.9992996454238892 0.9987750053405762 0.9990372061729431 0.011176708154380322 0.9986044764518738 0.9995874762535095 0.9986000061035156 0.9986000061035156 0.9986000061035156
